nan,nan,nan,nan,nan,nan,nan,nan,nan,nan,nan,nan,nan,nan,nan,nan,nan,nan,nan,nan,nan,nan,nan,nan,nan,nan,nan,nan,nan,nan,nan,nan,nan,nan,nan,nan,nan,nan,nan,nan,nan,nan,nan,nan,nan,nan,nan,nan,nan,nan,nan,nan,nan,nan,nan,nan,nan,nan,nan,nan,nan,nan,nan,nan,nan,nan,nan,nan,nan,nan,nan,nan,nan,nan,nan,nan,nan,nan,nan,nan,nan,nan,nan,nan,nan,nan,nan,nan,nan,nan,nan,nan,nan,nan,nan,nan,nan,nan,nan,nan,nan,nan,nan,nan,nan,nan,nan,nan,nan,nan,nan,nan,nan,nan,nan,nan,nan,nan,nan,nan,nan,nan,nan,nan,nan,nan,nan,nan,nan,nan,nan,nan,nan,nan,nan,nan,nan,nan,nan,nan,nan,nan,nan,nan,nan,nan,nan,nan,nan,nan,nan,nan,nan,nan,nan,nan,nan,nan,nan,nan,nan,nan,nan,nan,nan,nan,nan,nan,nan,nan,nan,nan,nan,nan,nan,nan,nan,nan,nan,nan,nan,nan,nan,nan,nan,nan,nan,nan,nan,nan,nan,nan,nan,nan,nan,nan,nan,nan,nan,nan,nan,nan,nan,nan,nan,nan,nan,nan,nan,nan,nan,nan,nan,nan,nan,nan,nan,nan,nan,nan,nan,nan,nan,nan,nan,nan,nan,nan,nan,nan,nan,nan,nan,nan,nan,nan,nan,nan,nan,nan,nan,nan,nan,nan,nan,nan,nan,nan,nan,nan,nan,nan,nan,nan,nan,nan,nan,nan,nan,nan,nan,nan,nan,nan,nan,nan,nan,nan,nan,nan,nan,nan,nan,nan,nan,nan,nan,nan,nan,nan,nan,nan,nan,nan,nan,nan,nan,nan,nan,nan,nan,nan,nan,nan,nan,nan,nan,nan,nan,nan,nan,nan,nan,nan,nan,nan,nan,nan,nan,nan,nan,nan,nan,nan,nan,nan,nan,nan,nan,nan,nan,nan,nan,nan,nan,nan,nan,nan,nan,nan,nan,nan,nan,nan,nan,nan,nan,nan,nan,nan,nan,nan,nan,nan,nan,nan,nan,nan,nan,nan,nan,nan,nan,nan,nan,nan,nan,nan,nan,nan,nan,nan,nan,nan,nan,nan,nan,nan,nan,nan,nan,nan,nan,nan,nan,nan,nan,nan,nan,nan,nan,nan,nan,nan,nan,nan,nan,nan,nan,nan,nan,nan,nan,nan,nan,nan,nan,nan,nan,nan,nan,nan,nan,nan,nan,nan,nan,nan,nan,nan,nan,nan,nan,nan,nan,nan,nan,nan,nan,nan,nan,nan,nan,nan,nan,nan,nan,nan,nan,nan,nan,nan,nan,nan,nan,nan,nan,nan,nan,nan,nan,nan,nan,nan,nan,nan,nan,nan,nan,nan,nan,nan,nan,nan,nan,nan,nan,nan,nan,nan,nan,nan,nan,nan,nan,nan,nan,nan,nan,nan,nan,nan,nan,nan,nan,nan,nan,nan,nan,nan,nan,nan,nan,nan,nan,nan,nan,nan,nan,nan,nan,nan,nan,nan,nan,nan,nan,nan,nan,nan,nan,nan,nan,nan,nan,nan,nan,nan,nan,nan,nan,nan,nan,nan,nan,nan,nan,nan,nan,nan,nan,nan,nan,nan,nan,nan,nan,nan,nan,nan,nan,nan,nan,nan,nan,nan,nan,nan,nan,nan,nan,nan,nan,nan,nan,nan,nan,nan,nan,nan,nan,nan,nan,nan,nan,nan,nan,nan,nan,nan,nan,nan,nan,nan,nan,nan,nan,nan,nan,nan,nan,nan,nan,nan,nan,nan,nan,nan,nan,nan,nan,nan,nan,nan,nan,nan,nan,nan,nan,nan,nan,nan,nan,nan,nan,nan,nan,nan,nan,nan,nan,nan,nan,nan,nan,nan,nan,nan,nan,nan,nan,nan,nan,nan,nan,nan,nan,nan,nan,nan,nan,nan,nan,nan,nan,nan,nan,nan,nan,nan,nan,nan,nan,nan,nan,nan,nan,nan,nan,nan,nan,nan,nan,nan,nan,nan,nan,nan,nan,nan,nan,nan,nan,nan,nan,nan,nan,nan,nan,nan,nan,nan,nan,nan,nan,nan,nan,nan,nan,nan,nan,nan,nan,nan,nan,nan,nan,nan,nan,nan,nan,nan,nan,nan,nan,nan,nan,nan,nan,nan,nan,nan,nan,nan,nan,nan,nan,nan,nan,nan,nan,nan,nan,nan,nan,nan,nan,nan,nan,nan,nan,nan,nan,nan,nan,nan,nan,nan,nan,nan,nan,nan,nan,nan,nan,nan,nan,nan,nan,nan,nan,nan,nan,nan,nan,nan,nan,nan,nan,nan,nan,nan,nan,nan,nan,nan,nan,nan,nan,nan,nan,nan,nan,nan,nan,nan,nan,nan,nan,nan,nan,nan,nan,nan,nan,nan,nan,nan,nan,nan,nan,nan,nan,nan,nan,nan,nan,nan,nan,nan,nan,nan,nan,nan,nan,nan,nan,nan,nan,nan,nan,nan,nan,nan,nan,nan,nan,nan,nan,nan,nan,nan,nan,nan,nan,nan,nan,nan,nan,nan,nan,nan,nan,nan,nan,nan,nan,nan,nan,nan,nan,nan,nan,nan,nan,nan,nan,nan,nan,nan,nan,nan,nan,nan,nan,nan,nan,nan,nan,nan,nan,nan,nan,nan,nan,nan,nan,nan,nan,nan,nan,nan,nan,nan,nan,nan,nan,nan,nan,nan,nan,nan,nan,nan,nan,nan,nan,nan,nan,nan,nan,nan,nan,nan,nan,nan,nan,nan,nan,nan,nan,nan,nan,nan,nan,nan,nan,nan,nan,nan,nan,nan,nan,nan,nan,nan,nan,nan,nan,nan,nan,nan,nan,nan,nan,nan,nan,nan,nan,nan,nan,nan,nan,nan,nan,nan,nan,nan,nan,nan,nan,nan,nan,nan,nan,nan,nan,nan,nan,nan,nan,nan,nan,nan,nan,nan,nan,nan,nan,nan,nan,nan,nan,nan,nan,nan,nan,nan,nan,nan,nan,nan,nan,nan,nan,nan,nan,nan,nan,nan,nan,nan,nan,nan,nan,nan,nan,nan,nan,nan,nan,nan,nan,nan,nan,nan,nan,nan,nan,nan,nan,nan,nan,nan,nan,nan,nan,nan,nan,nan,nan,nan,nan,nan,nan,nan,nan,nan,nan,nan
1.776483321614245625e+01,1.885868868026853207e+01,3.835328492502749498e+01,1.323849518236611544e+01,2.084753524359415167e+01,5.848610573713746597e+00,2.341180420197164125e+01,6.079765334394829246e+00,4.585916510260969470e-01,3.219308492714471726e+01,3.694232430111567211e+00,1.694974474381594121e+01,1.080654967230174890e+01,1.788170966622089253e+01,7.387622156776217253e+00,8.882029431811156783e+00,4.516875343770403006e+00,4.873178889052653062e+00,2.871292988574560834e+00,2.220796865456749458e+01,1.155303370269771079e+01,2.304102146069402224e+00,1.728280709586427655e+00,5.542873787130391250e+00,4.325347012443691241e+00,1.979501555828461434e+01,8.230937858835723375e+00,2.447858876568683684e+01,1.477501361414146075e+01,3.063770410210669937e+01,5.127932395664806187e+00,5.125768728987937450e+00,3.271182675120923644e+00,2.394085444815160457e+01,1.481132202852639068e+01,2.539809866320509357e+01,3.044727946476832514e+01,1.385600668501111343e+01,2.564687992681574258e+01,2.317484608151689685e+01,2.091113586973520100e+01,3.010873454343055045e+01,9.503706532587848699e+00,1.543594103969384967e+01,2.957876017295847859e+01,1.737465628986494037e+00,1.545757961402707892e+01,1.557913226981773747e+01,2.202554548907048115e+01,6.197297347410460233e+00,4.183728509498325643e+00,1.887711373218238364e+01,2.357048554669860607e+01,2.113220562828650628e+01,1.197222084735994052e+01,1.131459018752957846e+01,6.974555117379463987e+00,2.365854305420941017e+01,8.407577935933403523e+00,1.673218426469355080e+01,1.247347462072513835e+01,4.431520246727076007e+00,2.911509336134678705e+01,1.474342880008891932e+01,6.525064622860137220e+00,1.604996123457265966e+01,3.000948551251600094e+00,1.268732833091880252e+01,5.818541497539475582e-01,2.831059467796134399e+01,1.807251506764601601e+01,3.056945044080852014e+01,1.316430820539561886e+01,1.220638009175705818e+01,4.454525870924985753e+00,1.924673958436660115e+00,4.620512467757977859e+00,9.568700047490406035e+00,6.488962007887940864e+00,1.319146037247772796e+01,1.528442227724973890e+01,1.788186829835165526e+00,2.277655249684455896e+01,6.879020767575396711e+00,1.873996766070400000e+01,5.265334102371570957e+00,1.247599278077166751e+01,3.500258843181028112e+01,1.368095355652817879e+01,2.040684230524360387e+01,4.687180896890493109e+00,1.889232675029861497e+01,1.948148342516532949e+01,6.378734412157564648e+00,1.788114407570893150e+01,3.553499381460854778e+01,2.357936712668425727e+01,1.101668071179872044e+01,2.186562026940878312e+01,2.447559083477560193e+01,2.920414884796346655e+01,7.833889402841639260e+00,1.742209110878139100e+01,2.919658764570333531e+01,2.304824775908360834e+01,3.105971788061054895e+00,2.478532041725995327e+01,3.064015872250718786e+01,2.743079464223899677e+01,9.481207671615312194e+00,9.900339645463015259e+00,3.101794687515637250e+01,2.826810144584797513e+00,2.132541942208162666e+01,2.689059765854428719e+01,2.535429345455204242e+01,7.563011154479953646e+00,1.350680107174907363e+01,1.207851757185392216e+01,1.926297550246124146e+01,2.614084708643110133e+01,2.898339955028554904e+00,1.222718607174586225e+01,3.030727278849469020e+00,4.802728690953879997e+00,2.843109507846365291e-01,1.032138116904668834e+01,4.470756564661288124e+00,4.151436988987253329e+00,1.068346211102769416e+01,1.119530530626125042e+01,2.182321293248419636e+01,1.376520021864908294e+01,1.499988683175713788e+01,2.448359385282511269e+01,1.999504310978653887e+00,1.037622524387404965e+01,1.732683409923662321e+00,1.040510143780480590e+01,2.423101043829966272e+01,1.453249820913850687e+00,2.898009510491248975e+01,6.415340222772196732e+00,2.384717439036018405e+01,2.009367571410886288e+00,2.934397892274594355e+01,2.588513243540288666e+00,2.793543874437790819e+01,1.608478127457567908e+01,1.199566343223948905e+01,2.845663207463920230e+01,3.189709198388021605e+01,1.491719278494516487e+01,2.889960686839396686e+01,1.299977612516479653e+01,4.575805518229888236e+00,1.765976509393380356e+00,2.183310858809311839e+01,7.335511014650026418e+00,3.047504999523157920e+01,1.606591396777047365e+01,1.781103353312344950e+01,1.135244632672065812e+01,2.306313890592076632e+01,2.390109909595330251e+01,1.400484333323316299e+01,1.133696765767229309e+01,1.497838185617152185e+01,1.322654402746798752e+01,1.390948395109788649e+01,2.652860444742725576e+01,1.681469496317363621e+01,8.353435397461447920e+00,1.076068752027965303e+01,2.175518647710966746e+01,1.789065023551675537e+01,1.248255112237703734e+01,1.679159481013883592e+01,1.969345123394131480e+00,5.442995795805597448e-01,2.954938954018122743e+01,1.962810564956923898e+01,1.798069417537797676e+01,1.264180702822436153e+01,3.224228105099970154e+00,6.549506332880758563e+00,2.616665944177987768e+01,1.248946681329339370e+01,6.986430134111517809e+00,5.012472403926800268e+00,1.904065455841929122e+01,2.844335172373185827e+01,2.342287618033932262e+00,1.267743644466349728e+01,2.310579079350268117e+01,6.719828880822602102e+00,1.921965564222142220e+01,1.384718918617504713e+01,1.909123118555786647e+01,1.578016836998699901e+01,4.665434622960457034e+01,6.667519150240085679e+00,3.094352811888107624e+01,2.129193344300352919e+01,1.170465401094555347e+01,3.330385373135965210e+01,1.542718223270595246e+01,2.364564580178457476e+01,2.091095647238948985e+01,2.018175700710242282e+01,1.174246401393517480e+01,1.430457301425318839e+01,1.838288462297701376e+00,5.185112268654464174e+00,9.701636503951700519e+00,2.939039860724476583e+01,2.762269139171819532e+01,7.374157339432070302e-01,2.431643310518766299e+01,2.887044296660957698e+01,1.268635418749847155e+01,2.875448194093821286e+01,1.868012450793287016e+01,1.278996344191936352e+01,1.780500960500869567e+01,3.020218201792274737e+00,5.244499632204628448e+00,2.279657219437589788e+01,1.664871297922544002e+01,2.513434811902422439e+01,1.666052651171622756e+01,3.913322346794908757e+00,1.559177601931324020e+01,9.859099945982514601e-01,1.891689651560139751e+01,1.744680739596499208e+01,2.257282356948013557e+01,2.111340778436971988e+01,2.367943058698626402e+01,7.682574958488661565e+00,2.412055525517500243e+01,2.444374789598054676e+01,2.179074862174522309e+01,2.459678583206185465e+01,2.837930372521932654e+01,2.704932795800209533e+01,1.141854383661071282e+01,1.373598929174393568e+01,1.281403944534415018e+01,2.335119304955232167e+01,3.965900263133141923e+00,9.043180984340940753e+00,8.613961746831000355e+00,5.382935974860808770e+00,3.701178300095995155e+01,1.775811847463934967e+01,2.341351345326123834e+01,2.735159052453448592e+00,1.777618240643046121e+01,2.521684191448724466e+00,1.787691638132104544e+01,2.201748313176373273e+01,3.145308977447983878e+01,1.100736868803111079e+01,1.438430961016212528e+01,5.288355179619815161e+00,3.201773486352241793e+00,3.560335474164532599e+01,2.778654603497812303e+01,1.576973498760423453e+01,3.018730320422943691e+01,2.716340791366791763e+01,8.184951078816380843e+00,1.510173675594195508e+01,2.543661928386669757e+01,1.034536149425086293e+01,1.777135227261475237e+01,2.811698711856497823e+01,9.397790637209713083e+00,2.497123083060897386e+01,7.637940855655016570e+00,2.294424110570236763e+01,3.959095187669678495e+01,2.169881836937825881e+01,7.494884289144388312e+00,2.003657121749849068e+01,1.045155276367929886e+01,1.467439689945167025e+01,7.886077101960640157e+00,2.018601466871803396e+01,1.500254400459157011e+01,1.846458118790907044e+00,1.911176743639586562e+01,1.289584866805744845e+01,1.071736821784580407e+00,3.593552996263452037e+00,9.396010142351642003e+00,2.316045793829095700e+01,1.548086070909594802e+01,2.310490805313463269e+01,1.363946721568423115e+01,3.224037364084635726e+01,3.315026921867629373e+00,7.205743928710727886e+00,2.723759076288748560e+01,6.106640306660747974e+00,1.053977694268756693e+01,1.885288831754538208e+01,5.240232399380198025e-01,2.409727921839350984e+01,6.968744811062252964e+00,2.949609152351202024e+00,9.989814926047330346e+00,3.371705979237691775e+00,2.936340435473876198e+01,2.671987100644672708e+01,2.024119534229583195e+01,1.040195506918186119e+01,1.973258060656396395e+01,6.818107999454937840e+00,1.837866602713488362e+01,6.758513423137323173e+00,7.427335822717915370e+00,3.956006149872897026e+01,1.070183167881691944e+01,6.198809768630965777e+00,5.251467315294247484e+00,2.095807586707989856e+01,6.826058174045957827e+00,2.359349461796590930e+01,7.875075788644399388e+00,4.706621988761026110e+00,1.853523490108272398e+01,1.999020176197064202e+01,4.098908664746296004e+00,5.719454659341189462e+00,1.070364385262168128e+01,1.370598592354954803e+01,7.231786997485820656e+00,1.810447805754670014e+01,6.807463593435864047e-01,1.663986651551114804e+01,1.001064736545237821e+01,2.252734206032985398e+01,8.866298100078644495e+00,2.753583461339530913e+00,6.219613580503244421e+00,1.649191892861666631e+01,3.181082944717182670e+00,8.889082686915518394e+00,2.496636902563255944e+01,2.042203330701960340e+01,1.521536170778520614e+01,1.329772778946047751e+01,2.428452957710630500e+01,2.910032894734067099e+01,2.899608306820866943e+01,7.357553438875982899e+00,1.818755358951621659e+01,8.728615783870369071e+00,1.206711053922334465e+01,9.053919853043886690e+00,4.500976231562156649e+00,1.074667668714069357e+01,1.616819802375322368e+01,1.556608955767021740e+01,2.441677297589336959e+01,1.840170675588126770e+01,1.826172656486156143e+01,1.298100686705415008e+01,2.904643390559101590e+01,2.121796427770240001e+01,3.974451442570524407e+00,1.109271307759648018e+01,6.366943984737317486e+00,5.589939309896240216e-01,1.646814815323369707e+00,1.829068771929161485e+01,2.413464908162331923e+01,2.307107076422181180e+01,1.917185589634496523e+01,2.280483791914206293e+01,8.200956287919444421e+00,2.869226301747421459e+01,1.124274330620872675e+01,1.483680132702185350e+00,1.560265013802820633e+01,1.863475497558587790e+01,3.097175484638013643e+01,2.151418249156801110e+01,6.899224214366350694e+00,3.808508129704839540e+00,9.201099937965695474e+00,1.600388145851807664e+01,1.091023238456297051e+01,2.066400510885294040e+01,2.021288680513137592e+01,2.921590495499028250e+01,2.312061121138325603e+01,1.505844667550267602e+01,2.825481454969125394e+01,3.406073317971146874e+00,1.290389581312445877e+01,4.172385288962406946e+01,8.739793283055215412e+00,5.431971828407633929e+00,4.089593071230541277e+00,8.562576127320928876e+00,7.513317556694799393e+00,9.833652417020044112e+00,1.535434945341397750e+01,6.612149041914439529e+00,1.561002745531623148e+01,1.252026712129435637e+01,3.443552227169352165e+01,2.517742287393776479e+01,1.884305917815392917e+01,1.012189684131085521e+01,1.578485734326302747e+01,1.513810792602136601e+01,1.043824247253189696e+01,1.557708285415533744e+01,1.386214059641658025e+01,9.581867392820081264e+00,1.732598251194309569e+01,6.794395216053270570e-01,1.233712868409799768e+01,3.335341798886049958e+01,7.630991133338408616e+00,1.450683604512118308e+01,2.832213882393631010e+01,2.865960868104617276e+01,2.023294461093834684e+01,2.424472725119715122e+01,1.027037754997425623e+01,8.151109706293643953e+00,2.354678432423665413e+01,1.930426219897486817e+01,1.550985478539238471e+01,2.439423839989515130e+01,1.578371428850762825e+01,1.763210887668528670e+01,1.532520002876943366e+01,2.489744082089761168e+00,2.432168800176059875e+01,9.581143490792587869e+00,2.365413759298498775e+01,1.314189776132903376e+01,2.930886984152436980e+01,4.856382779265855376e+00,1.224934496148406815e+01,2.990409716260012951e-01,5.543491959403935354e+00,1.808380318854937840e+01,1.024638933488133574e+01,3.522386097256144932e-01,2.039277820654525897e+01,2.073073017889162983e+01,5.757792658244182959e-01,9.024132276989538681e+00,1.935134162339971198e+01,2.105631830604457733e+01,3.700634457019395285e+01,2.160101990661689730e-01,1.121563932659430662e+01,6.301866458277197047e+00,3.813704133061278867e+00,3.015853167479342289e+01,1.281357996183989378e+01,1.503807264687178069e+00,1.403664531783681824e+01,1.340578755997459126e+01,2.369464292268381200e+01,9.688273826773659891e+00,1.937543395563805282e+00,2.333883758604896386e+01,3.650513305630973093e+01,3.689984871525254118e+00,1.325422232235850828e+01,2.471535731011556081e+01,1.712234838744163312e+01,9.837850735596216367e+00,3.634007966115177624e+00,1.078095781883213888e+01,4.980510816386977346e+00,1.978853803425113078e+00,1.921531433757671081e+01,1.946815782230623171e+01,4.852340090784213800e+00,1.774324259749465327e+01,7.968784756914032208e+00,3.097123486967698014e+00,1.145633973119460158e+01,1.523098831071599157e+01,1.492792570769899818e+01,5.352934055141998826e+00,7.561509602320469980e+00,2.398256802404370802e+01,1.565400296562002680e+01,8.899806327910550152e+00,1.660697793999646876e+01,8.334747010211181362e+00,1.179916645872313907e+01,2.265406825276713221e+01,2.264385028677896727e+01,1.990995834843647216e+01,2.772787054263095641e+01,1.167022731308993144e+01,1.659350404475076957e+01,7.482300608891923943e+00,1.587864854239135504e+01,1.291669474735189782e-01,5.027964601134838674e+00,7.423057950310674613e+00,2.849121438734870182e+01,9.393173661326121859e+00,1.572200390020237748e+01,5.889543154718562823e-01,1.018043776115244370e+01,9.412727643840026914e+00,5.041091811848128046e+00,1.827253743224132521e+01,1.633768248517547761e+01,3.537605810159052844e+00,2.063814233859561398e+01,1.531756447518259012e+00,2.091649756066657062e+01,2.416046159085322387e+01,2.197427559009535969e+01,2.736925041005670423e+01,1.217726993233531196e+01,1.501933952162597397e+00,2.637230194578242148e+01,1.941576405241473324e+01,1.755341452032921623e+01,2.352545138497418975e+01,4.792290592598691945e-01,1.893690661562389721e+01,1.936692456603126899e+01,8.180126013711664257e+00,1.737231943624009789e+00,7.147302008859664824e+00,1.229746046906882562e+01,4.291096000150207423e+00,4.778875129507986763e+00,2.615579601519094410e+01,1.413534735653471941e+01,7.251006947792873802e+00,1.817756204112789931e+01,2.436517158375295367e+00,1.575966092745262870e+01,1.054644127762071548e+01,6.719380242910286682e+00,9.621421617247570168e+00,1.708100080020156453e+00,1.728270771099399639e+01,2.044572160625683921e+01,1.937282763058740898e+01,2.466313399944446516e+01,4.317771679124410511e+00,2.045214998129424089e+01,7.514885550796171820e+00,6.839516629026674011e+00,2.139444468963731794e+01,2.698981240425128902e+01,1.921602096629180778e+01,1.602132689636633955e+01,2.989384245679552521e+01,2.382889845893328129e+01,2.277952580087468348e+01,2.575043977720921617e+01,3.223883384822244125e+00,1.333927310656633836e+01,1.485758755958972444e+01,1.992412763096387707e+01,3.291356687961729310e+00,4.226235908138011865e+01,9.389005434089966684e+00,1.766196825777069535e+01,1.613159855381102759e+01,9.896676825270633859e-01,1.056950123786727502e+01,2.067022525711549008e+01,1.659835006332355922e+00,1.459756602565018468e+01,2.798977835041364415e+01,2.678070865848749094e+01,2.320665992453378124e+00,9.373943463283680444e+00,1.898056185089591708e+01,3.136938199606113287e+01,2.861614002622024699e+01,9.671636913779709133e+00,1.736608714821193189e+01,1.296129584876187479e+01,1.103952732046176521e+01,3.071706021036404266e+01,5.192586379705489419e-01,7.553743501328956889e+00,1.091706091342770968e+01,1.389781858079418342e+01,7.380482460867958672e+00,2.307548092383957083e+01,1.299905361418647587e+01,1.508657988456510246e+01,7.641701475498686946e+00,1.159526362067751748e+01,2.428873835204923992e+01,9.536534087870993659e+00,1.818855877684525613e+00,1.617994541594751823e+01,9.600966575238338407e+00,3.204361272904560298e+00,1.484097756286688607e+01,1.600398567763530266e+01,7.968645551856394782e+00,1.663273855352291264e+01,4.570348795718708779e+00,7.011563507087373637e+00,1.480946453599387169e+01,3.321361268292424285e+01,2.214374962373716826e+01,5.210883918156270944e+00,1.106782575837073956e+01,1.376783027127549275e+01,1.750179906775868233e+01,1.398858580032820775e+01,2.872774935467846191e+01,1.625360099931703317e+01,1.604956165533308621e+01,3.785905547978903218e+00,1.220657494073899585e+01,3.839363752117311890e+01,1.436014400560997650e+01,1.872973699240318979e+01,1.684970989399660724e+01,6.058887313315155509e+00,2.510837675673515346e+00,5.918342627615722940e+00,1.656663712694506074e+01,1.897307790263530691e+01,2.253636551477377026e+01,1.404449375858924931e+01,2.142707769762214554e+01,1.233879383239108840e+01,2.657375121239918769e+01,2.636564552005322071e+01,3.120011253771736159e-01,2.180605854072333472e+01,1.823712398069486795e+01,1.299316767329355216e+01,2.391829725274839902e+01,2.479530766184051060e+01,1.963537261063367723e+01,2.430210489504293392e+01,9.565222006158503376e+00,1.326636119872083164e+01,1.653740345579307558e+01,2.451834910542371659e+01,3.167137316672204861e+01,3.224948211179947322e+01,1.068649713522331268e+01,1.729741972500400138e+01,9.745474686769330930e+00,6.114042329990673430e+00,1.566960074467018060e+01,1.445318890926994015e+01,1.091105884372064949e+01,1.663295938004517538e+01,4.854620794148538643e+00,2.028992557294170140e+01,6.318649357807812450e+00,1.041699320025298370e+01,1.326557948571500134e+01,1.518497703335307669e+01,2.752919583095174616e+01,2.671697087187388320e+01,3.693132507985234181e+00,2.438043221843948061e+01,1.089681105400905992e+01,1.030671545114749854e+01,3.077167269259015292e+00,1.949432187458508992e+01,6.419597690077542218e+00,4.003162025874111407e+00,5.169632194471662778e+00,1.877806652718727420e+01,2.057536755031595987e+01,1.607369648067181700e+01,1.027824447852330358e+01,1.999482054090647409e+01,7.963376063040200847e+00,2.360265315861879287e+01,2.021952149204105353e+01,1.488710884227358555e+01,1.019666813036467801e+01,2.124076003325957629e+01,1.295321816863627973e+01,1.334767255081526383e+00,9.226984702242075898e+00,9.264960878532228605e+00,1.091666477933095081e+01,2.605606135207738561e+01,1.434414835984389569e+01,1.215183860507945468e+01,1.573311151813131303e+01,1.587821249011336100e+01,2.909892580303215404e+00,2.394259709954015136e+01,4.373059035696887697e+00,1.940749326493055804e+01,1.185515901645361936e+01,1.381519967749985511e+01,2.218548624117347856e+01,1.785816462662960546e+01,1.431781973480913184e+00,1.933565303150820824e+01,3.052333740633159209e+01,1.332468359758863841e+01,5.098931860495792279e+00,3.440198006058651004e+01,4.020687591421323148e+00,5.037978574722911773e+00,1.417762775586719926e+01,1.259766746402040738e+01,2.765595484625803735e+00,1.152347351671091813e+00,2.599607130317535209e+01,2.197669889692218348e+01,1.348529078644531332e+01,1.251052274979562995e+01,2.502974041337608213e+01,3.512401367131188579e+01,2.013069380066011504e+01,9.137365265344811860e+00,2.325733185023894478e+00,2.234293327817004737e+01,3.481814740099193273e+01,2.236741141528776211e+01,7.749173836617508471e+00,2.422462649092882003e+01,1.101335538025380600e+01,1.369440319557963903e+01,7.091800776875113677e+00,2.139263337277013477e+01,1.399639327079781914e+01,3.001937891848226769e+01,2.148329922116308666e+01,1.887372559906896541e+01,1.119012171209756801e+01,1.139441349330492415e+01,4.563011746406167468e+00,5.675046790751413717e+00,1.933240990053019104e+01,9.343218640773466310e-01,3.792873450874267860e+00,7.337127842672285460e+00,1.194466068952767479e+01,1.731599825239290569e-01,1.363784952553635677e+01,1.852023564777220699e+01,1.492639154177628269e+00,1.113623924607793825e+01,3.629716761563644667e+01,1.854767432659205895e+01,1.470713409759267698e+01,1.518933984026626938e+01,7.629285717176410131e+00,2.439708253549179773e+01,3.267978567054893091e+01,1.879302061036758076e+01,5.352227800880958064e+00,1.451030561867250768e+01,9.093745277061239918e+00,1.569380519345795477e+00,2.911067266977419266e+01,1.146569836089185124e+01,1.316372905561068229e+01,2.242020782616417662e+01,2.602579357654202852e+01,1.165851585991077144e+01,2.268943838582397632e+01,9.176278949243817706e+00,8.280765310944888213e+00,1.538198036264065038e+01,3.054619692917053334e-02,2.063956901862817972e+01,6.373312302739940094e+00,6.754922323428550257e+00,1.425362210685766762e+01,2.966466072537243903e+01,4.346075943272520448e+00,3.162201753117176395e+01,1.549378775949867482e+01,1.160041404667493836e+01,6.689224679028892950e+00,2.074336585823731482e+01,4.354290261249611937e+00,7.091436641415694631e+00,1.014170452652216703e+01,1.428375548956115715e+01,7.981266266447614832e+00,2.980677963555407572e+01,2.545125597883536539e+00,2.193281948816438032e+01,1.913446508642565291e+01,1.023322763235883137e+01,1.032479152797584554e+01,2.221807598281290552e+01,5.887775415190293238e+00,1.850865653242344422e+01,1.627677255281476576e+01,6.579998428884012984e-01,1.490497126755898094e+01,1.697450616585989636e+01,5.006405227665134738e+00,3.473436508139697843e+00,2.185245775465297058e+01,2.575385188177730100e+01,2.454216245273483210e+01,1.960590192709284096e+01,1.752498607440502232e+00,1.052568071514019010e+01,3.028310507450676425e+00,2.074414777697069923e+01,6.996013819534443456e+00,1.102175284360923690e+01,1.609247818847796552e+01,1.258689667312763305e+01,1.409881452240275834e+01,9.906958007161119184e+00,3.413868210394319647e+01,2.591280616234057987e+01,8.331327423461575066e+00,2.400968918798357521e+01,3.232960644483654278e+01,8.253284189878332455e+00,1.796011543199783489e+01,2.135912017428995213e+01,2.300549684123526006e+01,1.301947929566075324e+01,1.851650336770269334e+01,3.694523546898648370e+00,1.951291053621486071e+01,9.215336292717278610e+00,1.352859783044554476e+01,2.454113994664255216e+01,2.346169519297782102e+01,3.196902261795443678e+01,2.555137711466143102e+01,2.559777815216111208e+01,1.314484734641956543e+01,3.288022566094490884e+01,2.755553794197550843e+01,2.673329505446695453e+00,1.263652205525740646e+00,1.810831558831814192e+01,1.513519310590370637e+01,1.428467027028410818e+01,2.497219133727505813e+00,7.389216568007212160e+00,1.796089931530310224e+01,2.090651785608400814e+01,2.001585315734234527e+01,1.162164291036286556e+01,2.808067854814075659e+01,6.983768753720527300e-01,5.800816046716533947e+00,2.712230460099592122e+01,7.641460580360694976e+00,1.168717555342569447e+01,1.792674342496364304e+01,1.589380516676243182e+01,1.999894150822384731e+01,1.207247947621424622e+00,2.420313277588034495e+00,2.560969706942704427e+00,1.793756376456572710e+01,5.951120299332305130e+00,2.880643622914701751e+01,1.703864676638953313e+01,1.916805651501285368e+01,4.649734833680702728e+00,1.555102255906747288e+01,1.888108412703888206e+01,1.260804206271969896e+01,1.137356864702578108e+01,9.427379096313963203e+00,1.354513846704438329e+01,1.044617497440002118e+01,1.925422450398298935e+01,1.251860490498054190e+01,1.909983405122391176e+01,2.932292188819968004e+00,1.602877584531086086e+01,1.152656242189726399e+01,2.001855282833986838e+00,3.307109188344712791e+00,2.423676476729528062e+01,3.046266139602213485e+01,3.064439680793773491e+01,1.941647304174107092e+01,1.197612439396811368e+01,9.457676651693379455e+00,1.554907397361054855e+01,6.711932750446626628e+00,2.005232598552997203e+01,1.309288425010883827e+01,5.237204619304127284e+00,2.392084820730104155e+01,2.474733604246846852e+01,2.157556648551785528e-01,2.791660736485073624e+00,2.545490237833165281e+01,2.098406364772955612e+01,1.806345989283389031e+01,1.198432383974903992e+01,2.289233384719325137e+00,4.451418916907561751e+00,6.863834588642964363e+00,3.939901823707402428e+01,2.261539405550444215e+01,1.619114325780109809e+01,1.271694733394233623e+01,2.714037066478909566e+01,2.332979955830375474e+01,1.569227005078034054e+01,9.858232863874913932e+00,1.921082943518395680e+01,2.146043636307523172e+01,1.819067341377688507e+01,3.805905723342220170e+01,1.383844587977218765e+01,9.929716496058405895e+00,2.752912782521257995e+01,2.200737697772039780e+01,4.605637255750935743e+00,1.514028107615335372e+01,2.902063704041338710e+01,1.863847542251824407e+01,1.115489032291536375e+01,2.066418351326198533e+01,9.827425399979482279e+00,7.903608281500407173e+00,1.917352975618079824e+01,6.448759959683525445e-01,3.191337062478989139e+01,2.264163786394044564e+01,2.022722279214734797e+01,5.526191885202448084e+00,2.667801930391357246e+01,1.582132965311687656e+01,1.416621441419432159e+01,2.431993676004518434e+00,2.256117270173881195e+01,9.032177421502241899e+00,9.040841729489786260e+00,2.898037061786690405e+00,8.867568011859948029e+00,1.355847918761817716e+01,2.106472017066993274e+01,2.126573574788610443e+01,4.129232049137881333e+00,1.715227305261162982e+01,8.087833072919000443e+00,2.371349532002729177e+01,1.568072822514355202e+01,2.662257057484624312e+01,3.351240611941754821e+01,1.228249906195671670e+01,2.028627919602521867e+00,3.099807628380616720e+01,1.721860102878341081e+01,1.791681492154786781e+01,2.025054028890901137e+00,1.802116575927802700e+01,1.463784622018372517e+01,6.118892850505651460e+00,2.441898519508467302e+01,1.257729241079188398e+01,1.533704382422373058e+01,1.315842200046111188e+01,2.296034619707269631e+00,2.006452775630996399e+01,1.298463783643765801e+01,2.321847451733118106e+01,2.880137616106043463e+00,2.506950649500289430e+01,2.384774114502842934e+00,2.780698197571204844e+01,1.285193529223135123e+01,2.327226342035983109e+01,3.654337561228349518e+00,2.166101255362907096e+01,4.334386244170850055e+00,8.292114955849230196e-01,1.874167838758090454e+01,1.965648657252508613e+01,6.790066760344338093e+00,3.571548785937305404e+00
8.278422554684976120e+00,1.573828911452024393e+01,1.797472607044540993e+01,6.301236381445486145e+00,1.908923824745524556e+01,1.034586506898037994e+00,1.784867771311276385e+01,2.055685103943339698e+01,3.037985056585783283e+01,3.396529132707809850e+01,2.480603576195391113e+01,8.348623173872258718e+00,2.382039774802122523e+01,3.439827031761887355e+01,1.089274730731577545e+00,9.884338487432124509e+00,8.489860429131939057e+00,5.958455221595837514e+00,2.215250970471462022e+00,8.879936169750509478e+00,1.627237629336684677e+01,8.643873136484476305e+00,2.872429657592738650e+01,9.915644143430732527e+00,2.294729556566551310e+01,1.246978271805976490e+01,2.542397666509946674e+01,1.686217341750733567e+01,1.192135604598927401e+01,8.092318297037403241e+00,1.462670280341866658e+01,6.563966169261314931e+00,7.847951848966287614e+00,2.106323964604712273e+00,5.268555955489617304e+01,2.686135048740113973e+01,3.839809290392508512e+00,1.494180711782315996e+01,1.520199284647520876e+01,2.052278350061342138e+01,1.689751024460946738e+01,1.415489605229700665e+01,2.052354176689186360e+01,5.688106169923729638e+00,3.190094728527305534e+01,1.228139641344730570e+01,3.158640862946431938e+01,3.294918580781887130e+01,1.185840508468361776e+01,9.184572962824519848e+00,1.093541787940379884e+01,1.314091298303596034e+01,6.749006342446637774e+00,1.891890119468076392e+01,3.061954312134481171e+01,1.901112119021123092e+01,1.291091443085632839e+01,2.109975646176488695e+01,2.418013752551605933e+01,8.348528327548040195e+00,3.313670956148095570e+01,2.938585835132604629e+01,3.224394506785831993e+01,2.344560253976079700e+00,2.563902920360989413e+01,2.568098026250273591e+01,2.412891175035466063e+01,1.392057947005088181e+01,1.881711202862028198e+00,3.610913066413090178e+01,3.129459719611509172e+01,1.249817662742758806e+01,1.095595861439018037e+01,1.684746318132860310e+01,2.531261624249252762e+01,2.383980022692368550e+01,2.488412487687351060e+01,8.880573701230433770e+00,5.651410886563910552e+00,2.614657470803492956e+01,1.989134883991889780e+01,3.496746916413913198e+01,7.858240122502605729e+00,9.165448644475951312e+00,6.108588167402169589e+00,1.579845806109688411e+01,2.185018743957447551e+00,1.459109169095271596e+01,9.987818406770390567e+00,1.282437121586979245e+01,7.720052670409080164e+00,3.301948956813446756e+01,1.748703745823740263e+01,1.667867650190887474e+01,1.248363132297163247e+01,8.959495465607874465e+00,9.886823862780989458e+00,4.980479107184320853e+00,5.810341994001314347e+00,1.506473289910184477e+01,2.821324193759477694e+01,2.308981736170758481e+01,2.492944398996987942e+01,8.283764520629489425e+00,7.400589563560811435e+00,3.273714069726108988e+01,9.938562377815678417e-01,2.174182498321939505e+01,2.126144331438363011e+01,2.326799222914713994e+01,2.707784756034774176e+01,4.957918341662646888e+00,1.430559818846286646e+01,2.325197837524403610e+01,1.478486390916943449e+01,1.162934039396278152e+01,3.858272943949176526e+00,1.496919682120732098e+01,2.959436369667185929e+01,3.559495577605918282e+00,4.376269195124206313e+00,2.045523744700251001e+01,5.055510430717860437e+00,9.648661649664655116e+00,1.169532049235409943e+01,1.847224475102465391e+01,2.306089815924542208e+01,2.477655642430543281e+01,2.604469229501452077e+01,1.361442381869604290e+01,1.879549567340301053e+01,1.815515958609315206e+01,1.773271923553594220e+01,8.835122066155250142e-02,2.502916309256530880e+01,2.571353614892251116e+01,1.659467098294326037e+00,1.816178063672855814e+01,2.684758309475687099e+01,2.324124009333895735e+00,2.870458322804945084e+01,7.849181876857927342e+00,1.340775026744156051e+01,1.031322635803123688e+01,1.218311778401444734e+01,1.454262798999636530e+01,8.980224676677053708e+00,3.649353215753944824e+01,2.435734749864699822e+01,1.263986411242803420e+00,4.527009509268235199e+00,2.392546448528397462e+01,5.579619127828968628e-01,1.652285613900016514e+01,8.186685234728084737e+00,1.512574635828261194e+01,2.675465493561385699e+01,5.520079980191068714e+00,9.724037216684060070e+00,1.053563867400864140e+01,2.238180718717065076e+01,2.189547638716998534e+01,5.546686659590596591e+00,1.466047884014131419e+01,2.576605157541141722e+01,1.667982056730748752e+01,1.599594818253531692e+01,1.103163274865141119e+01,1.178085772803143527e+01,1.903691600978526921e+01,1.886169102188953772e+01,2.829621060473662197e+01,3.211215315777938883e+01,2.712518054619069119e+01,2.520782531886964861e+01,1.197116909812409702e+01,9.909446566055365224e+00,4.414553229181464644e+00,2.006976796897893323e+01,1.367815103062434190e+01,2.727362662424367645e+00,1.647050410016232291e+01,1.549564516885549992e+01,6.786641826355951146e+00,1.691334440909905723e+01,1.516978667659202173e+01,3.420757122631465919e+00,2.566228188446833158e+01,3.186772156443436543e+01,7.484113284826515056e+00,2.744348511942096636e+01,2.441246438838523147e+01,3.749786493739750881e+01,2.186692790715068924e+01,1.209965105467198221e+01,2.885023173589307532e+01,3.013871839767589123e+01,1.920585270327027416e+01,3.989543254592031740e+00,2.457143009415454316e+01,1.282273990100022587e+01,2.987820778391834153e+01,2.415513620646857618e+01,6.547406366283249568e+00,3.927997819279398506e+00,2.322810371172863952e+01,6.492760180444636653e+00,9.898321214931273815e+00,3.149666998527211881e+00,6.611452055210472523e+00,2.105779674413312819e+01,9.958556671662124771e+00,1.878460914372235635e+01,3.216870550520405914e+01,1.043625654427309790e+01,2.919051384984914677e+01,7.568466089835757415e+00,6.416368090918789235e+00,3.709078683553259737e+01,2.342353949129052637e+01,5.447025692971167565e+00,1.363732960377486592e+01,1.045288972375846548e+01,6.570322035090098822e+00,6.555651154971313233e+00,1.995263800352877581e+01,2.082681858234627725e+01,1.989058376632444691e+01,2.513688784075466032e+01,8.161235691775795331e+00,5.275631264905189965e+00,1.111268106505315068e+01,3.283526422825038704e+00,3.192937473657211456e+01,1.792875490073691225e+01,6.103934614901623590e+00,1.799157941584805087e+01,1.098740653590835725e+00,5.062641610884690557e+00,3.529222845708269718e-01,1.775391736822751199e+01,1.023197913065658504e+01,1.359219112896749415e+01,1.833531917998770666e+01,1.901281936501802505e+01,3.180635718964403225e+01,9.407423587566409395e+00,7.842600500905703598e+00,2.416708029968488347e+01,7.112239538726026211e+00,2.960121450048346148e+01,1.000285247461471805e+01,2.072116410007142306e+01,4.014758798828091280e+00,1.347977874906938567e+01,9.011777875315566178e+00,1.502076318987925241e+01,2.188581466857363012e+01,1.589803443594413146e+01,1.423704611417816679e+01,9.895114443713808328e+00,2.046626145480319536e+01,1.274745598599684548e+01,2.135907406158562782e+00,2.569962450073240490e+01,2.094559666228831674e+01,2.273689256234981215e+01,1.120005258073061505e+00,2.491023910437137090e+01,9.176653940915214136e+00,7.690493800355651111e+00,1.568768623881320989e+00,1.218791913291627438e+01,2.458767154199005489e+01,2.972150608563982033e+01,2.635784286953393973e+01,6.702591221369161190e+00,9.438767160285674862e+00,8.460105629160249441e-01,1.841198786621955108e+01,3.106862427421357609e+01,3.412601205388921954e+01,1.984902436155273264e+01,2.683482879653694031e+00,1.625796151497283404e+01,2.516581846314528548e+01,1.191973295039902148e+01,9.044916824937340394e+00,1.305538191092207789e+01,1.847566748562061711e+00,1.726848182890665484e+01,3.293407919737138911e+01,1.775453652998390552e+01,1.424177121683568892e+01,1.027982526950855346e+00,7.586082691988555560e+00,1.205734619780705286e+00,1.104019408126880286e+01,9.686113103830216176e+00,3.206401470896145867e+01,1.559487401061439016e+01,5.433056892851517716e+00,1.092955518113238611e+01,3.255181157913066414e+01,1.281391952696434799e+01,1.050860409323254174e+01,9.341358575210460202e+00,1.921329392777535361e+01,1.913356022413249491e+01,1.248291435892468826e+01,1.414072497037275866e+01,2.994861208000060415e+01,7.271443724741883941e+00,2.336759244683365111e+01,4.850575511332950285e+00,1.636818988694033550e+01,4.048893904874653771e+01,3.644701616598013061e+01,1.395282268557295247e+01,1.701862059947107753e+01,2.298848346923756125e+01,5.340235787223281072e+00,4.131813471067658838e+01,3.927398299159739814e+00,2.300267692409137865e+01,2.777108331405606023e+01,1.398981799541598825e+01,2.557434104510810968e+01,2.151100812211394597e+01,2.798529246986451824e+01,2.184337556548480719e-01,2.418486286169187149e+00,1.152714729534864446e+01,1.823536107114156479e+01,6.526910687330503613e+00,2.860613564103890027e+01,2.111571480773896781e+01,4.128488617490862822e+01,1.086129301669317204e+00,2.619292435164498656e+01,2.639010820064385499e+01,3.003721476454318662e+01,1.391112494568515601e+01,8.852650210723005841e+00,8.032948379974568454e+00,4.984028186671737970e+00,8.354483005966553577e+00,1.046040038511921466e+01,1.288589894287093074e+01,3.891139239501260505e+00,1.862548559412626048e+01,1.130565097895862792e+01,1.196065664955098029e+01,1.235198300398970872e+01,2.159886259590569346e-01,2.984219156978310750e+01,1.762432207732759437e+01,8.465633154654929271e+00,1.969328679785675007e+01,2.346825984849847302e+01,1.880779793980825687e+01,3.823284335486825825e+01,2.728573034727342161e+01,2.226280091422246343e+01,2.988471810231459802e+00,1.527187975845203738e+01,8.520123391952889591e+00,1.300159986982827576e+01,1.361103158684296943e+01,7.804324555743033187e+00,4.509189732627109315e+00,4.429634822473704325e+00,2.952281541503590390e+01,2.982557261504120039e+00,6.470413547066852233e-01,1.851609340553274663e+01,2.233926335035000221e+01,2.657195568332884150e+01,1.609836994736099314e+01,1.966342543116633701e+00,2.894273989885125076e+01,5.237174851399619691e+00,2.420858577909704934e+00,2.812542229703002405e+01,2.784875530027529678e+01,4.284005150778511073e+00,2.958185223054075053e+01,1.622522691327725752e+01,5.467161406314029470e+00,7.887346373269636501e+00,4.212534668099293889e+00,8.096793733595077924e+00,7.252829232452450370e+00,1.012169131534539801e+01,9.664854323856612694e+00,1.412515005991661887e+01,1.272790139751006500e+01,1.336309642959647448e+01,2.264833699735643791e+01,1.184182932390500476e+01,2.258978262431126538e+00,1.369624168085661964e+01,2.330363409825206489e+01,4.148585022721623439e+00,7.333915536161176973e+00,2.537651161733319327e+01,1.891970819275989868e+01,1.548437008982450402e+00,7.688493138542232153e+00,1.290777574707948361e+01,2.144040775569116875e+00,1.378604580428908655e+01,6.050716899643672875e+00,2.564876747118666600e+01,2.908183391792599792e+01,5.052417292664664883e-01,3.446750670344108158e+01,1.012629575729335940e+01,2.355000905659410648e+01,2.703717780765749978e+01,1.179800879877441133e+01,2.376845865949468006e+01,2.088022502065100028e+01,5.698271631283994054e+00,1.423601241269878770e+01,1.753326745923498109e+01,1.660450250438380593e+01,1.120260619415749836e+01,8.509232158581177430e+00,9.992798438489698398e+00,4.458179130726765749e+00,2.858335173146746655e+01,2.006368075081865499e+01,8.506967881299162926e+00,3.265547062107289378e+01,2.057058753683770291e+01,3.058477798941003556e+01,2.619720561404979264e+01,2.172455382454562667e+01,1.208618971820043342e+01,8.631086148813826853e+00,2.574750834168489533e+01,1.151103006230760784e+01,1.616774977999529384e+01,1.682091187631258755e+00,8.321021840101150424e-01,1.242633037867763690e+01,2.983085311436809661e+01,2.918363835191360067e+01,1.860386778169065636e+01,2.924919536248414076e+01,9.822569511969501121e+00,2.854195702658514833e+01,1.639196280923945892e+01,2.543122918828180978e+00,1.577438892002026805e+01,1.946491263201726163e+00,2.498940616095433143e+01,1.196718043062300652e+01,3.162915668434994743e+01,3.527982325559720067e+01,2.063223125740804065e+01,1.909518034907274853e+01,6.910690005817524906e+00,3.438491527272939408e+01,7.105875111434300173e+00,1.825340409130618013e+01,7.746568565082291080e+00,2.338128486871849532e+01,3.746395354992377946e+01,9.035150717657900898e+00,1.096277980398449614e+01,1.462449574378345218e+01,1.128849967251915842e+01,2.013796383188097749e+01,1.394015370226993067e+00,1.038356801607874935e+01,2.267017236567881611e+01,1.899031135925631730e+01,2.828395012265218611e+01,2.176410747923675615e+01,9.188805364956214916e+00,6.236142974166217989e+00,9.767272896090050338e+00,3.650498010358163015e+01,2.443764103320851433e+01,1.687139520353926514e+01,1.401504481052714901e+01,1.104286681371140411e+01,8.299121340216975895e+00,2.779917858129640962e+01,1.759837568777476946e+01,1.295946135339013949e+01,6.624206463951537671e+00,1.418796553385037917e+01,1.518648125012932226e+01,2.072057917591043363e+01,2.460006106076226828e+01,1.925701057412258876e+01,2.652295262824210020e+00,4.877104353228958189e+00,7.844104468806091468e+00,1.993608041738627890e+01,2.039933382075068380e+01,1.226674424370635741e+01,8.143391982156007458e-01,2.936189227134989821e+01,1.881182122590259453e+01,4.022330454469805971e+01,2.421985815557303923e+01,3.315023669395035011e+00,1.661830683536665276e+01,1.018237667569308158e+01,2.117137504077435395e+01,1.148862579506958070e+01,2.516149793663336354e+01,1.711286281804577669e+01,2.643318701626073075e+00,1.675398107642828194e+01,1.099104385208755907e+01,2.657076802070094956e+01,6.600289289614400978e+00,1.810013507978546343e+01,2.459875679837213625e+01,6.694111037666746533e+00,1.837960684971267256e+01,5.838037270325961536e+00,7.412737540674182668e+00,1.211606044991694020e+01,1.548692118113764593e+01,1.575545808040411799e+01,2.951740782486214343e+01,1.059124792002709192e+01,9.088649329070690897e+00,2.195878299644797238e+01,2.683646807960974101e+01,1.426593462946697954e+01,1.613022775794316743e+01,2.170733374994800258e+01,7.427787677224048757e+00,2.066775295979208593e+01,2.726559968289400615e+01,2.080740083235899007e+01,1.383356722634144020e+01,3.652045952284699837e+01,1.977278395833502289e+00,2.524381249190681586e+01,3.096470410600931800e+01,1.874547380336373525e-01,1.923894286546723364e+01,1.111394865314335156e+01,1.604835425954620121e+01,7.316878015379878697e+00,1.690295448237635512e+01,2.746662386700648995e+01,2.215047104919948051e+00,5.459447064587532594e+00,2.653191656427533829e+01,2.352923699061299345e+01,1.548567108702926554e+01,9.866454767439847728e+00,3.346544215339392991e+01,2.366741938627697905e+01,2.417704181664822816e+00,2.257303210911614855e+01,2.152994223067788226e+01,1.731507003713975124e+01,3.302515820038447458e+01,1.068767697538257266e+01,6.501169892107743209e+00,1.512594136728051630e+01,2.784447125613567664e+01,1.329811600819961903e+01,1.486407850195303126e+01,2.835265121017946477e+00,1.608358009361311147e+01,2.402669477071692938e+01,7.523237179270883423e+00,1.740987708301664938e+01,1.800596421569544958e+01,1.989368774440789878e+01,5.741986098047298093e+00,1.374061748682925455e+01,7.940793440292422289e+00,1.130261617262944895e+01,1.942050141549431341e+00,1.656446716741842806e+01,1.168267273214428670e+01,1.395295207010087690e+00,1.828785781273714051e+01,2.693892082771979779e-01,1.205956072445211724e+01,1.666526332511760700e+01,2.663089462129641660e+01,1.336698154359013024e+01,1.152319276789678248e+01,1.379662254541116617e+01,8.384391173962333355e+00,1.249186183920926219e+01,2.293586099663408007e+01,9.356604296915952190e+00,2.246145939414852677e+01,8.543393013091838739e+00,2.599909835958684923e+01,2.268399782488345195e+01,2.335936766376650553e+01,2.997027477959080599e+01,1.954200307530944158e+01,9.331068966735286407e-01,2.281781424066383224e+01,1.472801371065213516e+01,8.155957781050172883e+00,3.223842857099736836e+00,2.912345286389054522e+01,1.937678064124559185e+01,1.587872756935521679e+01,1.105599053807799592e+01,3.064874776405043377e+01,3.034740713589871852e+00,1.932642638743863017e+01,1.385722288837535743e+01,2.685802339646039627e+01,2.506108422545982961e+01,7.122871792806280133e+00,1.332893049136959007e+01,1.606688307559020856e+01,6.368076071916803471e+00,1.874851422312715954e+00,3.974425883620239830e+01,1.262589226576551660e+01,3.326432908154905732e+01,9.201359096125791837e+00,2.214688553117652337e+00,4.340054612721417016e+00,1.156874942044916565e+01,3.278188150731851636e+01,1.238453388052355386e+01,1.095346818665946209e+01,1.365360070263074377e+01,2.500144141882099191e+01,1.081246865269162249e+01,1.398903382868482304e+01,1.301516676257092442e+00,3.071865390571581145e+01,3.137157096522732758e+01,1.884123959531169845e+01,2.653068962848463741e+01,3.338098742602464597e+01,2.392186353674808430e+01,5.054276349359418496e+00,1.485709167455952384e+00,1.775366418435231708e+01,2.956990965752250133e+01,5.186341889385146509e+00,1.523229966861772056e+01,2.378136467753797589e+01,1.765307728760814854e+01,5.147636622556291286e+00,5.626699952028937801e+00,1.969528024845945424e+01,3.262027521276562680e+01,3.079208121194811554e+01,1.680286369758674780e+01,1.834090820500866315e+01,1.941679108570915702e+01,2.761653487373847327e+01,2.171653176728980128e+01,3.403834142519976780e+01,1.662619599838785334e+01,1.320942300574249906e+01,6.272641243445384873e+00,1.971835845665288645e+01,7.462978760290277513e-01,1.593928149541163286e+01,8.360929156000281637e+00,2.276899045751604511e+00,1.224832571456801666e+01,1.652184956250438574e+01,1.782944868886030676e+01,2.116090514247462551e+01,1.387628230341647395e+01,1.916493533661785875e+01,3.099227033447503388e+01,1.402748880631117778e+01,4.601836773419303306e+00,6.773023821534497557e+00,1.171216941790749466e+01,1.873737263406825804e+01,2.402478966885751888e+01,2.250395564652952629e+01,1.712017267330938353e+01,1.377525799948916152e+01,8.923655806076977726e+00,1.044793088813442417e+01,3.448000954496828641e+00,7.179185453458534205e-01,3.496335203240493739e-01,1.012613931153784819e+01,2.453277883674275373e+01,2.005282111491220487e+00,1.415971225552102908e+01,1.134977495815537374e+01,1.568719517068308456e+01,1.920584691452446791e+01,9.330536044507450555e+00,2.297242403186156423e+01,1.189083469864365128e+01,5.488250781479071527e+00,2.233808963112136325e+01,1.883124886965305222e+01,2.508961673063838216e+00,1.475620117390253228e+01,1.517743408213004574e+00,2.068051974397288006e+01,5.415333248688255274e+00,5.329500754592250367e+00,2.429749244981630341e+01,6.109217848242764148e+00,1.612098326047623686e+01,2.920936064484177663e+01,3.409285788454293709e+01,1.311890424497695840e+01,2.706572025092843248e+01,2.148007502655718781e+01,3.791099355910682789e+01,2.262411828649255341e+01,8.912344486330148641e+00,1.837508341713198945e+01,7.037718240728961128e+00,2.761078817340841240e+01,2.140317726749999494e+01,2.190936486534945971e+01,2.076908245092887029e+01,1.281258315006214055e+01,3.466016333753090262e-01,1.567009458449545178e+01,6.250693398166581538e+00,8.057915102884656733e+00,3.515790076407482445e+01,4.280194642437211705e+00,1.874289700297827466e+01,2.506661029794408790e+01,1.060120263742511959e+01,7.498791012083818153e+00,1.702711421779200052e+01,3.057575907273950477e+01,1.422328812940570586e+01,1.140084838815876855e+00,2.885587646463272371e+00,8.802354177144138259e-01,1.942810596447697691e+01,2.160976846795243844e+01,2.895659468469161979e+01,1.159208268179187939e+01,9.886648435350414488e+00,2.265021099338155608e+01,3.859544314403867027e+00,1.059980177433705784e+01,1.734695826257306805e+01,1.287820959820267319e+01,8.232184672834867101e+00,3.237029890875944460e+01,1.515800623305749362e+01,3.541222849304228504e+01,3.009203868516250679e+01,2.918526276745504333e+01,3.386529276393495280e+01,2.225616031528973338e+01,2.026760840313087542e+01,1.703553763600374538e+01,3.333481358575325970e+01,6.606980810710142649e+00,8.188551122328204812e+00,1.212597220814801879e+01,8.268987078893793807e+00,1.784800454792552449e+00,4.875799515942442319e+00,1.958126993989268527e+01,1.836784896680406476e+01,1.674604894383294251e+01,1.741962857960794420e+00,3.123977993015497390e+01,1.875581524775630982e+01,1.142180531192476423e+01,9.834042383225655826e+00,1.198505190981940238e+01,1.990261516840497569e+00,1.276594381798351208e+01,1.930656381278145650e+00,2.228789671467269073e+01,2.880087631899037603e+01,2.496898583827744389e+01,3.032693119830584649e+01,3.882447473766680535e+00,2.640267747012406296e+00,2.010796995846100188e+01,6.933127871999365865e+00,2.538558476455732560e+01,1.070534403947907975e+01,1.541541211660777755e+01,1.554914782572856602e+01,2.163745194638569558e+01,7.593372907787997228e+00,2.571187619056955498e+01,3.516739987699475023e+01,1.060381592438930731e+01,2.075256807756643340e+01,3.219183141723715380e+01,2.076646249315129467e+01,1.693058419130293402e+01,1.268104947642623870e+01,1.499885777001686371e+01,3.532508182701749178e+01,4.165572520448658445e+00,4.398217368248142911e+00,4.773314854334980595e+00,3.814647743354511533e+01,2.728193480747947675e+01,6.606193877809049653e+00,1.342060254453807744e+01,5.175597963927074829e+00,9.614336997307864063e-01,2.902199734008086907e+01,1.132827886045271448e+01,1.324491493411935039e+01,1.313653849880594038e+01,8.348853050780284946e+00,1.308406853871486319e+01,2.454936081385722346e+01,1.823243291600926597e+01,2.919627559342322343e+01,2.365758109497722117e+01,3.368310780215032718e+00,2.401397497617466570e+00,1.219872910700532387e+01,1.710857741926695752e+01,2.623683127558442152e+01,5.048120526875217173e-01,2.113997981104623847e+01,4.828589459754297764e+00,1.446572053043578165e+01,3.940591589167298991e+01,2.173797651296147748e+01,2.124755468325342989e+01,1.188564477753991794e-01,1.915774747588453231e+00,1.980981004554240421e+00,1.202810977193020214e+01,8.903430479503136041e+00,2.289670963384439162e+01,4.065994930220823989e+01,8.037433865330465110e+00,1.013647906726561487e+01,6.388808741699746108e+00,5.012932103115999460e+00,2.861629430015606346e+01,1.799114875209224351e+01,6.564358205073937746e+00,4.988174493771601270e+00,1.173313360753344448e+01,2.968498785536882778e+01,8.935883721891860532e+00,2.371799640790168695e+01,6.244870556423084196e+00,2.110396852263033196e+01,6.805600357829298730e+00,3.101642905698653152e+01,4.243760080846993077e+01,5.555826308767096933e+00,1.338422451668660962e+01,5.740994749856675128e+00,1.161690267536155474e+01,2.979321626753244701e+01,1.694553335587147380e+00,1.209672969580636348e+01,3.974697995164399345e+01,1.577167256870019685e+01,2.145461084329861734e+01,1.416893298420213654e+01,1.140769373558006805e+01,2.539713528504378814e+01,1.365709799219298759e+01,1.049155624689247368e+01,3.062970945160211755e+01,1.028367565025927632e+01,1.080967507248363724e+01,1.796895532454209032e+01,2.109110876605399554e+01,3.377387866894630886e+00,3.200889319631039598e+01,1.456997566131716759e+01,2.040064970742661643e+01,5.186894866312299790e+00,9.251468705353058652e+00,2.026712495683494986e+00,1.736000879233818495e+01,1.472591797986052597e+01,2.041466378109257462e+01,2.623664653388996371e+01,9.373030885102897614e+00,2.992790570933754069e+01,9.678538493961507783e+00,2.810105622864501029e+01,2.839884771448793188e+01,2.186696938986080596e+01,3.429093902554436113e+01,1.121001514507284114e+01,1.533099263028948656e+01,2.538204163189742602e+01,3.490819245645055080e+00,4.026506071762784522e+00,2.020057718435272065e+01,1.874327898045616081e+01,2.369556034597288985e+01,2.270697094806155292e+01,2.595340211218947957e+01,2.323929709167462221e+01,2.394514861499899450e+00,5.104026558106639300e+00,1.222653112451668456e+01,2.249571858891906828e+01,1.157422502509987261e+01,2.382779865777153105e+01,8.372929764700444366e+00,3.764936353601097352e+01,1.583167245621750041e+01,1.790298672665053559e+01,2.159302107306747587e+01,1.363136023545087738e+01,2.186596193961904433e+01,2.596817819735055366e+01,1.942411153743984897e+01,7.544625555674175921e+00,1.593600997485224902e+01,3.367110515521626724e+01,1.309225921942236326e+01,1.557788791736488854e+01,1.421329073201453852e+00,1.012151418268273062e+01,1.771301823417135779e+01,7.567044788594256666e+00,1.548987772564892396e+01,2.906323472922401407e+01,2.530441693346375231e+01,6.557534614508788273e+00,2.929893835171327510e+01,1.922640829712918986e+01,2.665048539362525659e+01,3.344424679042512594e+01,1.500065451915057402e+01,2.378589826411478469e+01,3.186940314114326966e+01,1.045810929591665150e+01,2.332658544416384316e+01,2.140602881909607191e+01,1.314518665517940477e+01,3.301617972108735977e+00,3.325242017222259960e+01,1.862849024368236517e+00,8.994291584984623000e+00,3.013150897615275170e+01,4.611812795730331871e+00,9.875170930150746429e+00,1.879675995377730757e+01,1.833419323221346531e+01,6.995778820651777252e+00,1.724683715561969066e+01,2.379845479811961795e+01,2.673850081927777111e+01,1.768421760365487927e+01,1.365492036411822951e+01,2.155749633981378111e+01,1.906708274740934428e+01,1.858621230389931256e+01,1.091207648275089781e+01,2.907887473636853315e+01,5.070609558105840797e+00,1.082076694892789170e+01,8.429529799746880769e+00,2.441924222110061038e+01,1.142624259574775714e+01,2.283357255198077240e+01,1.810406302496273057e+01,3.240179874357316692e+01,3.016380380094890512e+01,3.291139824257381719e+01,2.991144479819224600e+00,2.111359629892047707e+01,2.446118255249937690e+01,2.609784393423663218e+01,2.383477495695545301e+01,1.654517615602121694e+01,3.246376163317572150e+01,2.825362655318736671e+01,1.428004734066555237e+01,1.370401098557805852e+01,1.724274024404794758e+01,1.053889328801180625e+01,1.931520306105563733e+01,2.051765458352386418e+01
2.643065092576495090e+01,1.033600676829036935e+01,9.825620249105078585e+00,2.681903507373701601e+01,8.919876438536554986e+00,1.475860978456027972e+01,3.438987248967804788e+01,7.781393780527354309e+00,2.720378607714854979e+01,2.416947487152288332e+01,1.172615447378885811e+01,3.693038427015765901e+00,1.032198187706492831e+01,3.856163683173660672e+01,7.579255202643572886e+00,1.302208641172330950e+01,5.794012761764396835e+00,6.966506813205540105e+00,1.110346956087938608e+01,1.866956953690591092e+01,1.943354827390815842e+01,2.392985364847490359e+01,9.205115899951607616e+00,1.211822276725472847e+01,3.236946868680888656e+01,3.887984247856157083e+01,7.502295636308067728e+00,1.288141525720834579e+01,5.376509558060779348e+00,2.491091600378770199e+00,3.412784710589666304e+01,2.904983402948413485e+01,1.759122891694338620e+01,5.209313300590412865e+00,4.226446969296521750e-01,5.404641609148580272e+00,1.972792555702949358e+01,3.482125580748410698e+01,2.330748956188649501e+01,5.721019160003285364e+00,2.262840202044959881e+01,1.132443501642026185e+01,6.668250996923122287e+00,9.747555922827841002e+00,2.147403445987015402e+01,1.654368884356156855e+01,2.255794584549663995e+01,2.824084065942800947e+01,1.025624542094512393e+01,1.117357417508589634e+01,1.480705038376615157e+01,7.872427777992971887e-01,6.693152512632058126e+00,1.510230575417401155e+01,2.477031215261306585e+01,1.916768024476742482e+01,2.634097653953143237e+01,1.649118632298891640e+01,8.098183729070337122e+00,7.037992443598044545e+00,5.996337959085209057e+00,2.354811426684485909e+01,1.388490342671764388e+01,1.381939353260599646e+01,1.728211463720189300e+01,2.447996676594470600e+01,1.654774340367795560e+01,1.371178082143750032e+01,2.781667662247640749e+01,1.612081506740414483e+01,2.491784824463752557e+01,4.527769620868995482e-01,3.166552001382065029e+01,3.329021788411089489e+01,2.922921968259321090e+01,2.089803096200390797e+01,2.084368535242661835e+01,2.244928219286039806e+00,2.738882760870232502e+01,2.771389935416565109e+01,1.038447821066060683e+01,9.038382086608692134e+00,1.584397308492698819e+01,1.252614530747969290e+01,4.250743741503997697e+00,7.089313231647664360e+00,5.308549190582524169e+00,1.417560870577312571e+01,3.383866261241116291e+01,5.260607937403282364e+00,3.161150553486471892e+01,1.881155539296318624e+00,1.368892650610673734e+01,1.159452026838456007e+01,1.996864496575890868e+01,8.560913856202523320e+00,1.942084522947484615e+01,3.255417589519714738e+01,1.762410236302174127e+01,2.657220722536644075e+01,1.296131729094051188e+01,2.560650991230658846e+01,1.468289524999443785e+01,2.073805141529131646e+00,1.916484620125352478e+01,1.116055107681007641e+01,2.839499833194527056e+01,3.529815320826656233e+01,2.216055027578595471e+01,1.838769861423653396e+01,1.454617466643568591e+01,2.030047717962410658e+01,1.710604526001473502e+01,1.549410179352953776e+01,2.978313835966522305e+01,1.149595765626003363e+01,1.378672603117122719e+01,2.320586330715359580e+01,7.875242598118394888e+00,8.407091199994399133e+00,3.566191394607059806e+01,3.266254701218039713e+01,2.614593185018069832e+01,1.809841384705418577e+01,1.111404425586328770e+01,2.584519722664865959e+00,6.130244832604497596e+00,6.659932406766489343e+00,9.674552094025665738e+00,2.180726367634225227e+01,2.896007110437525611e+01,1.060399392527357598e+01,3.521902470866349688e+01,5.286433705502536107e+00,1.413497298435728311e+01,1.191475121017104399e+01,5.716246641840361242e+00,1.431364499396985224e+01,3.016362150211254090e+01,3.539033559181409938e+00,1.910352419980883809e+01,1.110136448219970262e+01,1.918139717547937195e+01,1.914350405948114187e+01,4.526722811848525652e+00,2.363424727218743016e+01,2.412237883414693584e+01,1.369623372556022645e+01,2.599737570021851951e+01,1.603391238869305724e+01,8.142384595024811489e+00,2.089194256774508318e+01,2.074848624984743850e+01,1.182977098975629282e+01,2.928860094659171409e+01,9.937193892949951035e+00,1.798374634626929947e+01,2.744781189174582803e+00,1.101154312802353630e+01,2.007386875464530718e+01,6.601443067788851593e+00,2.143229530352966705e+01,2.546482763174829245e+00,1.536224550313241899e+00,2.501383534163440814e+01,2.247975650290087657e+01,6.762298280709545750e+00,6.746882322138938015e+00,3.184717478301635296e+01,4.991798421169018951e+00,1.209561176870197263e+00,7.066456225566249749e+00,2.204083951323003987e+01,2.982910931058183834e+01,1.599930319687888591e+01,2.412898352887531672e+01,2.021974842088840063e+01,1.029360519562562892e+01,2.743357361942995354e+01,1.914425265508051055e+01,2.497032663853345547e+00,2.038836251700249846e+01,1.867879678965998380e+01,1.599814767946700478e+01,1.256603842162898133e+01,1.928821004046716681e+01,6.941755100526328270e+00,3.309025554931837476e+00,5.549572143759244014e+00,1.016955896612433108e+01,1.971635433198965259e+01,7.975793162154026561e+00,2.050680273790654695e+01,1.227567661410156674e+01,2.441683837293367176e+01,3.939807537323563924e+00,2.281979364216091000e+01,3.721718539258783665e+01,3.714795914027531509e+00,3.838946108876478469e+00,1.660140416166403554e+01,2.692499673228480361e+01,3.349398771812468034e+00,1.525222170129844912e+01,1.671310554871833887e+01,2.262108754198492377e+01,7.912995934134947618e+00,3.501576555991050554e+01,8.829098361098257186e+00,1.551634259040320174e+01,9.348786574252232029e+00,1.988728832585155004e+01,1.468647095238448230e+01,3.830939521037394968e+01,8.031318081827812705e+00,2.819167247615100536e+01,1.711800206148849313e+01,2.045010931464378956e+01,1.488896134011784511e+01,1.964745318371248572e+01,1.264468827064219880e+01,2.767837835220662157e+01,2.316906618009113927e+01,9.629965082970441514e+00,2.380394012488997735e+00,1.984836012038881492e+01,1.517738318225025118e+01,2.744971268063733483e+00,1.578144909990747813e+01,2.496818893756370450e+00,1.899453880805128492e+01,2.564393445393810467e+01,2.528349853934128078e+01,7.430620315287499444e+00,2.292088628212918877e+01,3.803615794105650316e+00,2.038282603119209568e+01,3.093683436382642782e+01,3.325540797980251995e+01,3.121518810780222086e+00,1.843844004300986228e+01,1.439060720745325028e+01,9.551380959981026209e+00,6.144951772598491679e+00,2.861863402913695964e+01,3.391282384581706566e+01,2.772394576510274877e+00,1.856380246676977919e+01,8.933195492899651313e+00,1.780433781763145618e+01,1.401859436831415451e+01,1.721522353998186716e+01,2.020485932720788469e+01,2.422229305936685861e+01,1.432381645605363651e+01,1.661743934128023525e+01,6.271250447448284859e+00,1.206996635987503197e+01,1.363471524464309859e+00,8.754128971742048293e+00,1.564768534387479981e+01,1.499591530300205022e+01,1.393949521332998387e+01,1.607756953634188335e+01,2.462970215264419238e+01,2.126223011365719628e+01,2.758448787812440628e+00,2.419858610328458326e+01,1.705992697543953796e+01,1.694259961844159079e+01,2.521458614180698987e+01,2.463433623883327073e+01,2.644326597917782351e+01,2.237542676818576126e+01,5.722288461867607090e+00,2.006520101558313129e+01,1.130210625106317224e+01,2.468130261272092341e+01,1.712944194957023214e+01,9.476743671875937025e+00,2.332174010434792777e+01,1.941862386543552432e+01,1.739850547176304119e+01,6.065802432343332384e+00,1.945625079665723689e+01,1.434235393272244075e+01,1.975490060410610127e+01,1.312748195602238255e+01,7.755745915172925109e+00,9.385688027133875622e+00,1.057963375513979720e+01,9.650105799245940474e+00,1.251110220284956753e+01,1.397787579844316674e+00,2.992443717580662366e+01,3.778348538852902294e+01,1.310798178089965838e+01,5.249625831007717736e+00,1.030365871835803127e+01,1.757633375501523432e+01,1.315983818367246450e+01,6.751074626418029467e+00,1.484551183380798811e+01,6.494656455569904452e+00,1.584312196536982853e+01,1.400156174447342394e+01,3.082662258302318747e+01,3.516323544925345601e+01,7.003674591633378022e+00,2.151745297728472650e+01,1.993726968032139624e+01,2.688148674739193211e+01,1.105390710158446055e+01,1.653388816722028309e+01,3.933051086242414840e+01,1.236114076174936294e+01,1.533805499932610239e+01,4.590223477811301578e+00,1.773591987973443906e+01,3.873146733690854049e+00,7.705026536355711997e+00,2.150120110597919876e+01,6.474301778927253892e+00,1.704274530635085583e+01,2.928448430786225387e+01,1.122778245801473229e+00,2.131426352037917127e+01,4.898592942283642948e+00,1.325535390902636124e+01,2.155322334811634732e+01,1.632357106832296978e+01,2.524928214492077316e+01,2.482832911503650664e+01,1.811972412583281766e+01,2.325510907348147782e+01,1.394272249180525591e+01,1.239428602936364143e+01,2.583744273692207472e+01,1.108249403329427452e+01,2.819096709757711494e+01,9.759835968140588847e+00,2.298983755338470658e+01,1.739391474943880311e+01,1.877986242806768402e+01,9.656394132345143433e+00,1.798419797562023703e+01,9.555554378173599872e+00,9.059165147359351522e+00,2.004561983384916246e+01,1.398654555049244053e+01,2.235186366881380948e+01,5.367815866861458396e+00,1.955306319366092893e+00,2.208657931647630335e+01,1.797572122274491235e+01,4.652805008705610534e-01,3.618464061008356936e+01,2.420114998937993178e+01,1.023535089774230045e+01,2.898981069687943002e+00,2.660829555883955777e+01,1.973067494711404990e+01,3.002367869608778861e+01,1.371509375555505450e+01,9.059504971113774729e+00,2.421988117302272059e+01,2.586204027165646835e+01,2.315555762420368424e+01,8.577466308547547769e+00,4.041002889959469435e+00,4.034077951151449959e+00,1.173872104757401580e+01,1.242139474562713453e+01,1.181746364372857627e+01,2.641490568815319762e+01,1.033761157116134122e+01,6.757393729489866718e-01,1.194695940582515625e+01,3.186668793996190630e+01,2.450203437347449764e+01,2.632214880828604464e+01,1.834816600173429180e+01,1.020239546808103981e+01,5.374373309147200573e+00,2.226306331117659454e+01,1.892107539651343728e+01,2.612100761934868132e+01,2.315330282867421730e+01,2.056436149884089559e+01,2.662783135700803605e+00,2.684156967328296162e+01,2.970847941537996917e+01,3.614417851723704445e+00,1.622475013658683096e+01,1.906365185874563650e+01,2.269992756484166208e+01,2.411395799076977653e+01,1.947497356531259882e+01,1.800135883902346023e+01,2.749260605478932717e+01,1.465286452143602780e+01,2.629231276561198172e+01,2.104449732258805028e+01,1.086347835937904982e+01,9.436494442498574386e+00,3.008856054664776458e+00,3.903860842101194439e-01,2.311409575846257880e+01,7.455303985011777712e+00,1.826529913753206813e+01,6.458773957211661809e+00,2.190137547515935168e+01,3.238522204493501988e+01,1.508190401399165026e+01,2.183187597449397188e+01,1.365543999287854682e+01,1.764335336692516165e+01,1.638747106000707632e+01,8.212856531651182124e+00,1.168508825248537519e+01,4.066230258146427445e+01,3.312242894424137774e+01,7.164050304953642367e+00,3.739443366238140243e+01,7.847740845876542082e+00,3.118032113993701415e+01,1.276925135138394651e+01,1.307783542629781337e+01,1.554540468195801672e+01,3.001435038200031880e+00,2.915025732232347977e+01,1.655732750792115482e+01,1.178756148534609061e+01,1.647810446162929310e+01,2.471262168369046108e+01,9.030365376107395647e+00,1.143469152465828742e+01,6.240662188117825693e+00,6.872824260841801092e+00,2.996888501701851126e+01,3.518579096038721765e+00,2.737852619442722357e+01,1.279415545456362935e+01,1.929943405831335212e+01,6.299316826671832459e-01,7.873699726736561821e+00,2.942175497509266080e+01,7.436285790971743026e+00,8.350052607511733171e+00,3.001669298156525389e+00,2.157267391698880843e+01,3.625179259143708865e+00,1.758320605292142602e+01,1.807104098559123884e+01,1.850963146709552642e+00,7.163135510408790374e+00,2.337431691022595714e+01,8.827870870053191155e+00,2.460979987333678665e+01,2.256671142918251505e+01,2.061168156392015050e+01,2.820402284291036921e+01,2.565217439168817037e+01,2.259269083326394068e+01,1.091122666734239210e+01,1.303634059374317289e+01,1.772266609619374123e+01,1.226243663286572705e+01,5.415601273048498143e+00,1.621004226200555820e+01,1.517336680086119216e+01,2.516152774585216800e+00,8.320831840973719196e+00,1.113177528418595763e+01,1.384705472687960004e+01,1.088916469876830462e+01,2.539081282816884766e+01,1.558994630728838260e+01,5.688526012650627628e+00,8.142436037405991200e+00,3.856527779674163980e+01,1.972143188619238785e+01,1.034746916973674402e+01,2.880950525784123784e+01,2.344143503462726486e+01,1.436634019488001535e+01,2.387563273505012518e+01,2.096628098114068095e+01,2.026094224273404265e+01,1.984722735444904629e+01,2.219522573018851830e+01,9.296877768947068077e+00,7.046174785270339358e-01,1.405812645660467552e+01,7.000057295409697566e+00,7.819955593284682038e+00,7.885750551235065409e+00,2.246824441363005675e+01,2.167048601789731421e+01,1.696931711390259068e+01,3.069543140004531168e+01,1.780077107766985522e-01,1.659054026515944358e+01,1.392862033593016946e+01,2.339547105831471185e+01,4.156723430568660227e+00,1.151377940086084450e+01,2.505323606825307792e+01,2.093549200210296846e+01,1.290293655000059125e+01,2.500003848037643905e+01,1.425876674206013206e+01,5.159794079707534564e+00,3.020082284167372677e+01,2.283793317610339102e+01,2.124166890422152676e+01,9.312787589801860832e+00,1.387844239935300017e+01,1.359154524228240923e+01,1.547890280305214716e+01,8.430299769056121661e+00,1.925440159796933060e+01,7.341699866200832147e+00,2.248465224634437476e+01,1.836747596292748597e+01,7.441189080579436954e+00,9.998507237387743274e+00,3.530636971431418658e+01,3.276167763583555370e+01,2.340379620119074033e+01,1.612837038806317835e+01,2.217036216506926394e+01,5.274039772137207649e+00,2.885691871767466665e+01,1.879097975468012649e+01,9.129413737614262558e-01,4.777141744114369715e+01,8.958263539052715885e+00,1.486358370744049573e+01,4.530133834729694886e-01,1.007368590270373332e+01,2.274478718645722708e+01,1.154734193162745903e+01,7.514827088961709478e+00,2.205081638808081124e+01,2.668235276606675299e+01,7.681189260164527965e+00,4.781461847573991730e-01,1.696018476055066770e+01,3.872693769396880725e+01,1.460051002446608059e+01,1.017310276028003280e+01,1.747316822738602937e+01,2.357343815056223235e+01,2.118578974249509272e+01,5.916271709464731465e+00,2.195761995603682237e+01,1.289874438148902058e+01,2.859390136326425136e+01,9.141450085535678838e+00,3.064711041282613735e+01,1.797511576669360878e+01,2.054800846436994988e+01,6.489678710615342183e+00,2.430567910749072524e+01,2.706388181177374719e+01,1.532373962466416195e+01,1.811561916845503006e+01,1.240987060970993561e+01,1.862795155205396469e+01,6.048898237182470439e+00,2.065611184000190903e+01,7.970955739837700449e+00,1.067076788129101317e+01,2.696907351736418601e+00,2.675181606738250650e+01,1.088575319275593678e+01,1.135787197782161684e+01,2.593753690287292457e+01,2.197777365504307578e+00,2.299105871376121968e+01,1.512347632512079976e+01,1.666146588302270715e+01,1.506997093258346432e+01,3.931680285893706106e+00,4.018043731891032166e+01,4.309953572964912993e+00,2.224939676717571402e+01,2.957507339437842386e+00,1.772851581537267052e+01,1.658602946873725159e+01,1.110768232779723919e+00,1.152797110856448803e+01,2.401911421660485502e+01,2.016222966595000798e+01,1.720462737226845462e+01,3.810152473598476774e+01,3.004343678306810617e+01,1.462012970150517077e+01,1.903062234196366997e+00,2.218206744315495982e+01,3.750422379986655130e+01,1.548690688643675806e+01,1.961629934536153996e+01,1.268310940876226667e+01,1.011757752585878123e+01,5.789339073437428596e+00,1.927876500178681951e+01,1.352180184504047489e+01,1.170957979143616789e+01,1.917357032023186392e+01,1.673092780868688934e+01,1.502828602538912328e+01,2.962628472182269235e+01,1.758481354508479200e+01,3.232246388187825659e+01,1.502551316770517076e+01,1.651102766399171173e+01,1.057404927220275859e+01,6.217839180385601239e+00,9.128080913423950449e+00,2.000445853106981531e+01,1.635162771768946754e+01,8.342444543712964844e+00,2.027181822023808877e+01,9.497908811955110053e+00,3.175200874691456931e+01,1.755772817731351410e+01,2.346351554347813817e+01,8.944591364197343353e+00,1.072564293384909107e+01,3.120001911906044256e+01,1.287566884970109804e+01,4.883874693842817294e+01,1.306943837345362525e+01,1.780413603890170648e+01,3.517165560038566241e+01,2.619190485321447426e+01,1.397517553846427774e+01,1.442474789913221089e+00,1.913536426661739398e+01,2.275770836644079509e+01,1.546347977266951723e+01,5.915701767276644318e+00,6.360550429053966504e+00,7.467457740841493496e+00,3.245121311423937449e+00,9.922174915467445899e+00,3.683723116871552605e+01,2.505994652097784225e+01,2.959809641412156722e+01,2.626460903058546492e+01,5.291643324686192251e+00,1.865728260818788398e+00,1.642161068022917192e+01,3.401042363512458166e+01,1.653060285659789486e+01,1.867226521361698843e+01,2.944367288572420449e+01,1.348968611831083741e+01,1.740260738154188758e+01,2.144308294274627613e+01,1.508452747332334276e+01,2.862951575702253493e+01,2.284841807215113718e+01,2.661114040032969541e+01,2.468252151072243450e+01,5.598630205527951986e+00,1.599033964644468142e+01,1.407035535322104991e+01,2.682283587153070314e+01,1.928509564293287326e+01,1.863994265412658535e+01,2.300566077297276024e+01,1.638589576984172069e+01,1.583057989754470363e+01,1.534236599278591484e+01,3.086267458809540543e+01,3.240671634405138235e+01,2.047643817658070375e+01,1.441813348080855661e+01,2.915286386025148957e+01,8.012804806269560487e+00,1.207222413510105774e+01,1.391590842260522187e+01,1.223969520193996985e+01,1.899988732446808326e+00,2.847384270593856570e+00,1.177623613423585880e+01,2.119173934735108134e+01,1.487220359682971171e+01,1.807204269444762801e+01,2.066518212944583510e+01,7.975189088969492524e+00,1.470447533734934353e+01,3.250562968956641186e+01,1.721423185066224093e+01,3.487212741837686281e+01,1.386210305822855648e+00,1.338455518589645621e+01,2.553816860967687319e+01,2.470080778628514295e+01,9.668932100616997261e+00,1.653309023653989840e+01,2.591467439346184065e+01,3.368847270786005765e+00,1.379457013893001083e+01,3.161120964095350416e+01,3.336357013748078515e+01,9.455855585164603117e-01,7.498045162901467720e+00,2.368854641415759232e+01,2.580329299341327953e+01,1.288524552949849067e+01,5.536055457752020459e+00,2.500137495596518633e+01,2.046958050351972958e+01,2.598488916747586330e+01,3.552201911671720325e+01,8.466101476065063025e+00,1.066524565099212118e+00,1.387335583835885444e+01,3.619650511980920360e+00,1.839682118901106733e+01,6.285164511710128465e+00,1.635899599140544725e+00,2.439430987655517313e+01,3.036926394317302069e+01,4.076727331106156527e+01,8.315546378617719725e+00,2.526564198957744978e+01,2.386590104845146598e+01,7.221692504104963106e+00,2.996902774969660044e+01,2.767068384930122349e+01,4.798543272596869080e+00,1.098645384794509106e+01,3.651339845184287469e+01,3.902193791172841486e+01,2.770031483844889664e+01,2.375190738729973461e+01,1.134273367613150008e+01,1.121761341772783638e+01,1.154012407831387499e+01,2.774939694360105946e+01,1.208403894756664343e+01,2.525894095416416008e+01,1.855490893794062757e+01,2.258570182207943944e+01,2.698314082028683458e+01,1.529706112835045850e+01,8.421795447123017198e+00,1.309904730355869695e+01,1.790306007908149155e+01,2.918109354191330240e+01,2.715286667921664332e+01,1.905412337661564948e+01,3.518258718915266314e+01,8.550738719324773029e+00,1.461268053498487518e+01,3.222336129519376868e+01,2.781402119590838140e+01,2.145828006228710905e+01,7.539980865771685359e+00,2.949940886085174085e+01,2.952564312366655486e+01,1.164596244149756465e+01,7.537626239599218181e+00,2.594765190732582028e+01,1.627876649827235411e+01,9.769765004649261897e+00,2.128422075269848079e+01,1.501791557089338802e+01,2.112244207379606920e+01,1.460986650856580482e+01,1.549073094952587404e+01,7.012634985272524268e+00,1.335877877364219835e+01,1.398507938101588621e+01,3.719041844143121889e+00,6.552665678031541319e+00,2.454956472345354257e+01,8.211246651338344194e+00,1.164339925018428978e+01,8.117585020207110702e+00,7.262060145277044576e+00,2.030512165090463128e+01,2.471870809206044584e+01,2.322039016645153708e+01,9.348963833473476370e+00,1.917195202479416594e+01,1.866780025949124067e+01,1.384864174291928940e+01,9.837595503849899004e+00,2.454085666358201223e+01,2.871508979471866674e+00,1.133906372590029576e+01,5.726726896488591123e+00,2.784900329144664965e+01,9.598208625584694786e+00,2.589977466328789291e+01,4.260749774748784802e+01,2.825205896713388398e+01,2.309995029661386923e+01,1.669245520865367283e+01,1.067769526895973797e+01,1.193974375911080621e+01,9.282739604585421134e+00,4.222211452975675461e-01,4.879516033460394198e+00,2.145656728372826905e+01,1.546188363173304481e+01,1.734250560808776243e+01,2.806918208329518905e+01,2.272658760219693974e+01,1.214711611323588869e+01,6.166172678764075599e+00,9.392606063211919931e+00,8.041155506696695099e+00,2.122264661247785966e+01,9.391687090468447963e-01,2.329211007034099978e+01,1.448524793428136981e+01,2.097155026680719203e+01,2.519940682453222180e+01,8.777785662244697917e+00,2.790092601120781168e+01,1.216972004164172816e+01,1.512170781717147250e+01,2.284766983177641464e+01,1.434781428607217535e+01,2.772777683702013718e+01,2.195739393205328227e+01,2.175680850750614326e+01,7.034694740602387419e+00,2.345537054782956332e+01,1.540868588161091246e+01,3.467851696704955966e+00,6.183279371091498611e+00,5.244966542508483265e+00,7.030689278612414661e+00,1.801319586531677786e+01,3.387399505016400525e+01,1.428848407993501102e+00,3.447054780870655755e+00,1.704347978215776749e+01,3.089839258137893196e+01,8.124678391547908163e+00,2.271968197833453829e+01,8.808453746072935076e+00,8.609391001348619454e+00,2.439807598413150203e+01,1.111079113749192437e+01,1.795121836928286641e+01,2.189108867545543191e+01,4.147456750673675252e+00,5.822103825354257189e+00,1.904299053728480828e+01,3.186003511291835366e+01,8.659530337941685474e+00,6.116491546045237371e+00,1.132302861648549808e+01,2.486889722370080591e+01,7.905192308006380841e+00,2.054922746885512552e+01,8.123575711178959935e+00,8.905542759881431181e+00,2.144469524396983573e+01,2.832470665565617196e+01,1.691570335476586351e+01,2.698486432661868939e+00,1.579017590221359413e+01,8.326586639300927573e+00,2.024636487092702097e+01,3.295987275530769267e+01,8.991408378551923875e+00,3.028857740911115926e+00,1.840097755715522609e+01,2.592845004531906739e+01,2.978832717914763606e+01,2.316208747419148750e+01,2.569317929630796016e+01,1.162101018224210236e+01,2.333201617805926276e+01,6.683080443567035012e+00,1.741307787184699407e+01,2.719158418625046281e+01,1.801509923498912613e+01,1.936569968079133020e+01,1.870024074138143888e+01,4.253998135748155107e+01,2.741342067504483992e+01,1.262895804290292467e+01,1.632374260355408069e+01,1.933445343394912896e+01,1.178354687486752317e+00,1.030282431448586244e+01,1.790418382999437696e+01,6.167045644751761202e+00,7.981081190645394230e+00,1.637377504240087234e+01,4.010397919383183307e+01,2.047689616439068416e+01,3.965348450129669633e+00,1.971886109931764253e+01,1.370844582413529622e+01,2.006694414262199189e+01,2.677564519731954817e+01,6.971539461265302329e+00,1.140368297093271366e+01,2.037030079903133029e+01,1.939323490247070580e+01,2.706758603566304089e+01,2.670560802888122964e+01,2.093957547693880272e+01,2.076698213229148138e+01,1.856681954815841351e+01,1.142241725258292995e+01,1.685780719200795374e+01,1.567702222222118635e+01,2.467949934960255476e+01,1.843196375782688889e+01,1.453866794414248531e+01,9.933872185760012741e+00,2.014412009770997258e+01,8.799425248139446154e+00,3.896292477254858611e+00,2.763258831663812387e+01,1.304153791606320922e+01,2.531547458420783059e+01,6.584690366418193719e+00,2.834973933444786809e+01,2.390290220822983613e+01,1.540104408090881627e+01,6.836154805997807671e+00,1.583890628510110332e+01,3.080173537948826734e+01,2.376718673803894433e+01,1.368318731095966356e+01,1.665736776663449881e+00,1.185493446234136528e+01,3.428690446956626836e+00,9.284490586712681903e+00,2.613020179420903233e+01,8.926370198618959861e+00,3.707209036576363026e+00,2.171998582476604511e+01,2.856288279056775536e+01,6.088190171032262121e+00,1.030179032502221936e+01,7.089795583456953487e+00,2.795226379718215970e+00,2.708881873696747533e+01,2.510232342121381421e+01,2.684690516929720516e+01,5.447643139661044742e+00,2.665940055645002715e+01,2.784598822175087918e+01,3.736043315766902140e+01,1.251295341738999589e+01,4.176670004443153772e+01,1.148389335958567870e+01,8.341919656516376236e+00,1.419331961429394440e+00,1.822106800818197669e+01,1.850978021198523749e+01,3.034142032724507487e+01,1.791700540665611641e+01,3.276663791427672834e+01,7.110796829833868848e+00,2.242565828847211762e+01,2.835397676719746229e+01,2.421327967187231067e+01,2.652420951131072258e+01,2.493281808178284464e+01,1.153292236589389219e+01,2.119237819860466843e+01,1.097145923800897371e+01,1.312992959725462683e+01,3.524173743382010837e+00,1.100458628731328403e+01,1.422998666086326480e+01,6.193528539904730401e+00,1.984960049521644265e+01,1.886382030741393123e+01,1.298652060206443437e+01,2.668765954162046228e+01,3.172796159193275756e+01,1.487820496099595680e+01,9.072603600834286297e+00,1.957388673821826242e+00,1.898255952668425905e+01,4.887551636963770818e+00,1.037045722980270313e+01,3.395635966136230977e+00,1.946219837149626386e+01,2.374645966838753708e+01,2.567940348215177337e+01,1.774581308022712989e+01,2.210830860589998892e+01
4.277490579102678225e+01,2.036017616056103918e+01,1.282871038520506379e-01,2.767060508625515780e+01,2.281273472970854499e+01,1.693801328093149650e+00,7.016049488205861273e+00,8.918565084330937864e+00,7.116141830316355943e+00,9.367861396977442467e+00,2.083299840112522172e-02,1.185299903340629157e+01,1.923769902532849940e+01,6.261569554774760960e+00,2.078725892229494931e+01,2.448118987884996045e+01,1.691539454525887010e+01,1.028079734834095404e+01,1.470986728416353806e+01,3.559663752343183063e+01,2.495576205325801311e+01,1.800838189832111524e+01,2.795542917901574143e+01,1.227585721013214481e+01,2.241525126133464596e+01,1.676914262963602908e+01,2.888004411904687885e+01,1.662500803497912116e+01,3.215786801804263462e+01,7.351675330813672637e+00,2.247327242693075888e+01,1.131745382874008943e+00,1.823284113326952038e+01,1.473205400372801499e+01,1.529807962586805559e+01,3.002266010074492897e+01,2.025357301141069044e+01,6.462198252482509453e-01,1.286564782636498094e+01,3.260929470869593416e+01,1.618016325738089023e+01,1.202718604611948905e+01,9.175766210103306619e+00,9.954552870781856910e+00,2.809847488368133916e+00,1.808947403430327938e+01,2.276866777986164436e+01,5.937621103782078080e+00,2.486428021938861477e+01,1.089078887637657189e+01,3.766777820669502841e+00,1.022328354380884541e+01,1.480379228593434426e+01,1.938798139115194274e+01,1.170128798785948732e+01,4.057791048709329829e+00,6.000311170876136302e+00,1.598850909827237210e+01,1.096817665677964904e+01,8.646639967634184742e+00,3.262718944911982555e-01,3.290593790885532144e+01,2.011021149417991438e+01,2.332947298441554906e+01,3.257997075835969270e+01,6.805534882444589151e+00,1.107128994722185666e+01,2.322682547094689554e+01,1.547118098553666599e+01,3.425285471331067555e+01,2.000254536201047628e+01,1.460546358853008897e+01,1.684687821695399990e+01,2.330437963690037506e+01,1.697344444101686989e+01,2.184110492681768712e+00,9.839150025588944359e+00,6.902362279509306475e+00,1.079365613951220126e+01,6.257702141015299091e+00,7.812263267197825378e+00,3.182565839374255390e+01,1.018107708757667496e+01,1.030787378819916000e+01,8.968531887137650926e+00,1.732445311862224457e+01,4.750929954248443998e+00,1.938445271026911243e+01,3.409245857616041064e+01,3.025095635165246932e+01,1.580366452412818568e+01,6.547254945860450093e+00,5.839492817293774340e-01,1.847103511448381141e+01,6.052496186852092563e+00,1.153016931030252401e+01,5.660527477353788584e+00,2.481700854556618907e+01,4.862615111457591510e+00,8.130627849354091552e+00,3.994498727089849766e+00,1.283318098530787665e+01,5.041657160026045581e+00,2.838043417996411222e+01,2.526641385900160230e+01,1.854559870171006963e+01,3.054906904604484907e+01,9.149468674806287893e+00,1.856527178353131902e+01,1.949279788495492838e+01,9.048279157175024068e+00,1.766416710814610269e+01,3.374616244539260634e+01,7.280358972452426691e+00,6.634543425994466226e+00,1.211148956489069306e+01,9.805890534587373253e+00,1.169358318865499591e+01,1.962143717931989784e+01,3.185389230209338507e+01,2.524989376555484810e+01,2.678936150919499326e+01,1.484065190394471045e+00,1.182697723142997148e+01,7.201676578433396259e+00,8.350363318093252385e-01,1.631425082234476776e+01,2.859769116111963427e+01,2.431175094465608311e+01,1.060961488437026645e+01,2.058463319870640262e+01,1.412767671180189133e+01,8.632112054753434682e-01,1.029311423338546483e+01,9.458481053524476323e+00,3.750114196442200676e+00,1.361632919455185942e+01,1.680073241504680226e+01,3.769845729964963699e+00,2.637501908390758487e+01,8.582457250399420090e+00,4.825736536079863193e+00,1.215360028930346736e+01,1.070911063653385575e+01,4.520935617751476343e+00,1.615883216514283793e+00,1.734345909871424141e+01,4.759661500903479059e+00,8.213492888655370194e+00,1.274131228460229970e+01,4.037434875444676941e+00,1.039639290108686165e+00,2.136802825654045535e+01,1.818916080920969947e+01,1.083393615978463131e+01,8.360627452224452583e+00,9.492373158049376869e+00,9.875859334395910238e+00,3.029014151125949184e+01,3.854170212807722873e+00,1.350401988839579026e+01,2.284753676214489548e+00,2.690237647254819819e+01,1.025875115918913316e+01,6.186551097573440572e+00,8.820663845975900585e+00,4.667656165767542831e+00,6.314231008263042177e+00,2.237623345444622558e+01,9.014459035753130678e+00,1.408446453019797673e+01,5.250875227444090854e+00,5.825660091380738814e-01,2.144227081985833561e+00,2.092328784576975309e+01,7.472841985930585018e+00,9.570687235089902600e+00,2.481217668606206406e+00,4.851516624708978931e+00,1.181379646733640421e+01,2.277046247013033664e+01,1.778519678353611155e+01,1.186557589802650092e+01,5.344703800351707557e+00,1.505382458837280168e+01,1.220131849470937624e+01,2.446916851933510717e+00,5.208430979524719007e+00,4.062403027064444672e+00,2.674149191837440487e+00,8.936990804516000253e+00,2.681697664507469270e+00,2.500376415620083748e+01,2.249839047295195016e+01,3.074599419244481524e+01,1.037591678094906023e+01,2.048367498515961316e+01,2.300643588147799079e+01,2.276793151169919582e+01,7.082735683842523722e-01,1.046303955282841613e+01,3.271131407594453577e+01,9.361181446474953205e+00,2.108303355257847755e+01,3.510572661148896323e+00,1.209201015344295271e+01,3.371965382519096721e+00,2.432291625532770230e+00,3.656410127501381169e+01,1.749055888703477279e+01,1.452344753078474149e+01,1.072158515301820358e+01,1.331663181753367287e+00,1.185932118003573343e+01,1.839694424778007331e+01,8.367750313124412420e-01,2.138400275300671893e+01,9.673219658162937051e+00,9.652738641588520352e+00,2.968321371740625381e+00,3.174019159063703199e+01,3.173266959682922561e+01,3.564595845802477214e+01,1.520029812838084915e+01,8.181702365417718781e+00,1.477038458901638940e+01,2.771923525164594082e+01,1.242161291565892611e+01,1.362948220389248100e+01,1.303531432204509244e+01,1.412007979284910064e+00,1.611477186298299102e+01,5.169866564779544010e-02,4.209904005407588024e+00,6.247937847887625296e+00,1.679342511048363917e+01,7.225669865958022520e+00,1.233397131100250022e+01,1.688553092120211119e+01,2.342726263536553333e+01,1.129212228766308357e+01,7.268018559272714896e+00,4.411063143372256690e+00,1.478830980912576898e+01,1.456094865791230042e+00,2.493502645801372353e+01,5.431157776759038214e+00,1.942006441833022024e+01,2.074324518390582739e+01,1.377539569934571695e+01,1.168377809363786213e+01,1.153472492725876997e+01,2.446530208736505330e+01,1.111415004984826460e+01,6.649633848057697749e-01,2.638914630129780647e+01,1.437223248676867016e+01,1.258359803948340883e+01,6.225545235501227737e+00,1.517477233491853994e+01,2.592036696369461524e+01,2.118249206350346014e+01,1.007903434119529607e+01,9.267413650165373440e+00,8.003811584485776010e+00,2.631193231528147081e+01,1.189571697414928053e+01,2.402960758600154989e+01,1.054112593942443254e+01,5.646780806462193603e+00,1.345620542037768530e+01,6.765742857641027896e+00,2.674580066014838309e+01,1.208731459086857640e+01,2.043144731206668396e+01,1.803960205057699895e+01,4.891690408580365634e+00,1.450284180803355127e+01,2.661447345770864814e+01,1.126095384414626110e+01,7.375951776061644871e+00,1.473946855308629722e+01,2.620909655645114000e+01,1.320999871735659603e+01,1.232976204573171231e+01,1.178413819801260365e+00,8.098007028768380522e+00,2.001385748743950543e+01,6.555985499368990332e+00,9.762241768214421356e+00,1.685925234072599110e+01,1.675756793166546288e+01,5.791030925964795628e+00,1.537316126522221360e+01,1.842043382042623989e+01,3.320105971179189375e+00,1.380020554440441849e+01,2.026523197860995396e+01,1.068150797047499445e+01,2.930355293471161460e+01,2.578792798169272515e+01,1.100016833135390115e+01,1.013391756566522162e+01,2.576506584992735327e+01,1.883147051591148724e+01,9.944167101684865173e+00,1.179951958673678902e+01,4.608601075688098625e+00,2.651811123618171706e+01,9.352243743190973291e+00,1.078323237031309212e+01,1.859528086156266635e+00,1.158959527286295987e+01,7.296672674702038286e+00,1.942456229538916190e+01,8.313337283029841984e+00,2.847012291316030286e+00,5.496061195831111412e+00,6.074359769969240652e+00,9.103772732283649916e+00,6.583338613096741732e+00,2.288941182508120420e+01,9.689797899061346698e+00,1.575077310249758256e+01,5.631722239286438558e+00,1.956810293640335985e+01,2.106352637371662695e+01,1.317773892674119551e+01,9.448251576347987069e+00,1.272558850338890579e+01,1.624142471777740582e+01,2.684417916778247459e+01,1.622788132745305756e+00,4.911366404013142173e+00,3.681971905434467285e+00,2.637022745003950064e+01,1.224984345613998293e+01,9.854719409938761387e-02,4.024138521619286202e+00,6.667692314521728392e+00,6.219312716394763463e+00,1.274221820335436739e+00,1.821820689864368958e+00,2.194487686349839350e+01,3.360847043829235758e+01,8.987793626861206420e+00,1.053892576158848016e+01,1.654391356626196297e+00,7.350981274676849253e+00,1.049548825951818337e-01,3.382037745385307659e+01,1.386158642270583385e+01,9.579242962906693748e+00,8.442211718210797855e+00,3.214287900388262642e+01,4.184891021265305433e+00,1.767457037431900702e+01,2.357915543591735386e+00,4.847480510057800451e+00,2.910720880744150563e+01,1.984402565141982322e+01,1.795945402069420993e+01,1.031845714850368800e+01,1.883626821380853755e+01,2.271266493216296567e+01,1.169155343979349837e+01,1.511047134118164692e+01,4.557731252601279204e-01,5.062162655657868271e+00,1.776110908655341802e+01,1.690597351770161794e+01,1.256087793318999779e+00,1.992044292652689563e+01,2.616817273788173992e+01,7.598427012020211535e+00,1.843612895612923452e+01,4.466946131367704353e+00,5.975704326570621561e+00,6.665053490289175819e+00,2.801607938206666759e+01,9.768850109913976842e-01,1.234558759162226949e+01,1.111613334752838966e+01,1.874416408646608900e+01,1.185294939568965233e+01,7.824860135148687945e+00,9.770693897626884450e+00,2.219584326228721949e+01,3.427856931143505204e+00,3.140281980837164255e+00,2.166432335498691231e+01,1.588070972015424154e+01,1.971538661843244711e+01,2.254070950700122200e+00,2.202702593526677433e+01,1.756231006403879391e+01,2.667243258248228344e+01,5.337227609489681335e+00,1.058608833369055091e+01,1.642047303582552331e+01,1.255999329385926622e+01,9.261829812265073292e-01,3.647225987458300622e+00,1.096076638144623594e+01,2.826602203221473264e-01,1.397857447056951408e+01,6.619794178807809182e+00,1.167476732060313438e+01,1.264523390645081591e+01,2.207768773778582627e+01,1.814045758081033100e+01,1.081232774170344868e+01,6.876299653494870157e+00,5.630623686262018701e+00,9.455338670705582871e+00,2.570978251323929342e+01,1.773964645280426211e+01,6.661411811707115049e+00,9.606926570103595964e+00,1.248192450060853886e+01,4.549460217466496093e-01,2.330785261756667381e+01,1.613189631136248536e+01,2.791672186813720202e+00,3.498484155806444118e+00,5.523447483888517695e+00,1.816911595622743292e+01,5.242206173276124481e+00,2.443626091932797451e+01,1.460790646883699750e+00,5.692061141441631555e+00,2.078899182083454633e+01,1.563579753587999122e+01,1.785554649298627794e+01,2.086281593203881002e+01,1.867504491177854931e+01,2.646118010883062865e+01,1.939502689510625899e+01,3.034326194421490897e+01,1.103929599263802785e+01,2.119181594627920262e+01,1.372956350570120598e+01,9.432557237879240830e+00,2.052994813004886954e+00,2.135255436043201271e+01,2.883859687738315714e+01,2.055863244216006791e+01,1.389078463572493405e+01,1.581472060915392719e+00,3.559649518685013447e+01,1.839247833710555824e+01,1.357242330662089458e+01,2.009334747807234933e+01,2.079997434952353785e+01,2.538249759969594521e+01,5.458267529061831880e+00,1.050125844073830272e+01,1.674109844156043181e+01,2.177239406576454428e+01,1.828970565304983609e+01,1.048618190221654700e+01,2.012696573236248909e+01,1.095559191585602932e+01,2.007313926789456815e+01,7.095958189966827590e+00,3.150605306336018074e+01,2.032206217925033442e+01,1.893925955886520995e+01,8.774500673626405955e+00,1.677492180854991233e+01,1.383115720401873361e+01,1.097428198894380458e+01,9.840488389951701720e+00,2.498690681465341967e+01,5.744481044134159831e+00,1.417428701920911749e+01,3.352981627038765122e+00,7.904315701243790571e+00,2.934434730089383336e+01,3.296107609296186958e+00,2.133194185134474097e+01,1.068110281955062746e+00,3.648872585128128065e+01,2.824427129778200318e-01,1.916475105273860891e+01,1.147648518168075427e+01,7.108366058635185780e+00,1.124437326229471523e+01,9.427570179675528905e+00,7.788814246734283131e+00,1.311033654907801438e+00,2.589463542324191891e+01,4.601513533786072863e+00,4.308451682078006328e+00,1.424424850581093516e+01,1.858675108337324744e+01,1.088062268400551424e+01,1.513701835284030395e+01,2.135748127517529582e+01,7.508567428435767077e+00,8.194646843851256079e+00,1.078500979674439586e+00,1.530755698837479706e+01,1.908535889593046875e+01,9.037424644202081581e+00,1.094202379841580708e+01,1.007755556603774139e+01,1.233338221367946019e+01,6.284659889607390859e+00,1.808509168602995487e+01,1.880017592420907135e+01,1.099533392977858526e+01,1.093804978898862856e+01,1.235620798624601768e+01,2.752434726067078952e+00,1.620391972531701086e+01,2.947416749751404552e+01,6.186480844871180551e+00,1.727872867839937499e+01,2.011388049855471039e+01,6.102797807291089782e+00,2.973208823506366283e+00,6.094660924289920345e+00,5.616288656240612243e-01,1.041067913555129110e+01,6.132700002244172444e-01,1.989357731072488633e+01,1.881126438619366681e+01,6.129712057181601281e+00,1.687221136372014740e+01,5.665271484317113249e+00,7.194208036329793998e+00,1.956860493314984595e+01,1.892215267229645548e+01,9.429990052099446629e+00,1.758680574805810082e+01,6.787937932839017030e+00,1.105629006088836963e+00,1.704205335904968699e+00,3.792056506925850279e+00,1.838251481180288849e+01,9.152831794073051919e-01,4.460391279804297171e-01,6.715498718658144739e+00,2.525718552248208226e+01,2.721505008555759275e+00,3.113354944353331266e+00,2.095630902023130204e+01,1.136789778968794806e+01,7.598927443346624067e+00,4.985850592119421165e+00,1.321179314223235401e+01,1.838149888199360760e+00,2.367135305336059403e+01,3.749490391474555651e+00,8.093259565716151016e-01,2.672269742663877512e+00,2.267954793010447645e+01,1.145797811269701372e+00,2.535180211451800858e+01,1.049115166687682077e+01,1.082753254874641513e+01,1.692841142913121644e+01,4.601294994197075994e+00,2.199421230824312801e+01,1.975015237765841292e+01,3.465002604119131036e+01,6.883960666370978920e+00,7.029874743958383077e-01,2.111128667591403030e+01,1.261709064564325899e+01,2.314465800702580456e+00,3.337692034114419215e+01,2.099008893752548843e+00,3.026976816833563788e+00,1.394939347535820051e+00,1.512701713914871782e+01,1.188898104779325848e+01,1.890164745339572150e+01,2.905947859741323924e+01,3.415672123515498537e+00,1.194826876962333451e+01,3.276167517654537420e+01,1.233503182413502941e+01,6.525035585555015061e+00,1.528797558501541198e+00,1.667307828141517945e+01,6.277990173665946472e+00,1.821978689189146072e+00,1.214312578362486050e+01,1.817637589189073921e+01,9.391866048171737091e+00,1.755010099060982043e+00,1.083533030862992064e+01,1.525944628797266844e+01,2.551453815844411466e+01,1.531611080559103666e+00,1.678865955400008714e+00,7.200833190810081774e+00,1.066005879083920327e+01,1.943091838312097153e+01,1.566123074601506815e+01,1.050454711633980853e+00,1.080799124359598551e+01,1.203644501406262535e+01,5.290890407531442463e+00,2.562366993268156534e+01,1.287877758673446849e+01,3.062206595139341125e+00,1.179549634383577583e+01,1.127422551214319668e+01,1.694930866576475381e+01,2.101699629383765000e+01,1.228188876221336301e+01,1.037057472628768728e+01,1.407847969613604810e+01,2.737822246544572291e+00,1.512426079347956076e+01,2.414136616346585384e+01,7.305120329671622059e+00,3.018787061624825085e+01,9.306111037545344189e+00,1.582962892775013009e+00,2.082647263605635146e+01,6.020104638157887322e+00,1.503122361286180597e+00,1.941614828867948361e+01,5.984304659572935670e+00,1.008207440386502007e+01,1.344951252182027934e+00,4.773407593216695943e+00,2.764303166165873193e+01,4.125955851392913765e+00,1.895042244977555157e+01,1.596657548729991305e+01,1.363524855301375105e+01,1.491902777011179460e+01,9.889836702921719791e+00,1.647122336418078481e+00,1.382893562741195481e+01,4.887296384859568299e+00,2.028141346512952481e+01,1.089944440580954677e+01,7.841076451426774341e+00,2.375772714969600941e+01,2.547290292950748380e+01,9.422026972599129024e+00,2.792374610111527744e+01,3.062186915739456694e+01,3.314798786998390057e+01,5.072069670404162345e+00,1.793118791925270727e+01,1.803521880844238723e+01,1.095497237305172966e+01,6.387054896775365087e+00,8.029334972630049805e+00,5.628867991961701733e+00,2.415666545869020609e+01,1.236896829690732780e+01,1.437322743004840220e+01,2.119440662636833750e+01,2.465867813894073635e+01,2.773693195903588204e+00,2.906247393081274666e+01,7.054541187604506547e+00,2.997991802294138974e+00,3.400714795299290927e+01,2.507994012038446741e+00,1.110325998605879505e+01,2.477658547805648581e+01,1.290021519238135994e+01,1.296798189597892481e+01,1.952332007260811864e+01,1.399441264163946153e-01,2.382685489985418292e-01,2.577728859866074629e+01,1.741590397878237084e+01,5.645447792996398206e+00,5.889609011591431909e+00,4.580427310381341321e+00,4.026036242698830137e+01,3.170067881078556304e+00,2.045203526095060909e+01,1.727147744397230866e+01,2.083989939556827320e+00,5.356874959001736158e+00,1.947834362573893419e+00,1.420462035026136771e+00,2.879696510266051490e+01,1.241177568517482932e+01,1.096552919635288603e+01,1.199544104109632636e+00,1.162754093102641662e+01,2.399035788692958704e+01,7.506187286396655445e+00,5.667224708649026610e+00,4.669513971599659752e-01,1.600005257954612015e+00,1.593154243692322147e+01,8.853431266905575470e+00,1.394872645338726080e+01,2.703984620974176067e+01,5.461999049773392123e+00,8.176482177830870057e+00,9.374891830301750772e+00,3.569862141876067341e+01,4.147695805004239844e+00,1.532895642186440632e+01,8.836688542279272696e+00,1.621399108346889406e+01,3.603578735428928592e+00,1.400876684400165217e+01,1.487340129155891644e+00,2.423874344516164214e+01,1.449641066008571499e+01,6.391099564619600493e+00,1.125792162663766760e+01,2.213228026652234703e+01,8.912113009578114031e+00,6.851858169554188471e+00,1.276419578261863919e+01,1.282249784682947435e+01,2.433707627722888134e+01,6.348534251152711860e+00,1.644735627595818883e+01,2.952421086702250719e+01,1.624233113157690056e+01,1.230969672868792664e+01,2.116565378775079775e+00,1.610092019870182156e+01,5.795836177325262462e+00,2.245948738521810384e+01,3.510231812859786515e+01,2.507811585037726054e+00,2.557134656422617880e+01,1.151002190090394350e+01,1.831689657512304592e+01,1.379798458092679425e+01,3.332165542383888290e+00,3.608561891976132330e+01,1.092057275759636248e+01,1.410723439730285023e+00,1.799587216050645111e+01,2.740987575217675953e+01,2.676031434946603937e+01,6.792941543287197348e+00,3.319364023079014459e+00,5.375065168069022015e+00,1.104768136705492010e+00,4.972226533604816368e+00,8.561822809117021649e+00,2.449834784672506416e+01,3.457225171358984106e+00,2.132161944587610591e+01,1.320135185708918790e+01,2.445221075841970571e+00,1.273968332139864224e+01,1.792106842402568034e+01,1.183838400784837752e+01,1.400417511810962878e+01,1.772888021417756699e+00,1.961821706320566605e+01,5.157832040043610178e+00,4.687388252548201351e+00,1.284717031312348645e+01,3.392641416043879588e+01,2.332149077597803810e+01,1.869539893408566655e+01,8.547709949202099144e-01,2.543185355272283488e+01,6.760227439125470639e+00,1.485267707053192998e+00,2.083599053459766992e+01,2.901941765977527155e+01,2.050287669380088218e+01,3.046491186761526748e+00,8.427880059332885310e+00,1.194706398020728244e+01,1.140206075738085012e+01,9.506020333852747584e+00,3.060517921530600916e+01,2.712470419764435592e-01,4.327896344566183551e+00,1.938554490240842654e+01,1.872087207545227372e+01,1.938791689377349314e+01,1.791333883329811982e+01,9.673498781978198124e+00,2.607175519334403901e+01,9.321443248154698935e+00,5.058561926681646170e+00,1.807977469041867380e+01,1.801729538726226565e+01,5.119279613481626079e+00,2.762069124884639493e+01,1.443827779093171415e+01,1.637311554790668211e+01,1.669357032294624332e+01,2.209707761346381005e+01,2.260043417350352257e+01,9.040877287574007326e+00,1.491773032568121771e+01,4.860776782248832362e+00,2.632736812964991402e-01,5.501295304213340565e-01,3.120369475233350443e+01,6.711917109593556141e+00,4.068279766357156824e+00,1.314843733430032557e+01,1.538480205128711908e+01,2.128678106196353070e+01,3.600912195836516361e+01,9.780051631534357526e+00,7.026762782684127906e+00,2.113965452317490445e+01,2.115320065043045616e+01,1.456332558980212255e+01,5.629393405044730514e+00,1.685856979288721647e+01,7.104964268079786649e+00,3.980251824795926208e+00,3.306692298806789054e+00,7.452806185443704656e+00,1.059322007543159749e+00,4.152158293621267759e+00,9.867999176804886474e+00,1.202114502268370799e+01,1.886233966362998871e+01,3.133744926853404777e+01,2.154694099213365632e+00,1.495291598648367959e+01,4.166935393011874567e+01,2.870311513506103651e+01,2.260121282393130038e+00,2.002826228466163627e+01,8.484450816693339448e+00,2.982747239517507509e+01,1.415710439977701007e+01,2.050228560551383694e+01,6.204137866020554420e-02,1.036691725065126946e+01,3.378021862376819229e+01,3.702100250509024804e+00,7.829150628932233680e+00,3.606322558194678152e+01,1.568064823936867569e+01,1.971675147442278586e+01,1.295214805993028184e+00,1.958830050248765164e-01,1.158195051372350193e+01,2.827308108936804398e+00,1.687731912179892646e+01,9.404413101270582942e+00,9.680741674292876908e+00,1.840707470833063653e+01,8.377313907256588976e+00,9.190469639027403659e+00,2.507162735180494195e+01,2.651869077444996137e+01,2.475790105537337737e+01,2.840925206691431981e+01,1.874270428170933656e+01,9.341789798314408699e+00,8.051185037029362945e+00,2.076213857011507624e+00,6.803832881926463294e+00,1.144980776856512117e+00,1.017743991259818692e+01,1.026233427232389950e+01,1.808692113370369015e+01,1.569407215379122889e+01,2.134029734956479629e+01,6.623648955020265738e+00,1.688468426712504922e+01,2.739108903206863843e+00,1.081013959843047623e+01,9.598143535190393649e+00,1.116726073242094763e+01,1.376283944555172845e+01,1.552630909814481797e+01,2.643562007307108885e+00,6.018447489729756850e-01,5.022617975182122052e+00,1.157737665488971057e+00,1.498945162203303560e+01,3.602245101223614654e+01,1.361724921671024191e+01,3.499813215954323375e+00,2.904046994992857122e-01,1.103523492183984089e+01,1.116855697570551342e+01,1.204593075652473466e+01,1.779677549588536323e+01,1.441699267971734422e+01,8.296881009725224132e+00,3.776711583797798255e+00,1.926902496196382231e+01,1.863229542422270058e+01,4.154777111880688878e+00,8.057592198194141631e+00,1.419107070576824903e+01,1.333949216078013222e+01,6.534498627115231884e+00,1.113079850233089374e+01,7.023201661637081372e+00,1.768514578065103748e+01,2.965987764572269825e+01,2.287323691642173884e+01,1.879058495594175326e+01,1.611396997120195795e+00,1.757794821231972193e+01,1.600409841558634971e+00,5.808544088160989993e+00,2.212682035358115940e+01,2.591774251573190746e+00,2.467213721464823095e+01,2.112623112382372881e+01,2.148289513186083255e+01,2.852789805799815781e+01,3.118028241735364148e+01,1.151081433520581854e+01,2.604631775151165130e+01,7.385463098278970406e+00,5.007372676926078903e+00,8.792599799434158925e+00,1.097536312109123813e+01,2.181732423644493934e+01,1.952172260380419999e+01,2.265203073799301947e+01,1.666958094960792280e+01,8.418619792159512727e+00,1.305175776349693173e+01,1.824666726862294297e+01,6.274202480056920272e+00,3.358345927887610571e+01,1.654667309281126109e+01,2.518067354589453632e+00,2.222504205942098210e+01,7.574737537991818037e+00,1.085285025017063454e+01,2.146263675428602014e+01,8.272375105476006851e+00,5.212154418240974030e-01,1.562582629753708652e+01,2.061866239497001629e+01,2.671620994348477551e-01,1.418168772275328005e+00,5.986742948677099108e+00,1.239468194379680455e+01,8.182678263510377192e+00,5.685367531789450091e+00,1.284454129762409735e+01,2.008040343168424968e+01,2.524982655659457365e+01,7.352363252636064495e+00,1.753234776588615418e+01,6.060720473710961009e+00,1.510811704949548329e+01,2.796739812910475464e+01,2.161465899898195886e+01,1.431479091685118377e+01,5.529960375102224157e-01,9.821371849551480793e+00,1.394788269020238758e+01,1.331668419737933373e+00,2.161716758963769891e+01,1.296115712313192248e+01,2.093702007480488447e+01,2.551359819700255471e+01,8.804504508660517814e+00,2.887280802242997435e+00,2.454039511688887387e+01,2.537110491816405755e+01,1.549447666934268142e+01,8.430169078258224147e+00,3.025872271705480010e+00,1.427399375265514525e+00,6.998659063382779877e+00,2.274725904524019526e+01,7.673679823437008496e-01,3.023374790764286502e+00,7.354137731484081009e+00,1.642637971859126367e+01,1.045807503943794625e+00,4.890085487857565916e+00,1.120529729318361234e+01,1.357305577279374731e+01,1.663175025972985210e+01,1.686973565525306640e+01,6.608109560921844761e+00,2.005875490151849849e+00,1.868614756930802479e+00,2.472651040437887104e+01,6.327484988987327696e+00,1.464524869135328444e+01,5.052827544595177578e+00,3.157170509228548472e+00,8.390014393298054429e+00,1.921149802012037355e+01,1.197242267526333848e+01
1.444661469882506744e+01,2.832912315177382112e+01,1.181046514039473694e+00,2.626031219083128221e+01,5.950334828675226007e+00,1.327047378190905924e+01,3.654286095239284293e+01,2.122171640611027854e+01,2.813179318007995633e+01,1.617575561701601927e+01,1.630605583180158646e+01,1.716715655994147127e+01,1.595441967825771812e+01,2.765703294088488207e+01,9.308834258370903836e-01,4.679467458858220574e+00,2.730243269179571541e+01,2.115490611064696935e+01,9.814330737834882967e+00,2.153977223470931079e+01,2.277861455741318863e+01,8.830810172008147774e+00,2.401601967355313150e+01,3.138628100021708889e+01,2.288846186393393367e+01,1.318772361059192910e+01,5.067791369553851233e+00,1.912747728367342859e+01,2.044704230545010404e+01,1.818907287302296538e+01,3.984699846018728397e+00,3.183277276093775043e+01,6.772893729655719675e+00,1.885277296552065440e+00,1.468184632202908624e+01,1.928690919392425229e+01,2.514099591292961478e+01,3.467771967222359564e+01,2.732059115648216263e+01,9.405956786941170877e-01,3.374671429557136548e+01,2.933687778793249379e+01,4.105416057947589081e+01,1.615772819849296837e+01,2.652648488378603986e+01,2.244591137193323149e+01,1.357855376520953783e+01,3.486306471451862876e+01,4.094643320233356576e+01,1.011939301683478654e+01,3.572504340005922874e+00,7.743902419565153572e+00,3.107114304981030273e+01,2.827917561945874780e+01,2.744206739661174765e+01,3.267420426500600428e+01,1.119185393905079806e+01,2.705102736639853944e+01,2.772459623662991035e+00,4.143144869460434165e+01,3.867222833675771199e+01,2.707887527929619509e+00,1.440939852486536488e+01,2.116056700574518246e+01,1.879774590562752223e+01,1.360082704816604959e+01,1.558776000736465761e+01,2.072858755585517798e+01,2.870088171684091094e+01,2.142361047909448857e+01,1.418273648175209090e+01,3.633579703406027051e+01,2.549927173010000914e+01,1.192427120579919730e+01,2.566368764271600256e+01,2.028381431335241913e+01,2.804047626108904723e+01,7.978721444485605829e+00,2.032347758848769814e+01,1.071598569675088797e+01,4.501401810833120010e+01,3.474537393159743459e+01,1.010655598140632883e+01,4.318728828070234727e+00,3.155709537042601909e+01,2.374989165432763372e+01,1.852685668373071337e+01,3.809322397001553639e+01,6.396284022210096509e+00,3.452778150391282708e+01,4.471516294930642488e+01,3.872491982299927571e+01,1.142180779691929260e+01,3.125566020986843796e+01,7.914181048758909043e+00,3.099073272767878251e+01,3.654510792183933887e+01,8.180602975845864933e+00,1.291954669264891464e+01,7.023221344966089852e+00,1.685378907360955480e+01,3.884476629892924393e+01,4.162982726851522131e+01,6.588228242025714998e+00,1.772257888025603023e+01,7.309749475793321238e+00,1.680151487664031507e+01,1.669018770797013929e+01,2.504115201427094561e+01,2.653685271854577010e+01,1.216618346980726884e+01,3.104280574967560824e+01,9.100687968687728446e-01,6.632291786731533634e+00,4.086606059603546015e+01,1.012184813207004552e+01,2.658652258400633173e+01,1.806040937980293037e+01,3.301313609454361853e+01,2.030624695105354505e+01,1.913769472970103536e+01,3.951147654928608866e+00,1.295842124940551265e+01,6.972471774174785253e+00,2.722174687874866805e+01,5.555084944614284481e+00,3.157175887322532759e+01,2.429073448400785651e+01,2.719698244649232066e+01,3.306904799666938999e+01,4.054035442201049477e+01,3.505846243817813246e+01,1.619202086927985462e+01,2.222802832894641867e+01,2.782668043789223233e+01,4.210261043963278382e+00,3.056968746762949607e+01,1.011646743573740714e+01,2.806204279563614179e+01,4.622407460653564470e+01,2.530084539914579977e+01,4.136637386575267783e+01,2.607981792090295237e+00,7.371965407526411163e+00,2.696987018636549038e+01,1.686398806018684127e+01,3.929176111207758026e+01,8.980907129070573092e+00,2.872820515013518516e+01,3.459844239662086807e+01,4.165834751197253993e+00,2.169769176571153224e+01,9.944690065282038915e+00,1.968204023257332125e+01,1.676364214882002557e+01,2.276168719132362739e+01,6.936734833037370151e+00,2.993910917694925544e+01,2.066299398752762073e+01,1.941776700246793297e+01,3.455162711322553548e+01,2.465397219864592415e+01,8.051892459115027378e+00,1.084223018277321871e-01,1.676958096464125703e+01,2.622476955956325995e+01,2.778386304556293496e+01,1.983190093430687284e+01,2.662514090407813061e+00,1.677386269894340742e+01,2.842902345221340354e+01,5.978745454282456073e+00,2.300211620697785264e+01,1.762443141877028907e+01,5.518617576195616437e+00,2.622551898633288303e+01,2.765334568232918144e+01,2.119254989783480170e+01,1.146122057917324000e+01,1.332633133464203468e+01,2.508956127033334127e+01,2.844066158541727418e+01,2.169949824145582440e+01,1.165303050538904373e+00,2.773171951111821798e+00,1.451185562127900219e+01,1.489577161837760144e+01,2.381069630136060056e+01,2.652515760851158788e+01,2.429773725600418999e+01,2.669154976562515813e+01,3.321619366032410170e+01,7.751930781682298210e+00,4.177136389150140161e+01,4.297512191659698111e-01,2.429622026852671013e+01,2.312332414123295621e+01,7.089138810391197865e+00,2.644664511924137429e+01,2.101695953457041810e+01,2.933886385189401835e+01,2.418149420059153343e+01,1.312102589011766440e+01,2.681433842751569685e+01,2.862454110149691999e+01,1.994767647192229765e+00,2.570880766339571721e+01,2.111701297040812264e+01,2.768818989531764174e+01,2.902390079290439928e+01,9.872250129716505285e+00,1.806588399776194365e+01,8.612051849567384565e+00,2.460811189561862022e+01,2.998738575798510997e+00,1.350356764971183487e+01,2.850810417038116285e+01,3.708730471286078689e+00,1.009209244458945420e+01,1.364583246081383017e+01,3.033368747911551466e+01,1.920485280578266085e+01,1.679738322378178950e+01,1.842314855406742780e+01,3.313389167170167404e+00,2.103558830307085614e+01,2.375751026105837127e+01,2.349805636666900099e+01,1.547765456381331539e+01,2.122601240859454208e+01,3.768849995500069383e+01,2.883619176579915511e+00,7.871665808230947192e+00,1.077237394043347507e+01,2.924591879591663357e+01,3.221374668714650369e+01,2.449659191442801642e+01,2.548582419030065083e+01,2.019595872034622630e+01,2.903138687743933133e+01,2.604695109264802610e+01,1.781369000396968971e+01,2.078693475364903165e+01,4.249412667621514572e+01,1.715970042801052742e+01,1.926277678801682769e-01,2.191962728199278843e+01,1.802900716092208455e+01,6.822463778823052216e+00,1.060058736080381436e+01,1.708404555736771613e+01,2.066233371445377287e+01,1.607662646105409010e+01,3.000648403385691054e+01,1.983897035601781766e+01,1.731839172446394670e+01,3.075910808212320191e+01,3.604609537256614260e+01,3.376322645512176646e+00,3.334015436381076825e+01,1.915224417250426914e+00,1.958685498182930829e+01,3.413616645208827549e+01,3.465772476937459601e+01,1.439367648328770599e+01,1.879576130255109945e+01,1.539508550858142577e+01,4.642345029093143616e+00,1.773434760751801775e+01,2.981079898551409713e+01,6.605359145289384060e+00,7.599986176539673899e+00,1.170055563298054757e+01,2.483491176497123121e+01,2.293337556376669539e+01,3.574584624517720499e+01,1.388091998259962523e+01,7.414646746020423507e+00,9.087343852818708712e+00,2.726577662401140500e+01,3.997532191510449451e+01,1.648819872035699419e+01,2.712757460387479469e+01,2.457639727925964479e+01,3.048679251623001107e+01,6.965101719502285071e+00,1.959603858815888699e+01,1.338180559920169621e+01,3.259181950425245056e+00,2.157026430706518028e+01,1.740604180338874230e+01,4.018081592789184953e+01,2.061707470115356955e+01,9.914863228891420022e+00,3.467474905144933839e-01,1.313065855452338404e+01,5.223755779722064396e+00,2.829293445554928610e+01,1.501433294616725433e+01,6.171591666426568423e+00,1.081196134658932095e+01,3.052494823705965388e+01,4.194577063777507497e+00,1.062253336890186439e+01,2.818392827391638633e+01,2.039445263372246586e+01,3.110035319288468969e+01,2.182393256948483540e+01,1.431942577485561152e+01,1.955134102530990603e+01,3.079378027940159246e+00,9.864399489521259667e+00,2.799016094863747384e+01,4.024952672022445199e+01,1.602216013187122812e+01,1.485822622877365218e-01,2.666645478776115752e+01,3.669381618262719513e+01,3.880195147026805103e+01,2.064276098269203885e+01,3.053131264932692801e+01,2.978387329867585365e+01,1.154376017489014572e+01,2.496123067066798207e+00,2.132490837883551649e+01,1.090142823778568726e+01,2.618358792184728046e+01,3.278804909692311043e+01,3.159810987263544746e+01,1.746754622168615612e+01,4.096674101377941923e+01,1.683489915594104502e+01,1.944376430160923519e+01,3.942886446414619428e+01,2.099069156266674696e+01,2.363612529013678909e+01,1.543617443661963584e+01,4.028595404018292925e+01,1.217558337531372992e+01,3.124920798080215789e+01,9.344385852736559528e+00,1.197862990506484415e+01,3.106857179620016041e+01,2.780676452621986172e+01,7.405204598001954963e+00,1.637218024991318188e+01,1.287746809157892436e+01,2.931743990887963847e+01,1.614331465980078661e+01,2.295627597607764514e+01,3.358228997572791741e+01,4.149515034447394335e+00,2.610452154820510984e+01,7.945407198042960140e+00,3.515301430687991058e+01,3.425145438019990252e+01,2.327181510446009227e+01,2.667585360937646755e+01,3.223660257326721279e+01,2.055659914711441516e+01,2.435941152359291095e+01,2.469571334844256949e+00,4.489210576793756680e+00,4.352270294284726226e+00,2.424461132541263453e+01,1.562819055004631785e+01,5.834774995087089522e+00,4.881723325939032465e-01,1.793743382446942425e+00,1.866850788670955197e+01,1.122713239959034048e+00,3.170730700239913347e+01,1.186383649808208673e+01,2.622970938100235117e+01,3.734216349903020671e+01,2.464593717490850366e+01,1.494153563751034675e+01,3.930900773757024069e+01,1.601997527354539486e-01,1.590381367361614018e+01,2.621955645041041905e+01,9.055753971129705704e+00,2.529316861909194003e+01,2.578590586350863845e+01,1.956170918004547943e+01,1.936839062871959172e+01,1.865842305366210496e+01,1.295669709389463620e+01,2.271873665848287160e+01,2.178726823403894031e+01,1.342687245529565132e+01,1.789782402857500898e+01,8.666108446970511636e+00,1.754207462798188288e+01,1.566035062948092005e+01,2.735522667238782901e+01,2.761585768606219560e+01,1.881990623619960701e+01,1.687320818129810363e+01,4.103324709502567558e+00,6.330640032918823934e+00,1.273306269982660410e+01,7.475646557610041931e+00,9.412381498584737827e+00,9.657846626112391419e+00,4.325731297847197965e+01,5.630416133929890599e+00,1.961007008499512594e+01,2.091202597847475531e+01,2.770239605327136445e+01,3.015043016573191892e+01,3.433378369337651037e+01,1.652927117279005031e+01,2.216059701739488119e+01,1.275750734477857762e+01,1.070658691746616853e+01,3.825352804611740964e+01,1.000685227844466141e+01,1.593587578714906527e+01,3.684004631736191726e+01,4.411761458080354714e+01,1.557365171717176366e+01,3.406599271975377974e+01,3.127090141583781957e+01,2.345242962393830055e+01,2.417848638475643597e+01,3.651702519844638672e+00,2.322576861978393836e+01,3.025648537719266429e+01,8.626557580864961494e+00,2.745692188107824450e+00,1.611509252130552028e+01,1.475192613657106300e+01,2.882308233622109839e+01,1.667059546622623145e+01,3.371329259626162411e+01,3.525756873802190228e+01,1.071277719172844911e+01,3.974440458158589706e+01,3.254833067784199674e+00,1.897355644933486118e+01,2.287272865185378379e+01,1.967268687445695718e+01,1.866262383091699117e-02,1.551344030231217630e+01,1.313200865630557601e+01,2.589037163084559978e+01,2.207526310439598660e+01,3.776601229415338423e+01,1.907565181865753701e+01,6.092502382342948053e+00,8.171295914229329327e+00,3.732087474920535897e+01,3.558857072023599244e+01,2.596140564741881818e+01,3.024465424459623009e+01,3.688071970375075281e+00,1.057489264065523216e+01,2.721488704498576894e+01,1.729587174553058659e+01,1.260170591747684909e+01,3.174640928609956347e+01,3.290936982572766567e+01,1.621275743967374439e+01,7.724891860035485003e+00,1.658927208055179037e+01,2.680587285236239126e+00,3.421310879586218334e+01,1.337295350807075600e+01,2.816455557884026817e+01,1.882899073551639102e+00,3.260389060236644099e+01,1.468756283493434189e+01,1.443822185762149779e+01,1.919530760950847181e+01,2.030513365944272408e+01,2.877306630462794956e+01,1.189192986479925551e+00,1.684822071264868981e+01,7.755859130109906907e+00,2.701487719632742923e+01,2.231817118764998753e+01,2.500840992056946632e+01,7.160764608088319605e+00,2.281241130828304975e+01,2.125270978319179349e+01,3.639561749365072529e+01,3.083335628086658176e+01,2.755541564015284806e+01,2.232314159306919521e+01,1.893650205973979794e+01,1.845960954084594974e+01,9.780535927425002996e+00,4.655779025774075208e+00,1.700344046708911705e+01,3.864330002791358964e+01,1.261962711999005116e+01,1.836442608664344789e+01,1.698954248027869696e+01,1.388621174643926892e+01,2.731998473155242380e+01,2.693367110799543696e+01,1.794601639837452112e+01,2.276910817604064974e+01,3.110260999554031969e+01,1.028066050545326604e+01,5.290088692423294603e+00,2.087859558419197725e+01,2.480611737807434380e+01,1.948510094431579631e+01,1.222033433863163321e+00,3.715507982191801517e+01,1.865899306062118868e+01,1.809390676024671052e+01,1.297187698526217225e+01,1.424626139212928599e+01,1.923436601349830255e+01,3.741832869554404084e+01,1.396006233697515597e+01,2.914613129875687747e+01,1.055727087201020353e+01,1.821640469304297838e+01,2.468564301518935622e+01,7.605966460096055926e+00,2.753403698647398912e+01,3.657651942189416161e+01,1.322808144134620534e+01,1.727984738626466665e+01,2.237689898049922022e+01,1.121543118246817450e+01,3.247665316842653027e+01,2.824621585487587438e+01,4.300863311995489369e+01,3.072671223411721186e+01,2.682744461148835668e+01,1.663096582612767804e+01,1.934770659485101874e+01,1.315788460646272995e+01,4.246028220874537595e+01,3.849897803995633971e+00,2.514318440653349995e+01,2.602630403212138788e+01,2.239763495652390901e+01,8.583656505199380504e+00,5.897290721639103506e-01,7.899945907406427992e+00,3.135292233275441021e+01,2.800157259822562139e+01,4.242297658410037542e+01,2.665597098587571878e+01,2.294928359325452405e+01,9.581406364142301513e+00,2.292746160590964521e+01,2.332806661113580304e+01,1.328238758031118216e+01,3.646767098203194735e+01,1.544970416438582284e+01,1.224432959657884012e+01,2.653428108078329828e+01,9.052366467579618714e+00,1.087636922842606069e+01,1.695858724946142360e+01,1.484430019520931410e+01,4.097078859461642963e+01,1.890951179682243577e+01,4.508468302825072982e+01,9.489803654656245868e+00,1.433782510374379981e+01,2.104166739631175176e+01,2.754975704739188203e+01,2.272466331971454778e+01,2.320258639407609991e+01,2.575965161194653064e+01,1.200647084458418234e+01,7.268954485338377403e+00,2.519406397541261455e+01,1.672094041536662345e+01,2.157135036794558403e+01,1.579522101582775839e+01,9.936833604744498061e+00,2.857583068197520859e+01,4.291835224728929177e+01,2.639388472880077074e+01,8.222966271714881259e+00,3.420004656112364927e+01,2.571017542459325256e+01,1.950871705957701963e+01,3.351986791784007380e+00,2.044894222007610551e+01,2.700561265423905866e+01,1.104085118835154589e+01,2.567484590270209566e+01,3.343240314311626094e+01,4.244032466070287057e+01,1.578433554195635402e+01,1.237999532168186079e+01,2.222376510586527587e+01,1.911114601990200867e+01,1.498382940224036908e+01,1.062384544180330970e+01,1.013794060256635277e+01,2.857892771125851183e+01,5.372186506293672892e+00,1.262834041089264225e+01,1.341498988882548637e+01,2.263946877886332132e+01,1.770481234438726403e+01,1.109591059840941973e+01,1.139943272656124940e+01,3.063714426462522233e+00,3.279818578779505600e+01,2.516609401920220890e+01,2.715304556516720424e+01,2.399887815714712502e+01,9.533140706017944055e+00,2.889584228789701115e+01,3.278941521786548918e+01,4.087180388016298593e+01,2.217476564322566901e+01,1.955481274861110919e+01,2.432998332833804866e+01,1.532410781122987942e+01,2.638110011172929248e+01,1.491638764048449062e+01,1.583641896292592444e+00,2.782479974236203546e+01,4.388249306182931520e+00,3.259778584587944295e+01,5.607714971126650516e-01,1.616449087647875515e+01,1.145124680536344108e+01,1.142047470931526298e+01,2.484916525651749453e+01,5.659848096016857788e+00,1.091735021576373033e+00,1.940851280173002635e+01,7.441864058699720896e-01,1.956778220505284338e+01,7.947244776678520140e+00,2.918039743696283850e+01,1.394531214938836605e+01,3.497437913374979246e+01,1.393462407930176283e+01,2.334148699673740524e+01,1.308214948577268366e+01,1.393188015199364216e+01,4.196499854464477863e+01,1.782534765442259683e+01,3.068091460618845190e+01,1.130365349136494579e+01,2.748700017977825283e+01,3.285788719076238262e+00,3.001458886973613005e+01,4.018377625000394460e+01,2.964396126204677184e+00,2.080213126863349515e+01,6.892214669903156121e+00,2.790715029895260102e+01,4.488758057936344525e-01,2.752420831521090605e+01,2.089993772734742095e+01,4.269866394772137141e+00,1.049744954466142666e+01,2.697641340064577165e+01,3.129274913814953152e+01,2.492783218986107130e+01,1.150916732260168729e+01,3.816099940403373836e+01,2.755542649452301518e+01,1.617453137356603321e+01,5.153331123472767672e+00,4.657014100132827572e+00,3.824656990227816244e+00,1.839745591745064912e+00,9.116927154278878120e+00,3.665515328193025368e+01,3.009338825519314753e+01,2.260835665893227642e+01,2.679101861849013133e+01,2.980914359391839952e+01,1.557285889898316000e+01,4.372034989833592533e+01,3.543635780428133586e+01,2.122526432019289899e+01,1.107024487046061267e+01,5.988094016277101694e+00,2.887419600287324783e+01,4.301016434624671803e+01,1.463062996621487244e+01,1.562217886109840848e+01,7.423125920093138319e+00,3.438429204326279631e+00,4.274756810410786301e+01,2.749359140503967680e+01,7.264840532532225836e+00,3.362804331879325304e+01,1.602822215529663552e+01,9.443701910836493241e+00,3.401602234526198032e+01,2.299835230488447024e+01,1.503787805618704176e+01,2.590682541896715918e+01,2.911736229444561630e+01,3.589455725661289165e+01,2.410309540056538324e+01,4.266237705505888300e+01,1.821236176414501173e+01,7.321660229387600083e+00,3.143071757757461882e+01,7.090125670563528715e+00,3.815534753520073963e+01,2.480530234876220419e+01,4.876400653068864166e+00,2.575509683111914327e+01,1.329059833381392863e+01,2.629422208927179483e+01,2.606838008566452913e+01,2.587830749750394688e+01,3.017869885218840054e+01,2.450864300451907241e+01,2.036575157664718461e+01,3.565985083264378375e+01,3.730868517270865681e+01,2.390523712942876955e+01,2.169168263129093432e+01,6.087276819392233307e+00,5.016253030606272034e+01,1.480982698826415245e+01,1.338124221174163608e+01,2.733991836689427402e+01,1.796510178161424420e+01,3.726460036717843849e+01,1.034800800221112738e+01,8.804896140635577240e+00,1.299257332321596436e+01,2.965690574835774918e+00,1.042237366595452031e+01,2.054493896814394205e+01,1.590585361990490831e+01,7.108937435702981089e-01,2.462157036637785623e+01,3.493086360304917548e+01,2.629101166482010399e+01,3.507316051639575250e+01,3.335096224745139182e+01,3.392256787828681297e+01,3.255968021947374780e+01,2.623783695333839461e+01,2.525828161139841299e+01,3.923363011382720256e+00,2.267229661476645930e+01,4.297503753013874217e+00,3.897538974216567365e+00,3.196548809399665814e+01,2.171261762629426073e+01,2.106109896743415888e+01,2.956788970773896352e+01,2.595400699842417325e+01,1.086821187991338533e+01,2.869579073553789428e+01,1.645252475871503606e+01,1.802412840270408267e+01,1.182260482567490101e+01,1.904488749104111278e+01,1.055818019254243723e+01,3.151285757021589262e+01,2.098711342223254661e+01,1.227161030265125774e+01,2.833488292563861677e+01,6.514000913780555457e+00,1.113699952745089838e+01,3.164523691437541331e+01,3.776460482650632855e+01,5.034709159669830125e-01,2.773845024043322383e+01,3.541636326270545965e+01,2.951373228301923746e+01,4.419205674559552222e+01,3.928588093902666056e+00,1.078305670584310505e+01,1.766916526924064357e+01,2.322194036818409302e+01,1.544805844757418534e+01,9.656722694254968431e+00,1.519297178824432848e+01,1.325386357927656178e+01,9.875137045366795263e+00,1.293381335626082418e+01,2.136152195774065987e+01,1.868303677125494389e+01,3.690401310316083539e+00,4.041715292411523563e+01,3.258624368893629253e+01,2.587818474268440472e+00,1.922517385658106903e+01,3.079935263124772504e+01,3.832478309474093692e+01,2.932525925666186950e+01,1.022054687323937294e+01,3.226398724983994981e+01,1.398536259429085993e+00,3.087198511393985356e+01,1.161105019417028750e+01,1.027672818702547097e+01,3.205292297166710114e+01,1.060069637786461172e+01,3.918538506915587760e+01,7.449662113974484079e+00,3.510526743419912776e+01,8.269883640526318302e+00,4.634211985763559416e-01,4.521882009814038383e+01,1.904764713829244727e+01,1.198582109110641447e+01,3.319620890051687923e+01,1.017131314797319108e+00,2.250750299687256017e+01,2.436382489143240448e+01,3.084035004106554112e+01,1.365783940981012812e+01,3.477168213805463637e+01,1.055108342190192516e+01,2.000033221285753005e+00,2.097810366518027436e+01,1.974184162709016732e+01,3.252789390416400295e+01,2.678609639383370933e+01,3.463680482186256171e+01,1.708621976799943099e+01,8.548110899598674095e+00,1.845870941362615270e+01,4.323799765721567923e+01,1.894898330758309868e+01,7.372872606053598510e+00,3.083377144617139720e+01,2.469293992682288774e+01,1.801651204658550398e+01,3.955506713232595217e+01,5.787685288790474836e+00,1.489750771818351183e+01,9.586606782071889654e+00,2.331201191063746592e+01,1.347818537149317031e+01,1.583126566558107484e+01,7.135262333708921600e-01,1.507860857616062589e+01,2.894385412818668968e+01,1.729725205861836201e+01,2.442997055387645133e+01,9.165736099826570893e+00,1.051484034603408801e+01,3.175130484788967422e+01,2.086209324566062051e+01,3.786497939402146407e-01,4.597250040778727254e+01,2.731299560404575644e+01,2.673664252116139650e+01,2.033504261661227375e+01,1.249732804231559413e+01,1.371308230431194275e+01,3.690543180331008699e+01,3.498313888146138595e+01,1.794011432016866436e+01,2.527877913563886736e+01,2.702306628274757827e+01,4.648071372905830856e+01,3.767998712593303878e+01,2.007288393358284395e+01,4.041687918994261253e+01,3.581667167488033243e+01,3.474268527503014958e+00,1.407470705619307516e+01,4.899318774603331406e+01,2.575505733841822931e+01,2.601824795094462672e+01,1.702859197925932477e+01,1.767871274378403612e+01,7.567295709024681738e-01,2.746394801128984398e+01,2.491080606049715485e+01,3.149773381033899255e+01,1.747482202088436765e+01,1.961537165396607207e+01,3.261585576813557452e+01,3.023331103036115408e+01,1.861124829397862168e+00,2.351202070706841951e+01,3.084123173075340674e+01,1.111107931306985641e+01,1.380497190859042211e+00,4.334599154845591329e+01,1.465496445400709291e+01,2.995934450885895473e+01,2.069522411960995356e+01,1.701180876987509860e+00,2.119297665768746342e+00,4.467557548331948425e+01,2.850381170590637936e+01,1.676102460689989471e+01,1.657790816114637877e+01,2.746890292351581664e+01,2.925147002519673833e+01,1.185822732742277452e+01,3.007957786151332513e+01,1.437744741366393519e+01,4.528708593053789855e+01,2.335604912502689956e+01,1.037082198094264207e+01,1.094511916644372107e+01,3.047465139761478525e+01,1.674657343414806832e+01,2.305885519734936651e+01,4.768227821794445731e+01,1.821490805720109663e+01,3.181332819352719454e+01,4.345519702619905722e+00,4.048605553231926280e+01,1.916913270696679916e+01,3.518749719479265536e+01,1.712955987451043782e+01,4.271246582460408092e+01,2.438860263526536798e+01,1.916438622192355368e+01,2.638870606113454897e+01,2.518247237016973372e+01,1.950409697410132992e+01,3.873549867484970122e+01,2.339643432691287472e+01,5.796254177206794367e+00,2.478089895539912746e+01,2.814620373542767240e+01,1.914200564506236990e+00,3.881670179695345979e+01,2.754178644236476714e+01,2.296673479151224484e+01,1.927782093776506400e+01,2.651856730702694165e+01,2.477226626643730256e+01,1.320709651217464220e+01,3.899327338314665070e+01,1.095019770449066243e+01,2.538222186264242097e+01,1.621419414292735439e+01,2.763687073311281495e+01,2.933346897224719285e+01,1.836998942122906442e+01,2.102793017713924684e+01,1.875468395789863862e+01,2.991085002569620244e+01,2.665996803492642542e+01,3.319097070771827251e+00,6.080351944837569356e+00,1.098697343411843619e+01,7.365425130550725896e+00,1.369543477961456013e+01,1.419360198260919503e+01,2.456453159627185556e+01,3.092010588421906192e+01,3.368950243003477851e+01,2.770165468845081946e+01,2.010661268416051328e+01,1.570886139865658926e+01,2.627952408644994264e+01,1.285803389518309636e+01,1.171682702627724382e+01,8.758691433936709458e+00,9.371942895845849719e+00,3.313068165309308455e+01,1.783524430894459911e+01,7.604277540654633682e+00,2.859383341676687618e+00,1.148622449463453155e+00,1.523342290923669395e+01,5.407127807402936526e+00,1.756971591737962513e+01,3.484466379254075719e+01,2.583139133349795458e+01,1.784335206832917819e+01,1.718943917915715502e+01,2.116989481577120102e+01,3.536038219056387533e+01,8.751258861098097697e+00,2.362865125315578751e+01,2.747426801535530316e+01,2.713292780600634302e+01,3.065576744607482951e+01,2.008834023397979962e+01,5.122461745100800101e+00,2.973752942485282347e+01,1.938661471210757270e+01,2.488371819387602102e+01,5.819957585234518227e+00,5.069013904920758762e+00,1.413827906673508750e+01,1.009954955870595583e+01,3.833852197445492749e+01,1.446245860672195249e+01,3.918115875627074729e+01,2.118239588455206501e+01,2.594936110548636066e+01
1.089771099556417866e+01,6.684906181748548448e+00,4.680194624428807515e+00,1.667614033314409383e+01,2.805851400581468269e+01,1.056923604213991297e+01,3.260086069745975834e+01,2.517224089508547991e+01,2.179405150163287175e+01,2.645997565694812792e+01,4.798107763418344440e+00,1.231792361154728255e+01,2.885615033305163735e+01,1.180654038162396091e+01,1.662462864528424689e+01,2.498220450904912582e+01,2.721541440967208914e+01,2.374508345550835031e+01,1.358640626829287257e+01,2.089042365436331039e+01,1.075434052044778710e+01,1.355309173030627612e+01,5.857894215939049687e+00,2.053482552872813560e+00,1.643906523858647262e+01,2.060879138545442046e+01,3.222037226781015451e-01,2.265791169772282565e+00,1.650353289071927421e+01,3.318050920058699660e+01,1.687142912808196726e+01,3.877521535372962180e+00,1.282777326402832863e+01,1.112189674142006268e+01,2.594143848938667318e+01,3.212165695803754772e+01,1.383207062935590947e+01,1.866705604175853139e+01,2.560589941515679868e+01,1.324505024084430183e+01,1.359068641734970306e+01,2.607918812937808184e+01,1.404874353494675354e+01,1.362252550893158620e+01,3.412391680417405038e+00,2.347557480812783126e+01,4.527128196072390587e+00,9.702352665231662954e+00,1.020462268287245927e-01,1.343351054269717082e+01,1.044092547786058311e+01,3.345347653893313122e+01,3.052468928728608866e+00,1.061412782352296880e+01,8.966424841218577413e+00,2.196598823516640309e+01,6.843710152699310711e+00,2.225321585748171316e+01,3.015862296105262175e+01,1.629610041489789651e+01,2.615989829037064673e+00,5.950576365563134296e+00,5.045163406457130684e+00,3.443646443708837523e+01,2.111011994440224271e+01,1.770582886016697444e+01,1.418240891796345693e+01,2.581356450361201382e+01,7.618087242742675791e+00,2.430817223852625730e+01,2.080376046663672085e+01,4.209096705914944181e+01,1.608043837087639538e+00,8.634059405508436313e+00,1.138065263857627230e+01,2.274553249400444732e-02,2.553939417113832278e+01,2.377746509055045010e+01,6.043040318646255571e+00,2.330395349967244201e+01,2.895811533819784067e+00,5.285163791121367360e+00,1.354229272107519222e+01,3.745576676108381520e+01,7.841705061463449589e+00,1.787361701381627554e+01,2.510337711169202990e+01,1.383548199256600597e+01,1.220640556953508948e+01,1.194601326789311102e+01,3.366123788113146276e+01,1.331631127779913903e+01,3.016883652332172971e+01,1.238288725234884602e+01,3.555887002305411215e+01,4.487220259867229721e+00,2.848734780994829308e+01,1.953418842267072852e-01,2.043387250825659507e+01,1.982782645956585554e+01,3.879009589333928432e+01,1.131211695316534183e+01,2.358552863528520760e+01,1.141244711175539095e+01,2.157805498343221551e+00,1.716297192684738349e+01,1.015765366805232972e+01,1.952901188204799965e+01,2.000025134570046959e+01,2.624687826244632660e+01,1.039941909687676080e+01,4.179696465945704098e+00,6.870048445663758940e-01,4.544124288022835856e+00,9.609750908224956589e+00,1.412302416419064954e+01,3.781808293988888625e-01,2.747614845727368049e+01,1.585666522692348046e+01,1.655631567331395004e+01,5.123132249346793010e+00,2.155785612516635297e+01,2.048726174035899916e+01,1.016488116896718985e+01,3.436838648681085573e+01,4.634015485908374643e+00,3.314528856524812994e+01,2.952848126110813354e+01,2.463770268904873717e+01,2.911405583913220241e+01,4.720765047000615056e+00,7.218460083015891371e+00,3.055902308587215188e+01,1.831324332082619577e+01,1.692402692978933842e+01,2.019825041496271467e+01,6.914532578282523545e+00,1.203274117354010997e+01,1.978543221578670597e+01,1.831658955352770235e+01,3.226418369606479430e+00,3.625567266213939632e+01,1.289663204287942477e+01,7.346150110509303666e+00,5.920754129375378483e+00,2.335951235753958244e+01,2.237655025636654216e+01,1.273988741223424803e+01,6.002436599953054674e+00,3.993686597888375900e+01,1.628158062212997592e+01,1.463184681787791419e+01,8.225591125605365761e+00,1.589059828425344634e+01,1.299269214703712017e+01,2.790077385510525865e+00,1.935839102138432111e+01,6.077215851439755845e+00,1.984128311039530246e+01,1.066745631858995758e+01,1.125646925656381825e+01,5.672413987781632194e+00,2.402873712666175265e+01,1.853492023772323449e+01,1.740901332750061670e+01,3.029692904771198769e+01,1.615031007690576814e+01,4.197307286748214850e+00,2.210170702016096556e+01,3.251194085983656379e+01,8.684700663387374675e+00,1.846149854976465221e+01,2.158698225296942041e+01,2.808376439103560429e+01,1.953584454301226714e+01,2.017528680725738255e+01,5.237829715760615734e+00,2.250939855616275054e+01,1.817000821736503369e+01,7.398282733418440671e+00,2.709440384648041089e+01,3.090438007488184535e+00,1.329598893582063823e+01,2.395319324451263299e+01,2.312367149464678562e+01,9.108604957705331628e+00,2.651511604067310657e+01,2.676538889047124670e+01,7.651876841245369931e+00,2.514628687121861716e+01,9.336203280547204386e+00,3.113179110910334657e+01,1.108955190593577456e+01,2.617040122514127631e+01,2.199969141069705003e+01,1.921074525354984797e+00,4.060820306940523317e+00,2.741404882027958578e+01,2.795186586636302550e+01,1.454578749408061533e+01,3.528336364255724611e+00,1.632235479540955225e+01,1.105122478741025915e+01,7.039482315956874459e+00,7.706329337120842560e+00,7.356594754623410282e+00,3.795989808418264744e+01,2.208737041564376469e+01,1.082110329890672418e+01,3.032270601324139392e+01,2.628997938555924918e+01,1.409821198788923446e+01,1.902012373030590453e+01,4.892598026112308318e+00,1.012172851984983879e+01,7.305432423566932343e+00,1.929017255235226003e+01,2.415137603911784581e+01,2.619173382620383794e+00,2.174774538040426108e+01,7.025593532408643149e+00,3.219763699144763791e+01,2.879101459651106865e+01,1.275969007353162610e+01,5.794271374394595497e+00,1.534551718678942223e+01,1.224017962694290418e+01,1.854752930435145331e+01,1.898009299135726735e+01,3.962243154644270504e+01,1.917731093684393784e+01,1.832965481315245171e+01,2.532934075885517800e+01,1.531896613223825021e+01,1.087662176971562644e+01,1.162015428251523197e+01,1.319455844552392243e+01,2.339939930790229639e+01,1.890335650837610793e+00,1.751111240384609147e+01,3.762894206616785908e+01,5.479259289566017266e+00,5.397724692424000992e+00,1.187785899974668169e+01,2.274714191022400578e-02,1.103769941616760519e+01,3.178253399283343938e+01,9.148686381553147839e+00,3.583024182892890153e+00,1.546137271608304431e+01,2.201306080261324993e+01,9.609503256234086521e+00,4.752374540061631514e+00,2.522187322784182939e+01,2.146532019265742441e+00,2.008733124597338104e+01,1.098009032783292938e+01,6.072805752128158652e+00,1.472062118878846171e+01,2.351377361089306728e+00,1.749011817424345949e+01,1.244124686068444774e+01,2.577547424091671147e+01,2.259738470763695162e+01,2.073539993241028512e+01,3.018592433363123462e+01,1.002330408401297923e+01,1.680411273593181321e+01,2.387059474795534442e+01,3.386315995797382072e+01,1.033332180093078811e+01,5.294991254277437998e-01,2.420781831077567858e+01,2.651657087037155236e+01,2.732414552916715778e+01,2.435067678727044793e+01,1.095549748983958160e+01,1.158868500599812634e+01,1.243589018871159979e+01,1.546587483942132302e+01,4.394119625468110080e+00,6.311600641877310736e+00,1.098736690079333300e+01,1.451342517518868558e+00,2.728315105056717016e+01,2.835845125976626235e+01,2.259679241225387614e+01,3.195848321103570555e+01,5.254427815319680839e+00,1.033305058769359519e+01,2.436775920404885998e+00,2.174014511170875608e+01,1.477991273430930264e+01,5.057936571763608669e+00,2.278330451094499765e+01,2.848612335993826150e+01,3.070461257662275756e+01,2.025885984847424481e+01,2.928317543168873271e+01,1.205693534865710248e+01,2.697607534833858978e+01,2.040030035451167478e+01,2.994896487575706145e-01,1.276357009439655146e-02,5.784492911703025264e+00,7.343421697969048090e-01,2.800669525556517314e+01,2.428861984943179664e+01,1.112832327070191596e+01,1.650163078770184555e+01,8.928232640319153646e+00,1.863206983399685868e+01,4.163020701831934289e+00,1.491540423119376158e+01,2.069251808706102125e+01,1.338920841473330547e+01,1.118757722502598639e+00,3.273829608420455894e+00,1.007387126034514679e+01,3.103600043476067327e+01,1.316826558089015187e+01,2.869410660939550439e+01,2.583769454131937238e+01,1.363009901790923450e+01,2.351902626996863432e+01,3.669629559824447718e+00,1.129616263131370779e+01,1.717069270694962313e+01,9.919041277982062477e-01,1.350888208970952142e+01,1.460283295340558674e+01,1.257678250522312347e+01,6.901785488114979827e+00,1.885300072551740369e+00,7.575346377470686399e+00,1.961520358969371713e+01,1.054919186342326221e+01,2.324103746478970933e+01,1.701012562941748740e+01,9.739906101778396774e+00,1.127211118622604680e+01,1.253261642357530192e+01,2.151801093074885074e+01,1.829383213132818398e+01,1.145118588209895449e+01,2.468752240993278591e+01,1.033006002047469352e+01,2.958719587987086541e+01,3.294438412867546617e+01,1.613520418781498478e+01,4.894358442816641563e+00,3.321959262972921323e+01,1.545072299383985737e+01,4.023593135968186019e+00,1.353405860262545524e+01,2.206427379125847210e+01,3.941912683582078358e-01,2.236353634383848288e+01,2.633542412705411451e+01,1.036121456113983186e+01,1.397808732455342806e+01,1.922653627311792945e+01,1.740611589721725849e+01,3.112920181262217056e+01,1.223319452186348855e+01,3.256338959690648238e+00,7.571794789390404290e+00,9.262733879533527670e+00,1.168031740663063722e+01,2.145572244115827942e+01,2.207212551753977792e+00,2.562216231607269989e+01,1.627908576967586640e+01,1.350482571532660003e+01,2.481352681682696470e+01,2.227667727901768302e+01,2.946303691689860216e+01,3.860867165083210040e+00,6.616096432561318963e+00,4.735635075788181325e+00,1.675164911865622130e+01,1.057147963756352738e+01,1.613832733662593100e+01,2.032033400739694784e+01,2.664398003576140095e+00,2.367016150294242394e+01,1.080031426672213435e+01,1.969365929652683533e+01,1.243718136864971413e+01,1.710370208201142006e+01,2.017376327114379109e+01,2.554838771153098875e+00,1.605542146047547902e+01,5.567800970226437940e+00,1.459771293433826145e+01,1.026788425738114974e+01,2.140661742612431695e+01,2.058585400885609218e+01,1.668135804264466771e+01,3.176655860210070159e+01,3.041069281238485900e+01,2.270389557053890073e+01,1.445161207270045978e+01,2.584915871116830388e+01,4.457338253421037066e+00,1.874836221699701611e+01,4.549280089529124105e+00,4.542306563557874100e-01,1.372957919550511718e+01,5.455332030513264652e-01,2.708547949872984262e+01,3.068768155759652316e+01,1.213781159385785280e+01,9.949779083726562945e+00,1.285742791637032667e+01,3.248936262382164131e+01,4.076655978374489564e+00,1.368218084328655593e+01,2.806429645263553141e+01,9.282137399179710702e-01,1.208364771432862916e+01,1.746917795176411659e+01,4.647833506353810762e+00,6.956733306213046752e+00,5.220685623758457794e+00,1.566471630853007824e+01,3.091057877224485395e+01,1.108537774223190908e+01,2.763945955773347052e+01,1.635208542252482644e+01,9.066940243483902151e+00,7.645318602838509392e+00,2.824586571578663552e+01,2.615695479977476756e-01,6.056296817772148344e+00,2.583163285713078494e+01,1.826149244123747195e+01,4.129673217656502260e+01,2.517591524922659829e+01,2.906137777773303199e+01,1.675252349429967325e+01,1.335035619457048028e+01,3.829957894239376515e+01,1.847039246423674896e+01,1.135763150756760886e+01,3.638274519650093630e+00,1.457408873847367126e+01,1.911855214887694387e+01,2.384620079926218850e+01,7.638690626845424880e+00,2.694356783094964669e+01,2.265069449585669048e+01,1.343891575998515542e+01,2.604872599041157244e+01,1.284434702001324169e+01,2.693677741525527480e+01,2.212273304712791955e+01,3.673425868791375848e+01,8.348440795548116355e+00,1.664992706424136415e+01,1.191248462185709300e+01,2.776428212524558070e+00,7.521747077281177418e+00,1.373881467369496079e+01,4.628147000564116098e+00,1.074626697348362114e+01,3.170985873286056034e+01,2.088271801153813101e+01,2.606822081156670023e+01,9.692696664764952619e-01,1.416787247667652672e+01,1.415463553960276144e+01,1.672657897063240995e+01,8.957320757578074222e+00,2.075515724255577510e+00,2.048081168513816408e+01,5.225084375631341871e+00,1.032154351512189727e+01,1.199911571884176853e+00,9.736529960212935819e+00,2.432225513230587666e+01,2.194586847095781934e+01,2.559022493178072821e+01,1.117443518321272755e+01,4.185548874660775631e+00,9.689691642886977263e+00,1.018722061153943148e+00,1.404916596071520196e+01,1.054572951909912604e+01,1.315832306467966717e+01,4.931720842820300987e+00,9.495577622189813383e+00,2.538217862625959143e+01,2.569245142225201661e+01,9.353132175760467959e+00,5.484792275078144819e+00,3.087058494133068365e+01,2.160677127552750676e+01,4.568991704894150629e+00,7.207791352338123403e+00,2.757301727816960124e+01,2.113790444654663148e+00,1.820009178170274922e+01,8.252615664315868571e+00,7.859216885632573479e+00,1.979736116099985210e+01,5.569120241827706153e+00,1.721328741104228044e+01,2.036988513995960659e+01,1.016076494646518924e+01,1.495091983637995448e+01,1.954776951976439037e+01,1.209011917548185799e+01,1.989222150383689769e+00,1.109732609209085652e+01,2.701515133852214845e+01,4.953053941854287934e-01,2.635342958259452928e+01,3.327244512345704663e+01,1.390659808373656503e+01,1.273939114752608504e+01,2.405512976630920718e+01,1.318096431876338670e+01,1.274822801627342406e+00,1.741962448140179642e+00,6.331944475875181944e+00,2.330492411520978280e+01,2.185474186967666554e+01,2.859307302292111075e+01,2.310206659684013530e+01,2.673281979434030120e+01,7.735960583821569259e+00,1.566685859794622360e+01,9.049079438414986853e+00,3.805095972575850283e+01,1.934535207894808195e+01,2.027864105947915263e+01,1.922199549950883224e+01,1.875082091220190250e+01,2.727553005311655099e+01,2.057503690549186359e+01,3.158774127310449842e+01,1.526602609713397030e+01,1.518139790144403989e+01,6.811220672847086099e+00,1.792387696353065607e+01,8.449020439849688202e+00,6.173676144036461366e+00,1.205378760886132739e+01,2.929093374158111374e+01,8.550598578773144220e-01,1.381323265930432065e+01,1.452878005275641371e+01,2.004370819366758028e+01,8.168762292598986008e+00,2.450331299065328139e+01,2.360750284894687923e+01,2.819274625280937485e+01,1.356036174561637608e+00,9.367773730469837190e+00,2.703932599407913173e+01,1.323212244025453233e+00,2.791876493222487809e+01,3.292143411185725288e+00,1.655278198765140152e+00,1.413903207356502989e+01,1.186567988293774434e+01,3.646637730329219806e+01,8.349239125028425690e+00,2.817173427265375452e+00,4.238718133554536749e+00,1.950798599790707044e+01,2.991105868844432081e+01,2.840004012179343817e+01,3.419258556608832578e+01,2.289787811505789250e+01,7.438765260577749672e+00,5.057877921603892268e+00,2.838666728677127793e+01,2.910804194419786484e+01,1.137312014900618617e+00,3.477178860605727451e+00,2.280577153087782705e+01,1.651946414275068520e+01,4.999742618579957387e+00,4.423812327200637107e+00,1.093021489016587644e+01,3.450441599933127179e+01,2.962721656961001315e+01,1.706819418897524798e+01,2.292830378694473481e+01,3.276694567784390699e+01,1.994797401977066187e+01,2.391317922392911655e+01,3.506571762135403958e+01,8.514669143233131621e+00,1.912737472170177710e+01,3.306233491357100718e+01,1.521253618758773385e+01,2.985728617533816376e+01,2.840363908658855507e+01,1.657390668893105712e+01,7.217836048410362082e+00,7.660146662043698207e+00,1.568441277432108727e+01,2.929091055692406798e+01,2.689673649411377809e+01,1.700478902560368510e+01,6.836210882800722866e-01,3.348613881592908825e+01,3.234060595877214439e+01,5.911673145933903362e-01,2.028921174089257917e+01,1.270798203989689412e+01,2.946691362538190972e+01,1.042891250395332037e+01,1.797807262393468619e+01,1.851247987936416450e+01,3.666114214143539130e+01,1.387710267633346106e+01,1.737190633942008589e+01,3.244827830391864154e+01,1.863470779310134162e+00,1.658085968052024839e+01,3.307146471481119221e+01,6.789539840231540779e+00,8.665187514405866764e+00,1.586886717732594709e+00,1.211618680189489261e+01,3.444504409239108167e+00,5.287141333189715908e+00,1.863814256437137828e+01,1.503546162119823926e+01,1.261278625030745637e+01,3.502819570782185821e+01,5.800117205777008955e+00,1.425593044625568417e+01,2.390470222885709362e+01,7.175803892741336121e+00,3.115055770042387984e+00,2.270009305388366982e+00,2.473951956577393929e+01,2.252922911359878810e+01,1.331491394831013197e+00,1.024458758507293510e+01,1.464541285750007127e+01,7.227939605825953961e+00,1.159655200275550158e+01,3.589584776464580074e+01,2.307576197943782148e+01,9.105442528183571582e+00,2.567169582086983226e+01,3.322604067942557293e+01,1.021045516476892878e+01,3.081551660170418572e+01,1.061016181087979859e+01,2.295612011475249048e+01,2.608989249750596784e+01,1.391265578680012771e+00,3.020660305459663775e+01,4.402101460515371656e+00,5.027287930031851815e+00,9.892780203814780293e+00,2.318968135135438757e+01,3.650757442295212929e+00,3.473110553411623158e+01,1.916201036450136641e+01,1.330552968204041875e+01,1.399868393924636578e+01,9.682355589930525142e+00,1.788758957880493439e+00,1.007840735179590652e+01,2.858217697550398384e+01,1.003633446764122539e+01,1.641983793028798289e+01,2.690567040049424818e+01,3.340978116563073286e+01,2.422158836950629990e+01,5.606198870783615895e+00,5.396777822809921688e-01,1.067609702217563594e+01,5.526756485165923216e+00,4.578423345529537336e+00,5.115851262907043839e+00,9.084668377258527272e+00,2.785219290765467370e+00,2.619692701124465373e+01,1.786034811894560193e+01,8.008252295856125968e+00,1.752854892055246694e+00,2.666652037735414993e+01,2.145463568673790888e+01,2.269973028022904415e+01,1.445091154103737097e+01,1.773290242939600958e+01,3.959027993241932109e+00,1.881804833445422931e+00,2.665305708339126056e+01,3.359722016323210880e+01,3.284995451637075092e+01,8.859059299075459748e+00,1.641820260879408977e+01,1.128281614924443232e+01,3.016618808901901261e+01,1.408747162608011294e+01,3.441079055496507522e+01,3.064665267272366833e+01,1.123251423921158398e+00,1.195049237491136118e+01,1.982022584835279488e+01,6.509234596252439609e+00,7.201335596251455584e+00,2.070281852498450803e+01,2.614490598428956503e+01,2.554619348187071637e+01,1.172785513303989058e+00,1.149202092852584833e+01,3.727916369912836814e+01,2.248695128513913843e+01,1.674869264068691521e+01,3.989467701564028346e+01,1.404544642151389056e+01,1.397170761939228711e+01,1.363879963838522436e+01,1.609967252324501530e+01,3.857597706799251114e+01,1.062249265047905489e+01,1.658774594072999520e+01,1.925733075891142221e+01,1.247832295165652816e+01,2.248916800645789493e+01,7.801379462213622773e+00,8.886579433828305952e+00,2.523865634577058970e+01,1.121303444491223900e+01,2.425573912064416504e+01,1.428006487394345214e+01,2.788670289383398426e+01,3.105491985919023534e+01,2.361590516763759950e+01,1.672405728115829504e+01,1.157647863012983080e+01,2.961368295030079878e+01,2.088326240782473775e+01,2.515178961008505354e+01,6.653624338655745873e+00,2.136752289410755878e+01,8.105567925396693241e+00,2.283051201240525518e+00,3.562001805846200853e+00,1.010078607821937169e+01,2.205614469432757119e+01,6.532143582891847267e+00,2.106029279682049804e+01,2.290400840999531695e+01,1.318641788159846762e+01,7.551279484880411452e+00,1.996498372260224841e+01,1.627457736333110816e+01,2.593613787968265427e+01,4.843614325281642152e+00,1.112924625644216547e+01,1.555594650444511906e+01,9.782044509916270059e+00,2.722474351880371657e+01,1.827795739608153269e+01,3.028992999665231500e-01,2.965475644646446796e+01,2.914035400602546400e+00,3.419102087999536366e+01,2.671517806187092248e+01,9.202796745647601195e-01,7.120766386022200578e+00,2.890859075045055349e+01,3.183858385885906728e+01,1.292278284169351465e+01,2.281049767376445203e+01,3.365505570039015026e+01,2.172131491575344597e+01,1.402444759205852876e+01,1.817455192356580795e+01,1.698112448465643709e+01,4.226467638323465614e+00,6.418562768642192218e+00,9.438974677110184563e-01,8.306016385353164111e+00,8.290819739780204145e+00,3.037388450197955336e+01,1.035619209562045384e+01,1.266073620344207562e+01,3.007417275038556781e+01,2.486278062526904264e+01,2.043020718484701703e+01,4.261143396374692749e+00,3.636865106307102735e+01,3.392974385329879716e+00,8.054373664527663124e+00,1.330486234916590504e+01,3.104802120538717602e+01,2.653329775551237280e+00,8.956840482120009383e+00,7.293670122358265395e+00,3.877297485565482305e+01,1.908737588729930579e+01,1.584115204238174535e+01,5.448136449188107910e+00,1.555958328615337827e+01,2.278965671067852483e+01,2.272698869921427445e+01,3.886357464687259267e+01,1.836644744033951682e+01,9.292123456452173969e+00,3.626723508510787042e+01,1.734068769646008334e+01,1.284798173089440887e+01,2.709618149702227541e+01,2.082234453202833180e+01,2.875455382521936443e+01,2.319721158437173258e+01,1.335517599851586690e+00,2.408861186883181915e+01,2.325946937334192199e+01,2.616865936341615395e+01,2.232744198365563548e+01,2.761468435016759315e+01,1.355838712622970288e+00,2.115153447734046921e+01,2.606874037616188033e+01,4.497113491278739161e+00,1.348387054190311574e+01,1.355195781615053718e+01,1.232248776202421148e+01,2.675461280211228399e+01,2.145793167537500068e+01,1.518181403923475692e+01,1.705709368912045676e+01,3.403654697094812320e+01,2.527829892956096458e+01,1.472685692958349790e+01,1.653425264813147777e+01,1.749221187846005421e+01,3.705998795485125896e+01,1.352465912529920722e+01,7.495132587877470165e+00,3.323783367875608263e+01,1.251410064932855093e+01,3.107115345019124675e+01,1.945887894601862556e+01,2.329055971051543494e+01,1.601253227504778920e+01,7.922951785623099319e+00,2.143547452395457853e+01,3.747907939119255616e+01,2.385027675398639602e+01,9.345162199469147168e+00,3.195954357115443756e+01,1.467644867492622129e+00,5.178820882316143681e+00,2.109108362256131031e+01,1.917243882796621790e+01,1.396520212752000845e+01,1.406846379368494482e+01,2.741977427720370741e+01,3.006522866324246479e+01,1.689190696941108172e+01,3.687350360863052146e+01,1.642975942336261852e+01,3.646466571530459078e+01,2.325414444171750716e+01,5.272241696479226469e+00,1.824963828122196219e+01,1.017875989805359893e+01,1.149092955790334614e+01,3.700087472834012292e+00,1.614356132019267420e+01,2.436890178633103865e+00,1.156019433986141287e+01,1.140517501436513825e+01,2.760158151392445092e+01,2.190525348685209295e+01,8.998590914136155305e+00,5.484182047935844295e+00,1.693747531788836014e+01,9.113824296137348568e+00,2.276029370130596874e+01,8.372992702380983587e+00,2.745122776399458786e+01,5.755419185697258300e+00,8.815682961116344529e+00,1.577299879707925356e+01,1.612130270876216853e+00,1.256328014985545316e+01,2.275788817098162298e+01,2.125443796113075212e+00,1.994727295719593840e+01,1.269265947405403239e+01,3.630607595999386916e+01,1.400158764328587324e+01,7.617598108078439623e+00,2.156840463428427057e+01,9.475254374190701379e-01,1.636152108622714962e+01,4.269248987341756951e+00,7.936850935751533775e+00,9.305980769686193810e+00,2.317195758901425151e+01,3.726910614949685652e+01,3.824913800958682497e-01,1.452229090755464469e+01,1.980177297125961644e+01,2.167835723548093441e+01,1.201832405474373644e+01,2.355189184696350324e+01,7.664765302045273287e+00,3.023555801951271249e+01,2.405585890940851002e+01,1.342008283387766099e+01,2.865069157068754180e+01,2.714261253178069921e+01,3.438548277765229955e+01,9.084876513418116417e+00,1.233696254205765364e+01,8.755264670194184973e+00,2.600543841061205796e+01,1.404965955657275112e+00,6.671218717358672556e+00,5.537668760736549345e+00,2.352214537833004826e+01,7.466011163127099337e+00,2.628041754214722303e+01,6.229082133002560084e+00,7.856171984463491409e-01,2.188687098464580316e+01,2.309850154190147009e+01,2.634230683080598823e+01,1.610876037153232687e+01,1.503214335212382480e+01,9.224628167121709410e+00,2.344629900548404677e+01,2.133634809547383426e+01,2.694140131721429654e+01,2.458937217499812888e+01,4.498857338567775699e+00,1.186988054942023041e+01,9.656453492762489432e+00,1.911341249918888607e+01,1.337079057803409743e+00,1.202657367939089461e+01,1.505982508273897302e+01,1.840472419249119440e+01,1.757190250508319096e+01,2.739255846757395751e+00,1.905875845340492347e+01,7.804631021194261109e+00,2.438855968809824049e+01,1.593419368022654048e+01,1.748048464354960174e+01,3.222895716773290076e+01,1.574749556357195601e+01,2.059349760027667031e+01,9.280689656812651123e+00,1.414030324370643399e+01,1.325927806396734354e+01,3.514527586413598215e+01,2.695289796139547889e+01,3.601412350693114917e+01,7.914439922613936140e+00,5.186751536810659147e+00,1.258662499204815433e+01,2.626990241697164308e+01,1.649586467602116358e+00,1.647263827258922575e+01,2.489721275941549550e+01,1.967250342936848639e+01,4.046253222387726112e+01,2.872874050776769650e+01,2.134655411704869010e+01,1.121814582727262533e+01,1.314971463826098130e+01,7.751603110942556718e+00,1.658398075088409485e+01,6.375883345139460090e+00,1.285657756336401292e+01,3.693615677834056044e+01,1.602769315006126405e+01,2.806674414744512447e+01,2.853653521058718923e+01,3.698034111998725670e+00,3.716569124328320584e+01,3.232231675294672613e+01,2.677267179140636344e+01,8.000258931253272365e+00,3.097611067419789777e+01,1.765833906395897657e+01,1.252439989244002838e+01,2.931163180248574562e+01,2.436304236125136136e+00,1.324892067627896708e+01,1.049184138957508949e+01,1.928605121264104127e+01
2.377292157853700871e+01,3.607086479472987151e+01,2.639216600945773195e+01,1.213626787107410898e+01,1.865794983369867666e+01,4.971090466451500767e+00,1.274402026697152479e+01,1.377648814457328541e+01,1.912996512056377085e+01,2.801885751711890293e+01,1.176064075074692639e+01,5.610464706327444873e+00,2.374975771028683980e+01,2.188345282614084297e+01,1.703035075424655886e+01,7.049100025290901073e+00,1.306709529792153823e+01,1.399876422900572237e+01,2.839616245792760552e+01,9.397719244154641771e+00,6.616727439376926867e+00,8.944416771371081154e+00,2.498960770752286464e+01,1.316563953428305567e+01,2.426478719345531587e+01,2.871267431691574856e+01,2.965334519640155975e+01,9.767464959172022176e+00,1.750642022247544816e+01,1.825148992846239437e+01,1.631213188913989853e+01,1.290084304272827254e+01,3.431949860919217343e+01,2.324282762605017183e+01,1.527962093596783788e+01,5.942266570046197849e+00,3.160537918258115297e+01,1.601548051573602649e+01,1.364783375722068826e+01,2.445287176025836118e+01,1.818033634713362190e+01,1.692093892277199529e+01,1.181909626259798785e+01,2.067104820501479523e+01,1.531154113964431929e+01,1.270316863411722430e+01,4.960954390861745722e+00,1.291330216563807198e+01,2.060551244616771172e+01,2.633388171473979611e+01,3.223522636961293131e+01,1.389936133658918926e+01,2.679773663735713995e+01,2.331453051962600043e+01,8.729555373643476557e+00,2.384482643938626723e+01,1.389512944996184984e+01,2.090707574117424972e-01,1.695664045928319297e+01,1.631714078046367433e+01,3.996299664572457999e+01,9.054388134161200696e+00,1.063539222186550148e+01,1.767818281347003051e+01,2.361201172144679816e+01,8.760510378947270027e+00,2.493530440292184380e+01,1.312782175788999872e+01,2.900852832869183473e+01,2.761401684965406744e+01,7.094204210992847592e+00,1.771225632846461551e+01,3.692177800348523675e+01,3.236335655166283232e+01,2.341008217255100732e+01,2.088828050628045929e+01,1.090774477851677204e+01,4.247085071272723411e+01,2.919650318025168900e+01,3.110051996963028031e+00,3.143936884129896114e+01,3.603182344308797269e+01,4.022014337543259899e+01,1.275506917477973801e+01,2.580843296054138136e+01,1.744509413466008851e+01,2.413764594807232555e+01,3.946250877206515462e+00,2.687441723226631751e+01,2.592874586572569129e+01,1.086335345760091542e+01,2.711687246521388062e+01,1.633403385295049759e+01,2.021640928631523693e+01,2.397113836601463532e+01,2.515252193931118541e+01,6.732587066105577556e+00,1.263018264701334914e+01,2.833663060862422611e+01,2.060160401091338134e+00,2.537921147611186967e+01,2.215168520311659339e+00,1.211755314947363971e+01,3.103318594670599140e+01,7.388335150884572933e+00,7.934562298210151354e+00,2.054373954451933670e+01,2.904079223109452812e+01,1.687477466019488404e+01,1.696287581712724091e+01,6.397459271209493537e+00,1.771521416024596363e+01,1.138607064430801330e+01,2.158451565714509002e+01,4.249470421660022978e+00,1.842303044399452716e+01,5.396933673687474453e+00,1.647686438788608143e+01,1.378978013388803703e+01,2.654952477332167149e+01,2.900700118311248943e+01,2.368932811600667421e+01,1.620155048604849313e+01,1.877165143184883078e+01,2.404451825258827569e+01,1.449248599684372785e+01,1.888802232140971782e+01,3.376175663689497952e+01,2.696836228070264241e+01,3.843962128113163512e+00,2.441259506451229910e+01,4.690320074463265598e+01,6.325458169448120671e+00,2.467991795941130206e+01,1.942948789067757787e+01,2.602881549610670930e+01,2.612309053492429456e+01,1.808782599013269277e+01,3.830205414342102443e+01,1.943395874290489544e+01,3.701492584412843012e+00,5.131340397067006620e+00,1.708270541394119491e+01,3.269093423482478755e+01,2.797680365518728962e+01,2.643720082894473933e+01,1.552018898186520701e+01,1.605540559613729812e+01,7.591097077171291119e+00,1.262122097881005800e+01,1.644678244066919959e+01,2.770845925877691940e+01,4.981864865869213510e+00,1.712465733370041576e+01,8.104751071512323435e+00,2.371801860028260123e+01,2.026072538264303446e+01,1.410005542779103038e+01,2.385986688373297682e+01,2.792080745157194599e+01,3.465288710497566260e+00,6.873602345028007932e+00,2.765535351726718005e+01,2.361207679897111333e+01,4.200171886648337960e+01,1.824557513987878465e+01,3.699932526214540474e+01,9.035637051670159181e+00,2.335425412621030539e-01,9.752718894696940310e+00,6.729490131235219330e+00,1.070204209089946801e+01,5.313570487923523267e+00,3.035806532325193530e+01,2.589336904624085278e+01,1.793193894376304698e+01,1.859680978731005752e+01,2.937580123563065371e+01,4.009404216667333287e+01,1.530342458149275942e+00,2.932800009670910413e+01,2.195945958645792118e+01,2.192144530427734495e+01,2.208851144294787616e+01,2.299343173300498222e+01,9.578377371167800192e+00,2.624903152285333974e+01,1.354999220032592433e+01,3.963795562335636902e+00,1.273354675150070570e+01,8.194848957591306160e+00,1.747319952102382246e+01,3.035610663210757210e+01,1.587937582921574631e+01,1.725230605736385314e+01,2.832256008682218251e+01,2.523452433974135189e+01,3.172563222387616122e+01,3.066771410654734709e+01,1.281711391958565827e+01,1.925248932979758365e+01,1.799930897789618900e-01,1.365167393025387366e+00,6.803797776481262716e+00,1.613233044781886960e+01,1.797293943549188100e+01,3.313281902350192354e+01,9.964875159847602859e+00,2.712866247820498700e+01,1.429122295867115966e+01,1.890858810087506114e+01,2.038903304023722995e+01,8.379886551972964170e+00,9.475844938613448676e+00,6.384452494359636354e+00,1.504810057806814072e+01,1.178262664498525680e+01,1.678388593760471537e+01,1.923015647084832835e+01,1.536916384952172798e+01,2.783166770068216067e+01,1.018089142733082042e+01,5.472400708810577719e+00,1.608042742090531263e+01,2.578508945536365360e+01,2.156839366201914387e+01,1.064798715026310028e+01,1.107133044649664555e+01,7.345652066800326452e+00,2.530712546738819668e+01,2.304892871627812667e+01,2.237679252570865529e+01,2.621338407986754859e+01,1.878961548762545775e+01,2.856923050579135293e+01,2.002498717420323615e+01,2.708593339531602595e+01,1.843807619701320988e+01,2.274369826174944009e+01,1.895602829212330320e+01,2.863221866929043102e+01,1.552579324610121603e+01,1.210053321440278928e+01,2.416377188442131185e+01,3.884742453971062215e+00,2.310081544187656277e+01,2.423489038580294519e+01,1.154498953272915251e+01,2.163629865896461979e+01,2.074482315202971350e+01,8.357943636254720587e+00,1.123164041397832591e+01,3.063960567577007765e+01,1.069638228832581461e+01,2.872907288313299290e+01,3.784678377841782293e+01,1.209287553776739443e+01,2.251557221373064976e+01,1.838206733047697128e+01,3.318116378446218562e+01,1.684587111086445077e+01,7.662906299841544921e+00,1.843711597761409138e+01,2.708673027554842960e+01,3.677512485280901444e+01,1.372526080252064240e+01,3.437425109624143005e+01,4.922799759113043017e+00,1.364864948798281219e+01,1.830611572332257353e+01,7.572748273895581583e+00,1.312848392331574843e+01,3.221455775428076862e+01,4.801315243317492332e+01,9.358521606054962305e+00,2.108068200728052943e+01,5.608330507268862064e+00,7.621451365006485901e+00,2.235164452054494788e+01,1.650579202236410481e+01,2.344538008623172232e+01,3.362766880450101326e+01,2.149463151828882346e+01,8.607964995686785414e+00,1.115320582411554362e+01,1.378767679483532760e+01,2.864295618926028908e+01,6.473393733908080705e+00,1.305915411973103524e+01,2.104974255372646397e+01,1.154938596215959734e+01,2.089980077782996659e+01,2.898928048182603856e+00,1.684033580723548340e+01,3.089331317271219746e+01,2.480536054908393950e+01,1.100993299163530637e+01,3.160994646281522691e+01,2.465163282159981506e+01,3.130563832966916138e+01,1.017640844077033790e+01,1.693247876784602113e+01,2.859188298602668610e+01,3.533557736351291112e+01,1.669806857167376180e+01,1.979975252579147593e+01,2.595315810475883112e+00,1.859178957283688405e+01,2.105669314757077615e+01,3.554242610962678839e+01,1.617571545160512159e+01,2.079828968870756967e+01,1.774596707105494886e+01,3.388927452453705769e+01,2.594604292099595000e+01,3.206996221381241696e+01,1.033447536128492139e+01,1.884519051243957932e+01,3.945350494935664187e+01,2.720979025000967866e+01,1.988840888813274788e+01,1.805888565240277543e+01,1.149588593353674426e+01,1.212559828501255055e+01,2.646570616328295245e+01,1.192428631683702722e+00,3.128435124446018989e+01,4.036878227497050631e+01,1.895408628671523843e+01,2.228838271298938523e+01,1.160922931065166086e+00,2.775375179874252751e+01,2.270524048634705139e+01,1.502805339750781499e+01,5.572160837285187185e+00,2.475756870465198034e+01,1.345939115834865341e+01,1.559326125525657858e+01,2.751263627651210797e+01,2.998793510005794971e+00,3.258329488122401330e+01,4.201783341390441251e+01,1.621754827209278993e+00,2.747942848036568630e+00,9.506551211877730667e-01,1.717506732945134829e+01,1.402750400960265864e+01,2.190739933970500708e+00,2.925430876267908431e+01,1.211590320178109054e-01,1.407074716939740000e+01,1.764190713119289811e+01,1.277914918774116160e+01,2.868560015549582687e+01,1.872298861017263150e+01,6.705563916402256908e+00,3.325641160254552364e+00,3.194068155328993086e+01,1.584135001086707462e+01,2.038178907364870085e+01,1.876566627657961206e+01,4.317991771360772946e-01,1.505461052804339595e+01,2.626667358674635722e+01,1.709405090338973210e+01,1.464443564146224119e+01,2.558864660168914895e+01,7.719119811232566519e+00,1.715101710023049719e+01,2.753063578226536379e+01,2.187942022460624258e+01,3.653942727220676812e+00,2.167606239819912872e+01,3.497959521847928244e+01,3.396308459335737240e+01,2.086497934457966252e+01,2.621919320034723278e+00,2.911719528274140956e+01,2.434801917760072598e+01,3.288666912300135436e+01,1.304586992059790163e+01,4.295430774433663146e+01,1.124501236033244211e+01,2.280561876693973034e+01,4.965696099387467477e+00,3.711575437351806173e+00,1.128253517185805244e+01,7.732869984655472706e+00,2.621038208846224293e+00,2.910479954024155091e+01,3.195061990545585218e+01,2.675488969289715868e+01,3.009619040416659175e+01,2.625734144107462953e+01,3.981100082458485900e+01,1.003278205092238551e+01,2.455618642372174065e+01,1.534022920558157743e+01,2.931306493901224641e+01,7.322724678653677266e+00,2.500187762014663306e+01,2.070411543084801664e+01,2.061945302704279825e+01,1.567523840311237038e+01,1.563590696075597464e+01,2.329978252599777022e+01,2.083143148204773354e+01,2.448767377707177673e+01,2.534008741023063038e+01,1.018237311857065341e+00,2.006953615493493359e+01,1.642501481103060712e+01,2.622180865130190242e+01,3.278484022601103476e+01,2.642734105027546221e+01,2.942296674454115468e+00,2.114121391416110640e+01,1.777384573380437871e+01,1.619124567891902089e+01,1.575382057899370203e+01,1.556187064733248349e+01,9.897389697950946807e-01,1.629711221138133226e+01,3.203027730360614100e+01,1.690511995965672654e+01,9.172395953213245079e+00,5.755514658432261399e+00,1.907486239714034326e+01,1.747406742886654740e+01,1.098934510539354470e+01,8.594800966801651398e+00,1.936809180353940363e+01,1.576285376687437001e+01,3.496507896345539024e+01,2.184302443740945421e+01,2.411186780201666124e+01,1.937181497947183217e+01,1.593378477619572209e+01,7.425293418369300902e+00,2.841615545109279140e+01,1.566048947876308972e+01,5.383562711783604016e+00,3.159209985453969693e+00,2.071857563508621780e+01,1.712012742111064512e+01,2.630911863471502699e+01,1.859656554818035445e+01,1.439555945699954442e+01,2.373255726812564603e+01,1.796396990855949394e+00,2.200085456373691528e+01,9.562065652132089255e+00,3.854055547208908195e+01,6.476882731908592206e+00,3.029335856689192852e+01,4.149133719715625546e+01,1.281767515824654069e+01,2.845308702861003525e+01,2.310614628612032817e+01,5.051504327678375539e+00,1.638492682173244930e+01,1.321401517731107234e+01,1.606366912019527504e+01,1.031462062673809399e+01,5.133386394454624302e+00,1.894960059225402560e+01,2.496460356365095379e+01,1.713393924542688040e+01,1.707016945796554808e+01,9.948759573476395612e-01,1.565396668252962797e+01,2.454061796966747977e+01,1.764899795099634972e+01,3.134492079366114403e+00,2.138541634160053562e+01,4.742813316549364444e+00,1.542623687624423257e+00,4.465961762472537622e+00,1.702562405911527321e+01,1.737261257907210421e+01,1.298661578678506423e+01,2.328901099227436333e+01,1.331255520738954878e+01,1.215270204517430130e+01,1.046343968124535095e+01,2.301420460746840035e+01,2.579283233500108707e+01,1.433806831817254590e+01,1.627661286394874551e+01,8.717806999957032232e+00,2.188238434732633664e+01,2.312161714845129623e+01,1.043404918745598842e+01,6.858282303472917008e+00,1.037881270143497936e+01,4.070292437275858788e+01,2.800087727083098699e+01,2.777155256640505598e+01,3.097015968006356701e+01,1.345173213900123876e+01,2.612586843471054721e+01,2.874340023813524780e+01,1.604092304673503833e+01,2.581892311835603948e+01,2.462766339595697310e-02,1.333041847673035463e+01,1.083257093104669089e+01,2.868392316930808406e+01,3.149621545930311228e+01,1.048070353950136280e+01,2.258945415925442290e+01,3.891635751703211810e+01,7.446604982243872684e+00,2.182260156306778498e+01,3.179827304638904195e+01,2.166483521925668398e+01,1.508114706644574987e+01,6.982802273932215975e+00,1.585434883590314570e+01,1.229894244917163881e+01,1.156801405235177604e+00,3.512820613773328660e+01,2.780977285026723322e+01,1.662817126260364020e+01,3.290639473416577943e+01,2.427277778867471092e+00,4.765694976241641712e+01,1.539644850599225734e+01,4.099442150217890912e+01,3.560331003487752000e+00,3.885726796674291883e+00,1.099400320991340863e+01,5.121089839466069549e+00,3.432179531338306333e+00,1.314402111902339065e+01,2.862703383780618793e+01,3.059171523722712749e+01,3.666853458186365344e+01,1.416728480500318099e+01,2.329148381281227742e+01,3.887079070714177931e+01,4.451545039221141309e+00,2.625352224756804276e+01,2.994790193712760029e+01,9.298554888260824214e+00,2.997460356997303066e+01,2.298272096308108203e+01,3.110167996879300389e+01,3.506468909070357576e+00,1.321125267894398725e+01,1.919741457505869420e+01,3.601010801451458576e+01,1.533517878633661979e+01,1.322812006159804810e+01,1.355057740824401780e+00,2.129309992634803095e+01,1.922261708393766000e+01,2.379108956422095744e+00,1.004962614336984394e+01,2.458138275725702115e+01,1.398016196280901191e+01,4.645437287266521054e+01,1.684937254941178963e+01,7.495801260191011117e+00,1.818606452776055349e+01,1.502487969455232175e+01,1.932209138748503818e+01,2.219103875564062134e-01,1.510328371748128973e+01,7.061994135187129373e+00,2.262184751655887638e+01,3.485477710230458115e+01,2.931866018901398618e+01,3.426869531707475147e+01,7.379547702238694384e+00,1.228652368654967120e+01,1.251979673272522753e+01,1.666855251498767387e+01,8.325370865378134866e+00,2.273340982825691015e+01,2.473292437360506923e+01,2.937627006881024272e+01,1.357417904197893321e+01,1.050773577009921667e+01,1.377543809551098164e+01,3.922602459600747160e+00,2.365471181186835992e+01,2.011821732397003615e+01,7.996559489090403261e+00,1.454732482706140573e+01,8.676188581728558447e+00,1.562909706429424617e+01,1.308008412212998550e+01,2.672232426680010065e+01,3.144427082276416385e+01,1.693528286791164916e+01,2.749894072545801293e+01,1.408795249511317316e+01,1.405160555892724616e+01,1.283371942517812769e+01,3.116122064502844324e+01,1.931328000545836332e+01,8.838871720138799404e+00,2.352875080325353707e+01,3.578990690330586233e+01,2.578451658687137638e+01,2.692336176418719695e+00,2.107395062089106119e+01,1.949503870336948097e+01,3.340849612547341962e+01,1.412974795564707087e+01,3.257149893505853555e+01,1.723170958195972702e+01,1.544246947077895449e+01,1.323303223029219566e+01,2.449244485133496951e+01,2.356370031878137539e+01,2.480795098494151674e+01,3.287776877981186630e+01,4.592531886698086652e+00,2.425795562245494352e+01,1.375970907667980114e+01,2.584850390858616365e+01,3.875886465402381731e+01,1.075822086308859404e+01,9.923743773728887163e+00,4.600353395755375274e+00,1.843375977678205047e+01,2.389861579330229802e+01,7.176482318587662945e+00,2.017114632161959165e+01,9.901620355772104531e+00,2.891322440790348480e+01,1.747937997185992742e+01,8.095031166336783102e+00,7.907915241315900623e+00,1.458487132770475370e+01,2.086863421546700792e+01,1.958818949010483834e+01,2.622779439206330565e+01,1.771064371169325824e+01,3.566451511803249730e+01,7.140961792339112435e+00,2.614186102700301362e+01,1.763688799725415990e+01,1.436343201876195508e+01,2.478021090240307700e+01,6.504756768191182204e+00,1.192241960962248104e+00,2.603120906272990354e+01,1.411446641818884018e+01,2.047579690762593074e+01,1.472410765424766588e+01,4.016711438561692660e+00,2.214085575067089451e+01,7.362745579168548105e+00,2.157092090314185384e+01,2.575355048066309394e+01,5.712759857140995656e+00,1.231641876341138087e+01,1.032763380295732958e+01,2.425190866180775018e+01,3.004272450445657938e+00,1.734729535904368092e+01,2.363863810432064483e+01,1.043109820886361305e+01,1.389642596023479548e+01,2.552816581163435927e+01,2.728924742937073944e+01,2.190111787550661404e+01,2.667328161740315906e+01,3.655206524023151715e+00,2.266396715288387043e+01,2.964283985838988400e+01,1.539125179057108639e+01,1.737444281902048360e+01,7.982174095330208274e+00,2.313773328763938153e+01,1.829684616595272573e+01,1.311340256299764562e+01,1.596102294239413855e+00,2.577523239292306556e+01,4.434096113562807417e+00,2.965639982104518779e+01,4.884765497823932101e+00,1.678075990523381833e+01,1.345683211816416325e+01,7.207914934074863389e+00,3.342923591756114376e+01,1.540990918886856420e+01,8.564538440847043077e+00,3.906078824352151457e+01,2.066299815223974790e+01,2.637835082209375059e+01,1.963911883852194151e+01,6.501815234952601052e+00,2.998659628094289786e+01,3.024737971535958536e+01,2.323822983827035671e+01,1.893268915562475030e+01,8.943979936203886538e+00,3.562448663886556233e+00,3.291646341156777567e+01,2.007718920437422128e+01,1.168409356207531147e+01,1.688725721863106699e+01,1.563199185694929305e+01,1.586164344258888192e+01,2.753287850482468713e+01,1.334683897200395464e+01,2.281441358980988809e+01,2.489903632098965147e+01,3.306776831140133766e+01,2.063352121030955288e+01,2.719190538498413190e+01,2.379928230878118356e+01,4.975621206722633971e+00,3.074917156745656399e+01,2.954583628640524040e+01,3.112404991569359325e+01,1.426076713202942514e+01,3.339121191695196700e+01,2.360500157295554402e+01,2.237943881761183818e+01,8.025806768917808753e+00,1.562441603790673383e+01,2.493747359506662065e+01,2.048522119738632341e+01,1.153043997174382496e-01,6.219350825061790156e-01,1.655516187007260243e+01,2.612548183335049856e+01,2.393134154813679970e+01,4.998642771953199393e+00,1.216611483789995418e+01,6.771578692974626890e+00,1.165093689431498625e+01,1.308041385322469452e+01,2.220628644461653778e+01,4.987874931215841912e+00,1.574515710882949193e+01,1.523142485375803190e+01,1.265091844365637286e+01,7.016798254365100185e+00,2.520590593177388072e+01,1.418108990856908891e+00,4.905995865651253673e+00,2.789335263975845436e+01,1.723011087484051274e+01,2.668995311481496557e+01,4.089134553800285232e+01,2.062102572142932999e+01,2.379760730168086269e+01,5.857379532536741706e+00,2.928822570930049096e+01,4.263057903677845673e+01,7.939696922456928263e+00,3.077648024069153720e+01,8.754334974806317060e-01,2.339574191533510827e+01,1.973799611698195378e+01,1.228158169198193228e+01,2.493816149484793598e+01,2.937752173910313758e+01,2.961487909782562156e+01,2.576530388208826849e+01,1.780270133295766399e+01,2.573273169368808233e+00,2.590311774248602816e+01,3.978321255137379353e+01,2.498060103461971337e+01,3.724298982191330509e+01,8.863562417125088189e+00,1.404438668171165006e+01,1.750195180974046849e+01,1.337607616044135206e+01,1.307345238595967984e+01,1.472662904249759031e+01,3.628123324020996421e+01,2.870905921281123341e+01,2.271781632596525213e+01,4.886605158563522150e-02,3.503393268934145510e+01,4.127667755554078610e+01,3.386923512229300215e+00,6.311125464477030711e+00,2.589818732375428922e+01,2.467710723068352863e+01,2.271744866589068934e+01,1.641145012978651252e+01,2.373155548698785822e+01,1.611327433662156849e+01,7.036962490831135675e+00,2.251990377327888027e+01,3.738785159434729621e+01,1.927157817418057562e+01,3.022052753904400646e+00,3.806283033141766481e+01,3.040834127132931641e+01,2.261915650686176349e+01,2.449672897643446490e+01,3.208825849048846379e+01,2.112600113722526984e+01,1.266392302815758875e+01,6.481221601094897977e+00,2.195488528304571219e+01,1.760936672174325679e+01,2.550543128294256690e+01,6.423798780532591346e-01,3.195330396056411359e+01,1.076941064936567116e+01,1.648004960497378946e+01,3.107179423961903098e+01,1.687360727281832595e+01,2.017363064123014382e+01,2.577477131027879764e+01,3.671508284258093369e+01,1.939787439943333425e+01,1.065115885790019767e+01,2.582400027735428694e+01,3.951577602287458468e+00,1.194545899640992559e+01,2.246336012740573551e+01,2.059932305358718807e+01,1.950871417020386644e+01,1.762726728076231453e+01,2.582576469793728791e+01,2.669336380044787305e+01,1.796674832093762220e+01,3.446313269026388326e+01,7.736003716210368530e+00,2.649196477591604548e+01,1.559033774645567938e+01,7.387341630225339628e+00,1.961604034474673597e+01,1.193796712611179167e+01,2.881637870767659138e+01,2.804820898096203408e+01,2.397752415190665687e+01,3.112127670752124331e+01,1.282491233405173148e+01,3.241616262164397710e+01,1.341213641121875000e+01,1.732218782828859460e+01,2.509033705816197823e+01,6.392123465301879470e+00,1.236212274984620230e+01,1.187280964787681725e+01,2.858831622443620990e+00,2.528153720367521018e+01,4.724325380871347591e+01,3.008038365911622947e+01,3.725776079727612000e+01,1.560133136355087657e+01,2.737539806125783404e+00,3.106465573197482755e+01,1.690993877518964084e+01,2.232863436497624576e+01,6.741628627954442621e+00,9.152347497008600286e+00,1.563171130840707690e+00,2.095375843228558210e+01,8.583598950147779405e+00,2.520323076622598535e+01,2.154863484856115363e+01,1.745976597123818053e+01,6.381657739433329368e+00,3.850019162018941898e+01,3.527697192744935251e+01,1.865794877997563717e+01,2.155297322216304323e+01,4.545695455463504508e+00,1.307472571608507828e+01,9.033211891705398955e+00,1.449743646241156725e+01,1.835477470582699056e+01,1.760530970494004777e+01,5.339132293373197946e+00,2.931407793190609823e+01,1.580355101886614300e+01,5.879444336611332034e+00,2.096975103729051604e+00,2.673543610065829412e+01,2.581494614380638097e+01,9.108806641511389302e+00,4.901559740539838117e+00,1.303051047603040402e+01,9.522685480968105409e+00,1.390752057576077760e+01,2.311552393620724999e+01,2.033740050505364749e+01,7.383657473153434125e+00,2.726282876926558885e+01,9.644572421850055477e+00,1.569431431831026380e+01,1.815788791343950592e+01,1.153191110061542801e+01,1.300744177959259318e+01,1.515095151452312194e+01,2.764378515499327094e+01,3.800432120932020297e+01,2.799888527147435369e+01,3.010684734332010137e+01,2.193806035374097974e+01,1.441405938094143124e+01,2.110713324117793022e+01,4.824114219016726679e+01,2.357876902062391533e+00,2.432553193633550848e+01,1.383870066176601521e-01,1.459672826763858566e+01,7.946997597445151218e-01,1.372493921582012533e+01,9.591508366033050237e+00,2.809595571217171539e+01,2.004633688418669024e+01,6.335545805599243963e+00,1.383927443359881160e+01,1.265830406861181601e+01,7.693266564097497096e+00,3.609529374411683023e+01,1.385780172261485887e+01,2.801393805190143382e+01,3.220817780967274757e+01,9.663228538191241057e+00,3.431107908818525232e+01,3.742975351173292609e+01,1.123128454924384911e+01,1.280507008343722930e+01,2.285663215210019317e+01,2.832607963453314071e+01,4.382677119709850189e+01,2.691623465761012923e+01,2.728153984546755595e+01,2.941678941077912057e+01,1.584561158381184498e+01,3.373926227472318828e+01,3.807592967668175987e+01,2.995567597059018894e+01,2.695959997362176175e-01,2.315043382254839699e+01,3.758857104045577557e+01,2.156122394078819937e+01,7.390430476247367153e+00,1.665446493703112196e+01,1.523010940403869284e+01,2.618333001267040672e+01,2.827154497424206170e+01,1.667748777195114229e+01,1.134993904131723497e+01,2.619119200179479989e+01,1.533740916553467315e+01,1.351795272536796944e+01,3.150989330179628212e+01,1.778979120777776401e+01,2.429627859985689753e+01,1.076478933190809428e+01,9.641193893815987792e+00,1.580959846900574917e+01,2.635014767375789546e+01,4.131422935116944473e+00,8.399647565431061835e+00,2.156137485113789864e+01,2.214676756702710847e+01,2.605665931742797525e+01,1.471142796190059343e+01,2.805107286788017973e+01,2.563147312121803623e+01,4.690951860363227865e+00,1.784332229866101471e+01,1.691291155049090733e+01,2.751246018322521358e+00,2.113244854067661271e-01,2.830141636281232564e+01,2.931704640174460863e+00,1.148133450488405138e+01,2.617166834862713998e+01,2.419687356106459220e+01,7.165293687946216572e+00,6.817505243673974036e+00,2.788270003418860554e+01,1.242370120986541338e+01,6.119721093516398369e+00,1.162335383763604332e-02,2.571022969765775201e+01,1.006564182446116540e+01,2.629506860283413516e+01,3.234555721542412243e+01,2.035218393221671107e+01,1.758965892980258161e+01,2.866070359916061250e+01,3.053545206826563074e+01,3.529130414593488307e+00,3.316954698646738109e+01,4.359356467824271419e+01,2.273171008263801696e+00,3.302777207013586036e+01,3.388199893011816499e+01,3.919674191874656088e+01,2.490753252266296869e+01
nan,nan,nan,nan,nan,nan,nan,nan,nan,nan,nan,nan,nan,nan,nan,nan,nan,nan,nan,nan,nan,nan,nan,nan,nan,nan,nan,nan,nan,nan,nan,nan,nan,nan,nan,nan,nan,nan,nan,nan,nan,nan,nan,nan,nan,nan,nan,nan,nan,nan,nan,nan,nan,nan,nan,nan,nan,nan,nan,nan,nan,nan,nan,nan,nan,nan,nan,nan,nan,nan,nan,nan,nan,nan,nan,nan,nan,nan,nan,nan,nan,nan,nan,nan,nan,nan,nan,nan,nan,nan,nan,nan,nan,nan,nan,nan,nan,nan,nan,nan,nan,nan,nan,nan,nan,nan,nan,nan,nan,nan,nan,nan,nan,nan,nan,nan,nan,nan,nan,nan,nan,nan,nan,nan,nan,nan,nan,nan,nan,nan,nan,nan,nan,nan,nan,nan,nan,nan,nan,nan,nan,nan,nan,nan,nan,nan,nan,nan,nan,nan,nan,nan,nan,nan,nan,nan,nan,nan,nan,nan,nan,nan,nan,nan,nan,nan,nan,nan,nan,nan,nan,nan,nan,nan,nan,nan,nan,nan,nan,nan,nan,nan,nan,nan,nan,nan,nan,nan,nan,nan,nan,nan,nan,nan,nan,nan,nan,nan,nan,nan,nan,nan,nan,nan,nan,nan,nan,nan,nan,nan,nan,nan,nan,nan,nan,nan,nan,nan,nan,nan,nan,nan,nan,nan,nan,nan,nan,nan,nan,nan,nan,nan,nan,nan,nan,nan,nan,nan,nan,nan,nan,nan,nan,nan,nan,nan,nan,nan,nan,nan,nan,nan,nan,nan,nan,nan,nan,nan,nan,nan,nan,nan,nan,nan,nan,nan,nan,nan,nan,nan,nan,nan,nan,nan,nan,nan,nan,nan,nan,nan,nan,nan,nan,nan,nan,nan,nan,nan,nan,nan,nan,nan,nan,nan,nan,nan,nan,nan,nan,nan,nan,nan,nan,nan,nan,nan,nan,nan,nan,nan,nan,nan,nan,nan,nan,nan,nan,nan,nan,nan,nan,nan,nan,nan,nan,nan,nan,nan,nan,nan,nan,nan,nan,nan,nan,nan,nan,nan,nan,nan,nan,nan,nan,nan,nan,nan,nan,nan,nan,nan,nan,nan,nan,nan,nan,nan,nan,nan,nan,nan,nan,nan,nan,nan,nan,nan,nan,nan,nan,nan,nan,nan,nan,nan,nan,nan,nan,nan,nan,nan,nan,nan,nan,nan,nan,nan,nan,nan,nan,nan,nan,nan,nan,nan,nan,nan,nan,nan,nan,nan,nan,nan,nan,nan,nan,nan,nan,nan,nan,nan,nan,nan,nan,nan,nan,nan,nan,nan,nan,nan,nan,nan,nan,nan,nan,nan,nan,nan,nan,nan,nan,nan,nan,nan,nan,nan,nan,nan,nan,nan,nan,nan,nan,nan,nan,nan,nan,nan,nan,nan,nan,nan,nan,nan,nan,nan,nan,nan,nan,nan,nan,nan,nan,nan,nan,nan,nan,nan,nan,nan,nan,nan,nan,nan,nan,nan,nan,nan,nan,nan,nan,nan,nan,nan,nan,nan,nan,nan,nan,nan,nan,nan,nan,nan,nan,nan,nan,nan,nan,nan,nan,nan,nan,nan,nan,nan,nan,nan,nan,nan,nan,nan,nan,nan,nan,nan,nan,nan,nan,nan,nan,nan,nan,nan,nan,nan,nan,nan,nan,nan,nan,nan,nan,nan,nan,nan,nan,nan,nan,nan,nan,nan,nan,nan,nan,nan,nan,nan,nan,nan,nan,nan,nan,nan,nan,nan,nan,nan,nan,nan,nan,nan,nan,nan,nan,nan,nan,nan,nan,nan,nan,nan,nan,nan,nan,nan,nan,nan,nan,nan,nan,nan,nan,nan,nan,nan,nan,nan,nan,nan,nan,nan,nan,nan,nan,nan,nan,nan,nan,nan,nan,nan,nan,nan,nan,nan,nan,nan,nan,nan,nan,nan,nan,nan,nan,nan,nan,nan,nan,nan,nan,nan,nan,nan,nan,nan,nan,nan,nan,nan,nan,nan,nan,nan,nan,nan,nan,nan,nan,nan,nan,nan,nan,nan,nan,nan,nan,nan,nan,nan,nan,nan,nan,nan,nan,nan,nan,nan,nan,nan,nan,nan,nan,nan,nan,nan,nan,nan,nan,nan,nan,nan,nan,nan,nan,nan,nan,nan,nan,nan,nan,nan,nan,nan,nan,nan,nan,nan,nan,nan,nan,nan,nan,nan,nan,nan,nan,nan,nan,nan,nan,nan,nan,nan,nan,nan,nan,nan,nan,nan,nan,nan,nan,nan,nan,nan,nan,nan,nan,nan,nan,nan,nan,nan,nan,nan,nan,nan,nan,nan,nan,nan,nan,nan,nan,nan,nan,nan,nan,nan,nan,nan,nan,nan,nan,nan,nan,nan,nan,nan,nan,nan,nan,nan,nan,nan,nan,nan,nan,nan,nan,nan,nan,nan,nan,nan,nan,nan,nan,nan,nan,nan,nan,nan,nan,nan,nan,nan,nan,nan,nan,nan,nan,nan,nan,nan,nan,nan,nan,nan,nan,nan,nan,nan,nan,nan,nan,nan,nan,nan,nan,nan,nan,nan,nan,nan,nan,nan,nan,nan,nan,nan,nan,nan,nan,nan,nan,nan,nan,nan,nan,nan,nan,nan,nan,nan,nan,nan,nan,nan,nan,nan,nan,nan,nan,nan,nan,nan,nan,nan,nan,nan,nan,nan,nan,nan,nan,nan,nan,nan,nan,nan,nan,nan,nan,nan,nan,nan,nan,nan,nan,nan,nan,nan,nan,nan,nan,nan,nan,nan,nan,nan,nan,nan,nan,nan,nan,nan,nan,nan,nan,nan,nan,nan,nan,nan,nan,nan,nan,nan,nan,nan,nan,nan,nan,nan,nan,nan,nan,nan,nan,nan,nan,nan,nan,nan,nan,nan,nan,nan,nan,nan,nan,nan,nan,nan,nan,nan,nan,nan,nan,nan,nan,nan,nan,nan,nan,nan,nan,nan,nan,nan,nan,nan,nan,nan,nan,nan,nan,nan,nan,nan,nan,nan,nan,nan,nan,nan,nan,nan,nan,nan,nan,nan,nan,nan,nan,nan,nan,nan,nan,nan,nan,nan,nan,nan,nan,nan,nan,nan,nan,nan,nan,nan,nan,nan,nan,nan,nan,nan,nan,nan,nan,nan,nan,nan,nan,nan,nan,nan,nan,nan,nan,nan,nan,nan,nan,nan,nan,nan
nan,nan,nan,nan,nan,nan,nan,nan,nan,nan,nan,nan,nan,nan,nan,nan,nan,nan,nan,nan,nan,nan,nan,nan,nan,nan,nan,nan,nan,nan,nan,nan,nan,nan,nan,nan,nan,nan,nan,nan,nan,nan,nan,nan,nan,nan,nan,nan,nan,nan,nan,nan,nan,nan,nan,nan,nan,nan,nan,nan,nan,nan,nan,nan,nan,nan,nan,nan,nan,nan,nan,nan,nan,nan,nan,nan,nan,nan,nan,nan,nan,nan,nan,nan,nan,nan,nan,nan,nan,nan,nan,nan,nan,nan,nan,nan,nan,nan,nan,nan,nan,nan,nan,nan,nan,nan,nan,nan,nan,nan,nan,nan,nan,nan,nan,nan,nan,nan,nan,nan,nan,nan,nan,nan,nan,nan,nan,nan,nan,nan,nan,nan,nan,nan,nan,nan,nan,nan,nan,nan,nan,nan,nan,nan,nan,nan,nan,nan,nan,nan,nan,nan,nan,nan,nan,nan,nan,nan,nan,nan,nan,nan,nan,nan,nan,nan,nan,nan,nan,nan,nan,nan,nan,nan,nan,nan,nan,nan,nan,nan,nan,nan,nan,nan,nan,nan,nan,nan,nan,nan,nan,nan,nan,nan,nan,nan,nan,nan,nan,nan,nan,nan,nan,nan,nan,nan,nan,nan,nan,nan,nan,nan,nan,nan,nan,nan,nan,nan,nan,nan,nan,nan,nan,nan,nan,nan,nan,nan,nan,nan,nan,nan,nan,nan,nan,nan,nan,nan,nan,nan,nan,nan,nan,nan,nan,nan,nan,nan,nan,nan,nan,nan,nan,nan,nan,nan,nan,nan,nan,nan,nan,nan,nan,nan,nan,nan,nan,nan,nan,nan,nan,nan,nan,nan,nan,nan,nan,nan,nan,nan,nan,nan,nan,nan,nan,nan,nan,nan,nan,nan,nan,nan,nan,nan,nan,nan,nan,nan,nan,nan,nan,nan,nan,nan,nan,nan,nan,nan,nan,nan,nan,nan,nan,nan,nan,nan,nan,nan,nan,nan,nan,nan,nan,nan,nan,nan,nan,nan,nan,nan,nan,nan,nan,nan,nan,nan,nan,nan,nan,nan,nan,nan,nan,nan,nan,nan,nan,nan,nan,nan,nan,nan,nan,nan,nan,nan,nan,nan,nan,nan,nan,nan,nan,nan,nan,nan,nan,nan,nan,nan,nan,nan,nan,nan,nan,nan,nan,nan,nan,nan,nan,nan,nan,nan,nan,nan,nan,nan,nan,nan,nan,nan,nan,nan,nan,nan,nan,nan,nan,nan,nan,nan,nan,nan,nan,nan,nan,nan,nan,nan,nan,nan,nan,nan,nan,nan,nan,nan,nan,nan,nan,nan,nan,nan,nan,nan,nan,nan,nan,nan,nan,nan,nan,nan,nan,nan,nan,nan,nan,nan,nan,nan,nan,nan,nan,nan,nan,nan,nan,nan,nan,nan,nan,nan,nan,nan,nan,nan,nan,nan,nan,nan,nan,nan,nan,nan,nan,nan,nan,nan,nan,nan,nan,nan,nan,nan,nan,nan,nan,nan,nan,nan,nan,nan,nan,nan,nan,nan,nan,nan,nan,nan,nan,nan,nan,nan,nan,nan,nan,nan,nan,nan,nan,nan,nan,nan,nan,nan,nan,nan,nan,nan,nan,nan,nan,nan,nan,nan,nan,nan,nan,nan,nan,nan,nan,nan,nan,nan,nan,nan,nan,nan,nan,nan,nan,nan,nan,nan,nan,nan,nan,nan,nan,nan,nan,nan,nan,nan,nan,nan,nan,nan,nan,nan,nan,nan,nan,nan,nan,nan,nan,nan,nan,nan,nan,nan,nan,nan,nan,nan,nan,nan,nan,nan,nan,nan,nan,nan,nan,nan,nan,nan,nan,nan,nan,nan,nan,nan,nan,nan,nan,nan,nan,nan,nan,nan,nan,nan,nan,nan,nan,nan,nan,nan,nan,nan,nan,nan,nan,nan,nan,nan,nan,nan,nan,nan,nan,nan,nan,nan,nan,nan,nan,nan,nan,nan,nan,nan,nan,nan,nan,nan,nan,nan,nan,nan,nan,nan,nan,nan,nan,nan,nan,nan,nan,nan,nan,nan,nan,nan,nan,nan,nan,nan,nan,nan,nan,nan,nan,nan,nan,nan,nan,nan,nan,nan,nan,nan,nan,nan,nan,nan,nan,nan,nan,nan,nan,nan,nan,nan,nan,nan,nan,nan,nan,nan,nan,nan,nan,nan,nan,nan,nan,nan,nan,nan,nan,nan,nan,nan,nan,nan,nan,nan,nan,nan,nan,nan,nan,nan,nan,nan,nan,nan,nan,nan,nan,nan,nan,nan,nan,nan,nan,nan,nan,nan,nan,nan,nan,nan,nan,nan,nan,nan,nan,nan,nan,nan,nan,nan,nan,nan,nan,nan,nan,nan,nan,nan,nan,nan,nan,nan,nan,nan,nan,nan,nan,nan,nan,nan,nan,nan,nan,nan,nan,nan,nan,nan,nan,nan,nan,nan,nan,nan,nan,nan,nan,nan,nan,nan,nan,nan,nan,nan,nan,nan,nan,nan,nan,nan,nan,nan,nan,nan,nan,nan,nan,nan,nan,nan,nan,nan,nan,nan,nan,nan,nan,nan,nan,nan,nan,nan,nan,nan,nan,nan,nan,nan,nan,nan,nan,nan,nan,nan,nan,nan,nan,nan,nan,nan,nan,nan,nan,nan,nan,nan,nan,nan,nan,nan,nan,nan,nan,nan,nan,nan,nan,nan,nan,nan,nan,nan,nan,nan,nan,nan,nan,nan,nan,nan,nan,nan,nan,nan,nan,nan,nan,nan,nan,nan,nan,nan,nan,nan,nan,nan,nan,nan,nan,nan,nan,nan,nan,nan,nan,nan,nan,nan,nan,nan,nan,nan,nan,nan,nan,nan,nan,nan,nan,nan,nan,nan,nan,nan,nan,nan,nan,nan,nan,nan,nan,nan,nan,nan,nan,nan,nan,nan,nan,nan,nan,nan,nan,nan,nan,nan,nan,nan,nan,nan,nan,nan,nan,nan,nan,nan,nan,nan,nan,nan,nan,nan,nan,nan,nan,nan,nan,nan,nan,nan,nan,nan,nan,nan,nan,nan,nan,nan,nan,nan,nan,nan,nan,nan,nan,nan,nan,nan,nan,nan,nan,nan,nan,nan,nan,nan,nan,nan,nan,nan,nan,nan,nan,nan,nan,nan,nan,nan,nan,nan,nan,nan,nan,nan,nan,nan,nan,nan,nan,nan
2.360661905753997658e+01,2.729695766255925804e+01,1.978967071151064516e+00,1.467460708892337884e+01,3.703042104513709631e+01,2.009088512306830410e+01,1.698347217797952524e+01,1.078902394143464605e+01,2.666681349550979263e+01,2.070571618546116355e+01,8.978271219642326884e+00,2.441682839155902585e+01,1.847721032530285967e+01,6.940146226867169865e-01,1.832562508304098614e+01,2.166567191552677585e+01,2.619756010605495078e+01,3.270363121928422601e+01,2.047709424996349981e+01,2.984381429443202194e+01,2.046005405350618389e+01,8.106644856516666664e+00,1.243825640644953445e+01,1.250289623900021674e+01,1.902894587783395153e+01,2.113359484599429905e+00,1.478769693569954313e+01,2.369385381211618125e+01,2.391802050224729470e+01,4.308123263605904363e+00,2.899866064455792269e+01,2.144866126864811662e+01,6.463527259985792917e+00,2.023325944815119826e+01,2.062085002808702328e+01,4.612065639083827051e+00,1.781291087272865070e+01,2.344838118102478930e+01,2.930927523310979765e+01,7.710392593826973062e+00,3.410147770269764322e+01,3.147758319352914214e+01,2.734050656153557668e+01,3.060531826854121817e+01,2.548081431375548433e+01,3.547237212893069369e+01,4.281212795794700554e+01,3.862791292031234036e+01,1.921389011672701130e+01,1.842671891904351256e+01,3.091393568142991910e+01,3.812189590515825399e-01,1.235428744147568425e+00,9.406071605198107477e+00,2.374063798923977231e+01,2.674727577897272823e+01,1.897377662905450535e+01,5.919369548432531936e+00,1.020769542841814470e+01,2.312447847249763910e+01,2.685522157574399671e+01,1.356641554328798804e+01,2.111342669090441504e+01,2.008180521404505470e+01,1.848186949112141519e+01,6.002850972653172024e-01,1.412915011453238812e+01,6.485594656943693082e+00,2.496972370256806073e+01,3.260342684503533484e+00,2.902266290798778670e+01,3.740321822288943387e+00,2.558272814469396650e+01,1.276164847233494548e+01,4.040717892926579680e+01,1.208397183946224906e+01,1.078710861215447991e+01,1.837573562420333673e+01,1.364618017777992875e+01,1.670219937647271990e+01,1.788344986309173734e+01,1.799884692412262766e+01,2.083294156613560233e+01,1.407884141037798464e+01,6.782254516640320752e+00,2.164554260935210905e+01,9.574021228874858735e+00,1.546975847291656869e+01,5.306445243930104638e+00,1.285703212266770556e+01,2.584020297402680200e+01,2.335241384915883245e+01,2.541849331088149810e+01,3.218698635697124644e+01,7.024954385351215080e+00,6.752150064614848013e+00,2.948887980429727662e+01,1.482693019833688508e+00,1.332038051366293274e+01,2.066580363729486436e+01,2.248273138961820194e+01,4.173582212597629848e+00,1.409697392496736690e+01,2.312493890571404975e+01,2.508530329251959401e+01,2.694187116618805788e+01,1.629550589021638407e+00,2.407629149899521792e+01,1.864897339280348287e+00,3.755391869124134274e+01,8.975109186859809185e+00,1.373460259906708458e+01,2.102944771611648633e+01,2.914288165803608166e+01,2.023449137153335897e+01,3.876826885871124784e+00,3.393928909753670098e+01,3.188625935189593719e+01,2.201681334788795397e+01,2.168457748650907746e+01,3.453656883514052112e+01,2.742396134468306812e+01,3.914983787634545820e+01,1.553637099621797546e+01,1.878787619659993169e+01,3.921257861802206435e+01,7.218217229036828719e+00,1.832017146131725482e+01,2.267093060589271847e+00,1.573869634177131083e+01,1.007224466565023135e+01,1.575467273090558074e+01,2.967457322542039933e+01,1.205350068065639269e+00,1.709552605789783186e+01,3.705878062524308802e+01,3.075621328281373934e+01,2.168671853856817222e+01,3.755622707143761119e+01,9.192286298423724133e+00,1.837254408655262594e+01,1.595591287735538799e+01,3.211939931224607392e+01,2.654409464503486760e+01,2.596110340462869459e+01,1.353844649837322400e+01,3.802294475699337983e+00,2.509214996588439917e+01,3.876658707292960138e+00,5.937673419628051619e+00,8.889530503432146347e+00,9.327110933315651664e+00,7.060764966001076282e+00,2.454825139588181315e+01,2.296671810574601480e+01,5.423754826699290987e+00,9.249692560911654482e+00,2.966682163776758330e+01,1.715639520041093746e+01,2.833622365239068941e+01,9.171692136121862404e+00,1.699010022040433654e+01,2.031378217274482267e+01,2.464543088556020933e+01,7.289778626953951068e+00,2.140347130877431070e+01,8.153215898765624914e+00,4.233510036837564172e+01,3.622208666642113606e+00,2.643439665792727311e+01,3.022438534844708258e+01,1.137588678826888078e+00,3.640497360309944952e+01,2.079416912848507693e+01,3.144146526449880596e+01,1.683061872014622296e+01,1.099673511706907192e+01,9.752306288398580492e+00,2.175938663920769045e+01,2.797689173813123631e+01,7.618476738232669909e+00,7.375579071533133302e+00,5.898743878871083091e+00,1.357965010719727950e+01,2.680895890579000351e+01,1.655590380798025407e+01,2.547508776273430442e+01,1.092918698342208472e+01,1.871932921913154857e+00,1.439866989988372659e+01,2.237478451288941272e+01,1.413585071418317085e+01,4.239483673399974606e+01,1.179978829034709520e+01,1.372581608461844205e+01,1.650299491198096291e+01,2.244089676284437829e+01,1.558061691854572217e+01,9.568614670380338083e+00,2.770927507288823222e+01,1.239924880742802493e+01,3.702576499788774100e+01,7.226031165078099505e+00,2.009973262211610390e+01,6.891099071385085040e+00,1.368338729654231756e+00,1.105801497203482597e+01,1.295873910865680401e+01,5.727333777596865794e+00,2.737453880401530526e+01,2.236338825105054440e+01,3.829036663777701577e+00,1.995829915328167914e+01,2.677039452494705785e+01,1.629098336360178223e+01,3.133210489646488384e+01,2.811474579977988952e+01,9.304528435654475516e+00,1.249260582767056782e+01,4.982060864891573182e+00,2.048893127706733708e+01,2.154667252491892881e+01,1.149269805474374806e+01,2.679857559839811643e+01,9.812432670947393021e+00,9.737062704806522806e-01,9.383605901716384423e+00,3.361867694798875306e+01,4.482746326823992433e+00,1.375316888586596420e+01,5.983512017755071355e+00,2.108055891222829104e+01,4.057895527663283097e+00,9.279384257145911974e+00,7.460070308397936500e+00,1.844630168633017320e+01,2.185974438222334726e+01,1.794848240315036847e+01,2.689687638805848025e+01,1.744817373092199020e+01,1.883620774523877373e+01,1.840565622337701512e+01,6.262812651160768240e+00,1.318481655148278975e+01,1.579434316863554422e+01,5.686612076295413765e+00,1.686911434823668188e+01,2.611327880917896493e+01,1.750576963299375777e+01,1.292390260722277251e+00,1.447344099913155091e+01,1.380280125049060658e+01,9.890922671712139902e+00,1.861344252685111300e+01,1.496440737652001296e+01,1.700300287862327409e+01,3.100165652204453082e+01,2.301980092802276801e+01,1.589143810765343723e+01,2.207670580316618469e+01,3.456145064185862736e+01,1.665967108554712794e+01,8.747029927329807109e+00,1.968135098118481352e+01,1.274305882466290285e+01,3.695678958601506991e+01,8.689543103863869078e+00,2.919525946497538627e+01,1.854177243710122625e+01,8.840012215976393861e+00,3.315520966341171061e+01,4.214393402364360952e+01,1.375395653584068789e+01,3.813571372802858406e+00,9.447793833062876345e+00,2.498615512480982659e+01,3.631088068080822495e+01,1.256894125974709375e+01,2.260366513425678647e+01,1.687654925412743268e+01,1.850614689517434641e+01,2.224690195551017169e+01,1.283048884648192356e+01,3.475282529930868236e+01,1.714764083102637571e+01,3.436098944076158901e+00,3.105558281709632595e+01,1.434580568292689762e+01,3.535138316449235418e+01,2.139202573953158648e+01,2.952114343843904720e+01,2.951237695160832430e+01,2.805231687164148369e+01,7.447263577701072279e+00,3.819350468667194320e+01,1.702449116021876563e+01,1.307043844058015658e+01,2.552247626940422620e+01,1.184844875945307940e+01,3.541142592253544308e+01,2.526665993414314304e+00,3.041768074142670741e+01,1.918624285098321725e+00,2.162426988528509497e+01,3.566486047470674947e+01,3.701991869516443323e+00,3.403883612579974027e+01,9.000745921155251850e+00,2.133600420320732383e+01,2.430068848832102546e+01,2.610063926361681297e+01,1.236309222398183572e+01,1.051282383834056944e+01,5.761181997912193431e+00,1.164080643918745572e+01,2.045209705547949497e+01,7.894093265011820071e-01,1.711726528149222659e+01,1.986396848347348154e+01,6.502870126044932420e+00,3.519320395516697886e+01,3.369052337544565034e+01,1.650335621731996838e+01,1.213957575353228435e+01,1.290552564671262381e+01,1.796015312548439624e+01,2.538105162911222479e+01,2.079248102307830237e+01,1.788440567600473585e+01,5.406594622279804474e-01,1.952842174749078552e+01,1.501339340602594419e+01,3.510600152568804333e+01,2.967152845916640302e+01,3.043364017719154901e+01,3.289757993365724786e+01,1.475948494569363056e+01,3.176728962491569064e+01,2.455156908384041614e+01,2.896680400971142788e+01,4.008895137880330140e+00,3.119158324720947917e+01,3.553536707809380601e+01,1.621330924716293254e+01,1.285599008602958193e+01,1.799348257131889994e+01,2.075737938725286114e+01,1.511120055899826298e+01,2.494137658802333135e+01,6.428923551516328772e+00,1.304055960895545674e+01,6.102087518089281737e+00,6.993327351457317320e+00,1.225115495673029109e+01,1.009118452978050229e+01,1.167663104683088449e+01,1.033584990492217948e+01,5.424711907761741614e+00,1.362957377895501132e+01,1.276527027954245774e+01,1.395255795510280628e+01,2.877138543578761087e+00,1.154350705094780993e+00,1.066767154541686224e+01,2.704267648242714372e+00,2.643423648327286912e+01,2.085330559806735096e+01,2.201950638637312352e+01,3.139832414212085965e+01,1.075155582658080178e+01,6.214037254858354231e+00,2.333286775291269777e+01,2.978477286269377799e+01,2.520599258304827828e+01,2.434675415719270930e+01,3.804062177296747560e+00,1.807774764655182054e+01,1.835631817076567529e+01,2.774430298070186751e+01,4.945377409380263600e+01,2.247073005796004708e+01,2.013688171382486303e+01,3.052895189881800775e+01,1.602220938640852665e+01,5.489109051930897820e+00,3.761379992979407394e+00,3.104762861243413141e+01,9.692394424805012676e+00,8.267127367253296555e+00,1.931360744252030415e+01,3.476357385479141016e+01,1.454716086718442192e+01,1.059276436223903417e+01,2.585142378972871313e+01,1.463184363112357289e+01,1.192804080183449145e+01,9.306751263673643138e+00,8.089911360954769037e+00,1.337353146941658366e+01,1.581041888475615487e+01,3.592965725325708348e+01,1.371802263657344589e+01,1.573915840145964218e+01,2.559529270893589725e+01,2.948475121628035467e+01,2.140570003327413318e+01,3.358073978930625714e+01,6.062054213639268482e-03,7.960751140804580572e+00,2.363549300380937979e+01,3.829269475733909189e+01,1.603220036376101021e+01,4.844852450652070708e+00,7.132414030419669260e+00,1.456700197214996884e+01,7.254213617915960199e+00,1.236796156938925861e+01,2.891027475018499615e+01,7.103384347282283962e+00,2.705850061792421268e+00,2.878876199926899915e+01,2.472206793183824658e+01,3.649843147576430624e+01,5.155864589545819499e+00,2.912109157870818876e+01,1.018308172218467078e+01,2.682404618524670781e+01,2.158306987511641140e+01,9.478897457995025810e-01,3.159239208197849891e+01,1.431284091613995102e+01,5.203996978960992337e+00,1.169885242134091063e+00,2.557343429181804240e+01,2.846745377636986873e+01,1.555873741638401775e+01,2.318025792387485851e+01,4.597976573438840475e+00,2.843304188323605430e+01,4.137508872814757765e+00,2.917945812461365662e+01,1.267724226672330445e+01,2.849477911088062587e+00,3.439306528725393886e+00,2.638474048672975769e+01,1.545056481729788267e+00,3.718135319535083028e+01,1.638842980386021964e+01,9.931237594274062275e+00,8.902713248060486251e+00,2.739801845159218630e+01,3.154560922408148471e+01,1.391436097417049922e+01,2.558678374401360500e+01,9.699838252578532050e+00,4.527385583828879589e+01,1.702389899886478020e+01,1.625964679249760891e+01,2.614218707241196427e+01,2.209021514069623660e+00,1.009687400445436190e+01,1.382790942536015422e+01,3.237451991593962930e+01,1.844547122626446622e+01,9.643581833684695681e+00,2.244967773089584284e+00,6.000686249355045909e+00,2.719651138756387354e+01,5.875032485189308318e+00,1.218922891306844614e+00,1.242500285530865689e+01,2.776467053679748886e+01,1.468141772243002663e+01,1.892763215371100216e+01,2.909053525611194146e+01,1.792999294640551611e+01,1.708218483531120668e+01,1.923404631880147875e+01,1.970432131337139836e+01,3.091009044806659745e+01,1.225809499868233488e+01,3.609174420372933234e+00,3.503723937140007649e+01,4.191284128479993432e-01,1.759583904555689315e+01,1.379781302931013087e+01,1.089902165224314601e+01,7.664721361738800809e+00,1.279928557554264046e+01,3.034961990774177210e+01,9.974536925961455580e+00,2.220137820707870091e+01,5.686246798040480499e+00,2.422915351476241241e+01,1.726249315894900960e+01,6.395543263857192962e-01,2.809812071116731858e+01,1.207298689035299510e+01,1.145099985684940336e+01,2.296869115986466880e+01,1.466211337373399992e+01,1.859842025740809390e+01,1.497990889779167722e-01,1.927080032807624832e+01,2.078357542171340455e+01,2.063591708788043633e+01,2.309230025804904329e+01,2.845155398878603492e+01,1.039264316029764146e+01,6.757288556041241456e+00,2.534161145766140066e+01,1.983308448235780341e+00,2.034922304651035319e+01,1.775369901888308988e+01,3.481727176792573175e+01,5.720194645489891094e+00,2.120369342885155106e+01,9.349646754081861744e+00,9.149355532957613946e+00,3.197898837200196098e+01,4.516475640156900617e+00,2.735496557152603359e+01,2.148089683122214311e+01,1.242580772664445199e+01,3.229786839336284743e+01,9.880683335384201627e+00,7.743488141850876971e+00,1.354128084501627427e+01,1.127088849441890872e+01,1.835092618588354441e+01,1.719811412716651278e+00,3.210138011207735076e+01,1.704074658262334907e+01,2.081673385915580710e+01,1.741196397320867106e+01,1.010985713443164080e+01,2.601742282474074131e+01,1.988355233901311081e+01,9.508863097318792867e+00,1.436414644875117297e+01,2.819319540644169564e+01,2.390475533171483491e+01,3.045737041040483462e+01,1.725883209031419696e+01,2.044099616879539383e+01,1.734499748122248874e+01,3.896487440224648324e+00,8.868592230987108138e+00,6.287961267853932057e+00,2.759460831215100995e+01,1.470150492389476860e+01,5.294047595232220793e+00,2.029997005830356471e+01,1.831473117097973224e+00,1.087494372086240269e+01,2.495000194108946090e+01,2.658919702662859152e-01,2.035485440043328964e+01,3.979424132936376424e+01,3.338133889583660618e+01,1.213312785251906512e+01,2.196033104492130050e+01,1.139319544288923680e+01,2.850526863453763227e+01,2.187682496427496659e+01,9.734660642264261199e+00,1.596559171772757679e+01,3.924762015467483600e+00,2.980544396485613490e+01,7.101295028132895482e+00,3.607044478417343214e+01,2.585080837125399711e+01,2.102739077606998208e+01,2.217649424822706550e+01,1.405746019905751254e+01,2.593438339386997527e+01,2.676306488194749633e+01,2.387428261287507070e+01,3.345143428924501339e-01,6.137963214381183974e+00,1.703312276843764295e+01,1.342355769322127301e+00,2.668461603987929820e+01,9.947004865355927095e+00,2.061116331568900506e+01,3.199816664293644664e+01,2.116607314740162948e+01,8.210679787825945652e+00,1.956085500182554071e+01,1.972880268918680002e+01,2.221427635910417919e+01,3.412252987927180925e+01,2.482051694149955523e+00,4.553802235257715125e+01,1.103119854616871187e+01,1.391986276705054948e+01,1.548923706954741419e+01,4.875756007015537463e+00,1.851324919406826552e+01,2.526911093217050919e+01,1.736664080893776330e+01,3.525610403642135404e-01,2.697426722600968052e+00,2.066423868816061926e+01,2.988296056939837797e+01,2.067059407797430737e+01,1.866151401384956277e+00,2.224064097482023428e+01,2.078051014200493896e+01,1.389805090797212905e+01,4.673840553717448110e+00,1.272077230628792144e+01,2.167044892970585934e+01,1.262368190958363101e+01,3.500656947910598404e+01,6.240836874872788265e+00,2.453546835249489533e+01,6.228476751438060788e+00,5.645266985124100856e+00,2.635921585550272894e+01,1.944057163368344021e+01,3.732185170964849164e+01,1.288587598042022186e+01,2.666735273894890845e+00,2.656284433215184393e+01,3.535161164487016805e+01,2.961467993084445638e+00,2.072427700320473676e+01,9.207427018329310542e+00,2.391433501679232876e+01,3.590676789358976606e+01,2.346978632021250277e+01,5.216322506991645014e+00,3.083415332812607446e+01,4.258950561410382818e+01,2.398144067277028313e+01,1.147226676467618134e+01,8.212555816399174091e-01,1.216685540877979221e+01,2.008969181549087324e+01,1.405281143321552761e+01,6.411240391686489737e+00,3.333082645392546794e+01,8.760818546738665447e+00,2.116027886376076239e+01,8.622470502518067903e+00,9.943135939628515718e-01,3.362317059238556283e+01,1.767945452372268633e+01,4.181727834411388400e+00,3.942369520246975867e+01,3.117265236934836992e+01,2.954019047649462948e+01,3.181279744683917698e+01,4.079714900842846248e+01,1.813310886186068061e+01,2.178204568223088344e+01,3.023196424575636598e+01,1.666094551822611791e+01,3.002971158734947110e+01,1.245693035412144667e+01,2.801400101948620147e+01,1.844873579037386691e+01,2.084458962834373708e+00,1.776421128783199066e+01,2.589500775139438815e+01,2.601791130907891159e+01,2.557228681754119748e+01,1.629212486433748097e+01,4.221476967135346037e+00,1.155609887673957026e+01,9.363876161436037293e+00,1.716556109852680834e+01,2.202947096684498263e+01,4.308828171423328968e-01,1.934257551794213370e+01,1.059248953177038999e+01,2.218646613948055091e+01,2.173760230506552205e+01,2.205131615844491577e+01,7.354962830097614201e+00,2.036356129853657659e+00,1.770799481128753428e+01,2.082071341785613328e+01,1.210207024509820428e+01,1.310234472525884009e+01,2.691687623993485445e+01,2.639970939857293786e+01,3.048531989033849499e+01,4.616146991722405168e+00,1.877458382928931258e+01,9.307232278971115491e+00,2.504589133927646216e+01,3.111648765363273128e+01,1.610512149076634358e+01,1.009830802997933041e+01,2.818145057667853237e+01,2.666527338533782654e+01,2.144709262302637853e+01,1.204830599751908693e+01,4.853043606514384045e+00,1.578772720785586436e+01,2.165841102602340129e+01,9.300529034179325194e+00,1.786931896001249243e+01,2.839444154497293482e+01,3.024198591196310559e+01,6.512417804093797002e+00,1.483782164518510882e+01,1.830941770443323691e+01,5.356499543736578772e+00,9.433645710729811285e+00,2.533903054802188493e+01,1.710911002641152834e+01,2.318839584207628590e+01,1.265019256939080883e+01,1.583833886847216021e+01,2.876859286047007203e+01,1.379052349832876878e+01,3.389255665652994054e+01,3.369411669449137747e+01,2.061325762418167784e+01,1.790489523678015615e+01,1.722615136423188886e+01,2.640646608257324957e+01,4.308142798011654406e+01,1.175682978868448103e+01,3.463775575778187488e+01,9.471929005618067166e+00,2.153234892253984967e+01,1.051673584519165594e+01,1.573636237003116811e+01,1.147646890299933453e+01,2.291201422807765553e+01,1.349926911390275208e+01,1.095664580359193252e+01,1.976582157884320878e+01,9.724725366162255469e+00,3.984649936497881573e-01,9.716840129035640317e+00,1.468936673063801734e+01,2.222865289334478334e+01,8.059320620513439337e+00,3.229037348406527741e+01,4.355642771059217466e+01,8.523589515241585701e+00,2.803137815884648631e+01,2.710370241747428111e+01,1.510983332059692330e+01,6.856908224227072246e+00,3.175624023759787917e+00,1.160402886425663915e+01,3.661568798271260761e+01,1.016643506251831397e+01,1.922985665742174177e+01,2.141733466081704762e+01,1.312925530483982328e+01,2.211287207163530777e+00,3.101513757967367724e+01,1.501129433600603136e+01,1.162041548138151015e+01,1.947148873118384671e+01,2.585165543708713898e+01,1.058980868285389931e+01,9.434446173352940335e+00,4.871077401143356411e+00,1.567491312849643492e+01,2.520255520967234730e+01,1.807616832433960496e+01,3.015122995141192419e+01,7.811408004923423576e-01,1.412782632544873529e+01,3.978067132633494207e+00,3.971706101048909687e+01,2.526125234407915343e+01,1.304212910021997551e+01,1.393223301702079198e+01,3.496972956399989130e+01,1.336233114488535278e+01,1.390002634558678807e+01,4.299507361362147151e+01,2.563072562396229159e+01,4.902269003818309656e+00,2.970793984798876508e+01,1.786069018026871191e+01,1.876561170802477463e+01,3.589984118892560971e+00,2.679316649612701084e+01,5.411273967821130348e+00,2.639549232433204651e+01,2.135319995606975141e+01,2.970130738242163559e+01,1.435570772946987894e+01,9.828438079903264679e+00,2.210700281014334223e+01,6.149375855585338613e+00,3.550880289294607906e+01,1.977372496706304617e+01,1.907709198610722012e+01,9.108895752356216402e-01,8.376620824037366297e-01,4.421694650856521136e+00,1.731240003590037801e+01,4.907235714180618658e+00,1.739982627577420260e+01,8.323930234738991629e+00,1.959547976061430496e+00,2.971996697311668356e+01,1.483091983099215838e+01,1.789723969281028104e+01,1.499972133167467092e+01,1.522662660162047565e+01,2.652131950819237360e+01,3.086353270649311398e+01,8.262093185784662452e+00,1.712045508347092237e+01,3.313519028883039397e+01,1.571642653918864418e+01,1.589361380479606467e+01,4.061964264245452760e+00,2.774128979139208440e+01,1.747850889262389629e+01,7.130697819253850600e-01,3.051146310457971822e+01,3.282001782224065778e+01,1.644358758980975566e+01,3.430822330843392720e+00,2.247756136111176417e+01,6.579081915026850247e+00,8.885125243128406680e+00,2.093907355108399315e+01,1.948501637767720140e+01,2.337692247227744247e+01,2.632985539612932024e-01,3.818487918878800791e+00,4.882875887130873949e+00,2.359905623146698872e+01,2.717189945854511990e+01,1.681752569722799606e+01,1.367218541749732452e+01,1.028317923997462557e+01,2.285889388676518053e+01,2.239518476384120493e+00,2.799453775432730396e+01,2.109474329085661992e+01,2.056474656962295811e+01,1.687719543810350586e+01,1.030478537050007759e+01,1.387126301807298212e+01,2.389242712222215914e+01,2.198834094130578976e+01,1.808613737538560784e+01,3.087445608269948139e+01,1.609308560779407316e+01,3.085754142857930660e+01,2.309313177786494364e+01,3.265344255942513740e+01,3.076077645174261477e+01,2.586015786570491315e+01,1.535489520940741981e+00,1.650077852444405480e+01,1.024531555624168355e+01,2.461134486949518418e+01,4.861228386713301930e+00,2.755446792560562486e+01,3.119659489636765759e+00,1.977292509644736995e+01,2.507539159783694416e+01,8.818336148441686007e+00,2.107282324352699376e+01,3.911188412073484244e+01,1.822617743376078181e+01,2.656069566949132010e+01,3.569971243644401682e+01,2.065154629981912393e+01,3.149186252597258573e+01,2.206173383785348463e+01,2.429234906739157296e+01,1.048146844193982652e+01,1.678098160193066946e+01,2.838309883700880221e+01,9.275666183124377184e+00,1.657095846867751021e+01,1.765683596558860913e+01,4.112151281628542598e+00,1.881911395700445411e+01,2.610357526205503120e+01,1.936550728289731182e+01,6.630427551998209879e+00,3.138074631266782433e+01,1.807620066424021132e+01,5.891302459411412507e+00,1.721378780549822096e+01,3.314576774254594227e+01,2.433496760361531486e+01,1.763219144686932793e+01,3.649293753469677881e+01,2.310097107009836392e+00,1.796798133372091044e+01,6.760612790763093294e+00,1.975978944795125258e+01,1.189144805855383957e+01,1.843788260626179110e+01,7.225390198722617896e+00,4.128278991078597215e+01,9.455484050597604551e+00,2.678720287794528332e+01,3.155856755285828896e+01,1.481326733177890098e+01,2.683466714648567120e+01,2.829858127702788906e+01,1.195207226860931726e+01,2.449724552351029061e+01,1.161003788739404641e+01,3.845690943997063727e+01,2.463467721514964381e+01,1.050556761854160825e+01,3.549879464407035101e+01,1.440576440693833860e+01,3.196253754721997709e+01,1.211677804615598220e+01,1.840811955131968247e+01,1.206374468997328364e+01,2.952791456776661505e+01,4.277632316515577315e+01,3.104751837693231664e+01,2.795594313815889720e+01,3.273659238101532054e+01,5.690755513689557787e+00,9.119772381435454767e-01,8.174812401960283026e+00,2.631228891663722891e+01,1.094695977594951941e+01,5.157010423176807024e+00,1.620320116389343212e+01,5.798939309510796392e+00,3.195559765332727409e+01,1.148932267530535434e+01,2.346512700838213306e+01,1.811100541992383128e+01,1.587580742354822760e+01,1.829137473016459126e+01,7.190252784742107828e+00,1.791178325630720991e+01,1.238659360758590999e+01,2.793680042586175816e+01,2.551295300287663892e+01,2.887227186145936741e+01,1.458244826315704579e+01,1.808729732159832793e+01,1.096697253752302359e+01,6.385884741315920543e+00,2.438282312061919654e+01,1.882686236720454431e+01,2.418038814073846154e+01,2.102286911784815260e+01,2.923187874825037014e+01,1.050858301906168535e+01,2.476727928986470673e+01,1.383979915127066418e+00,1.728052369755197937e+00,1.302964883932172802e+00,7.307617860492486628e+00,2.686714117108326150e+01,6.186688936032667563e+00,3.127824680404583546e+01,1.091471019618818161e+01,1.454483399980113489e+01,2.056046610379206285e+01,1.270776143939411540e+01,4.826440629232803481e+00,2.277942473390692157e+01,9.084685944397540069e+00,1.372971112436802876e+01,2.613048224546860610e+01,1.463536851674375328e+01,1.181877541043262703e+01,9.933964078045880441e+00,1.939319885461056714e+01,1.699615193882002373e+01,4.648949045137030112e+00,1.980737777321406057e+01,2.199811146424339370e+01,2.821288161048064325e+01,1.234715382864866839e+01,7.869491015106257592e+00,2.730580444050824696e+01,2.955262061286741115e+01,1.959828544351427126e+01,2.193851408703303818e+01,2.278937244648354721e+01,9.563462162698620261e+00,5.565492560842738357e+00,1.197206718217061550e+01,2.653875931916027664e+00,7.658257731105484467e+00,1.843389807274385817e+01,1.227126144218375359e+01,6.665696493290135471e+00,2.133655984763576541e+01
2.392151025298739242e+01,9.103082096107753429e+00,3.010858198617508918e+00,1.618588953733154057e+01,2.069636581867456471e+00,1.155498227870327455e+01,1.532854218656469136e+01,2.516588750500670990e+00,1.993412074216716334e+01,7.934891357656345789e+00,8.535037652960536514e-01,2.620406081917834307e-01,1.128094991671363623e+01,2.998913449033738132e+00,1.693399714703371473e+01,8.463474536327314723e+00,3.377199000869391288e+00,2.071758205121437868e+01,2.655798471182534115e+01,1.197595973700293470e+01,6.631641488263619877e+00,2.551658904313439891e+01,2.407520582032601997e+00,1.680546318187629140e+01,4.665109529633112651e+00,5.530096352161349316e+00,6.845056485171674865e+00,2.056523945099023587e-01,7.187058170226311660e+00,2.214696791238345952e+01,3.400822070057540891e+00,1.740928055451637491e+01,3.035131243679909829e+01,8.573942348339036457e+00,2.006787951978015982e+01,2.764794970391897166e+01,1.320091773015738035e+01,2.024582983435243833e+01,6.252336955570148014e+00,1.471859542684114253e+01,2.813297179878782917e+00,1.815433675124931412e+01,1.214607874538146604e+01,1.201520811325665328e+01,5.741119763110571483e+00,1.152094869709764424e+01,3.948881086140377583e+00,7.855155886559932021e+00,9.941489072160401008e+00,1.284995500516223288e+01,6.347412771938847342e+00,2.197890387150108893e+01,4.932036176156143981e+00,5.241535497584509429e+00,1.847076511387975906e+00,1.557725658213808728e+01,1.011423806750989085e+00,2.266821563448562316e+01,4.139458165914474463e+00,2.122071053233920068e+01,1.783901368823858746e+01,1.983208607974590620e+01,8.602473514273658139e+00,1.920651959168860889e+00,1.010527771893173998e+01,3.095739989033726047e+01,3.773861384929924512e+00,2.483476537171096510e+01,1.883168829383350129e+01,5.356771304476696249e-01,9.760037088617419254e-01,3.626714508362800160e+01,6.767803028357497475e+00,7.361771850257934346e+00,2.383231551756852085e+01,3.222683143310958087e+01,2.905157787465681807e+01,1.705168555269931119e+01,1.631273737264465495e+01,2.046892560840052866e+01,2.931976798553253261e+01,2.814988485878377489e+01,8.529765704943766735e+00,7.911582396957852481e+00,2.077757894576663134e+01,2.047091340975084606e+01,9.305445937041124438e+00,2.577260953423561318e+01,7.287367290007916942e+00,2.243404577801687338e+01,3.772020293065409202e+00,1.907097761754132392e+01,5.151428877025825415e+00,1.094908397113950471e+01,1.556853904880015449e+01,3.191694349983806411e+00,2.872506072666244137e+01,2.619919733974899501e+01,3.104490117049253683e+01,1.374690228328319819e+01,9.247703343792533559e+00,8.717207648907740136e+00,1.250926034800560860e+00,3.731120935113103165e+00,2.171633858360230462e+01,1.134396946457636446e+01,1.565999101553460504e-01,1.970616983131501598e+01,9.421082452550098907e+00,2.129388540191461487e+01,9.589973063058408798e+00,2.872059899213108558e+00,1.133206484918055423e+01,3.454318690598343267e+01,2.084594901097721120e+01,9.559533410745812532e+00,9.106381818466495304e+00,6.608369870833725734e-01,1.031658009090795680e+01,1.122254495875713509e+01,1.476411650521023411e+01,8.835140090332878060e+00,3.051756506049492224e+00,2.124196612553634367e+01,2.291363653822350699e+01,1.184817257747421948e+01,2.186334340379204022e+01,2.355176289773165976e+01,2.962799380809424576e+01,1.433406898929007944e+01,1.933413195713869470e+01,1.193401934969983635e+01,8.205414083483841381e+00,2.100796140020633196e+00,7.398573633840490604e-01,3.103948620660150759e+00,2.179846154947265902e+01,1.106877710071841570e+01,2.522414230200615393e+01,1.250157496842907889e+01,1.692095403344793070e+01,1.697632599162842837e+01,2.146229707863091818e+01,1.698001287717347552e+01,8.271702640825388642e+00,2.061687927459609782e+01,9.317058844189025635e+00,1.269389554916798346e+01,3.829810640707901115e+01,2.085733453910603430e+01,1.796644668734489159e+01,1.057662684336529324e+01,8.950089020915308780e+00,7.600499986688060261e+00,2.139563722359750031e+01,2.344665167305874931e+00,7.289925680181990941e+00,1.977004152630211564e+01,8.872417860386452304e+00,2.179757723376191336e+01,2.221989344817680490e+01,1.907340290096073199e+00,1.403277472175554763e+01,2.093511270795111301e+01,4.179370224855285088e+00,5.409339731509704707e-01,1.549284833874044587e+01,2.729166452620970418e+01,2.562205209477016155e+01,9.954695882605728130e+00,2.678615763870743294e+00,9.734413092972310722e+00,4.153276749906609666e+00,2.142937244679829334e+01,3.038368537293360916e+01,1.652185556680919021e+01,1.514413225116582851e+01,2.477554822828928138e+01,1.813848580154729362e+01,1.394393566411992680e+01,7.146710029870255276e+00,1.020109732542483449e+01,3.332483611682727087e+01,6.338621706607577622e+00,2.398754468274207952e+01,1.097585944290145221e+01,2.594875318932004848e+00,1.228443039835067374e+01,4.526969636328841418e+00,1.429624473323999112e+01,2.426257036625279184e+01,2.709401611675433585e+00,7.065831822502508963e+00,6.050459511985769367e+00,1.206985625501291004e+01,1.577797650292788134e+01,1.805336699915311627e+01,3.858456370997357610e+00,3.656786216285191671e+01,2.172492715143228992e+01,5.201857842216405459e+00,1.542533671579374754e+01,1.249851088708621383e+01,1.346080812207105737e+01,9.369012457351940881e+00,1.348818257285755351e+01,2.267952788575234635e+01,1.716119843842323789e+01,2.706982790281884732e+01,1.293081807638006886e+01,2.520449237373880158e-01,6.922900135022957535e+00,2.036834790260412476e+01,6.081458163991001697e+00,1.856553535452728809e+01,1.697769153146671783e+01,4.873791649763001388e+00,5.634936423223871671e+00,1.064472440597385727e+01,2.311753545565003876e+01,1.769784015277276268e+01,7.395635803617507165e+00,3.436820949199513642e+00,7.496402691286687237e+00,4.325581445845157802e+00,8.889117580724484213e+00,2.006625161737759200e+01,1.757342568321600140e+01,1.162177406571932714e+01,2.176646407596713217e+01,2.349744249889298331e+01,7.820137536385539434e+00,3.029506231991017540e+00,3.159711087745003422e+00,1.221980340361248274e+01,1.201020550648184937e+01,1.586979326252680877e+01,2.763776521332508196e+01,1.853709952494026325e+01,1.497720937928792218e+01,1.827826152002708682e+01,5.538824430306633850e+00,1.111026224031862952e+01,5.054014547764844600e+00,1.708132166576382005e+01,4.858337263941987061e+00,2.144324170613151637e+01,9.806108697184230394e+00,1.915658060279636032e+01,5.826901129246522260e+00,3.637054144292811042e+00,1.329688644978132217e+01,2.840893656813361368e+00,2.437700485454615773e+01,1.610674823724164639e+01,7.922506331157875836e-01,1.956615736578326192e+01,6.993222270160726062e-01,2.384492372553947348e+01,3.044568867695744974e+00,1.689412949353122073e+01,2.764665636297477747e+01,7.229511901452871037e+00,1.139625872577562049e+01,6.096992379718032318e+00,1.170171409081374136e+01,9.179971115242551605e+00,8.120434608075137728e-01,1.017240968056863970e+01,2.470956213983583893e+01,1.935290508899817041e+01,2.764615530557664513e+01,1.312140263184176270e+01,4.036657198166451188e+00,1.340216639948018695e+01,1.120990766574651332e+01,2.938285848482659279e+00,1.696607010749752176e+00,2.250499898953127742e-01,1.548051602610286182e+00,4.024105892685228270e+01,2.288913516403111004e+01,2.062955763102913664e+01,2.245624059978783116e+00,2.311860394811224140e+01,1.857825808615498531e+01,1.377974049848265103e+01,1.082943831114508093e+00,3.307107946238828422e+00,1.873353438900829460e+01,1.038411770976826176e+01,6.822515113683904175e+00,1.951149211646077219e+01,1.644541593566068727e+01,3.750729262962585242e+00,2.072770778664433422e+01,1.630294592879002735e+01,2.327244550110724575e+01,1.543272301038197192e+01,2.880257143074240034e+01,1.352657778287374413e+01,1.638948490842349770e+01,2.713617936203472070e+01,9.344405556502524135e+00,2.192557697136356509e+01,3.271585309866631430e+00,1.254375472075875919e+01,1.359355057166515479e+01,7.417499628297687053e+00,6.138508321565159243e+00,2.611997845121116413e+01,2.355948692970649816e+01,1.782232780458778620e+01,2.193558236158414587e+01,1.614502495659220216e+01,2.863618237940027456e+01,6.577477572014878149e+00,1.834946164135707392e+01,2.329189030962176277e-01,5.976729338261382196e+00,2.273330449288019395e+01,6.490352521184394874e+00,2.163386007515372356e+01,1.714116309967612395e+01,2.259510772088452768e+01,1.034593951892212971e+01,1.269510085336424687e+01,2.172254443026515958e+01,2.793074121663158849e+01,2.598644745697475500e+00,1.737736603956814818e+01,1.399333970876109490e+01,5.531714382858583523e-01,4.087838346978760917e+00,8.404309711191761068e+00,4.162323103657533885e+00,8.659817874399717397e+00,2.011462955327587565e+01,2.072520020725085388e+01,2.264920534138022745e+01,1.050386027441133763e+01,1.597884614355600164e+01,1.118028963576428758e+01,2.551035738872132086e+01,2.970088033867926303e+00,2.523060577472242727e+01,5.901012969149121545e+00,8.699538415854799922e+00,1.915411419132242887e+00,2.063199664694492341e+01,1.627031411117728155e+01,1.622236638098328498e+01,1.753018406618187086e+01,1.179802137559664921e+01,2.597985404476631999e+01,1.235319992196354377e+01,1.226532970207692808e+00,6.654018584636181011e+00,2.254366055189646190e+01,5.705939812473211248e+00,1.474356548968405001e+01,1.546003790137014811e+01,6.397035815080784005e+00,2.987982872339462403e+01,1.971989512417469470e+01,3.074480131515966264e+01,8.956747556799287580e+00,1.212957690792991450e+01,1.356402798337951765e+01,1.876632337330487488e+01,8.546506784514507515e+00,1.638614564758564995e+01,2.038770489230071803e+01,3.045126738298215230e+01,7.350947578712337283e+00,1.054945442026186697e+01,1.440366116291077958e+01,5.465611579486986393e+00,3.146737648624751582e+00,1.369491081230328078e+01,1.066100802812129267e+00,5.524903075877880987e+00,1.103759748616726633e+01,2.489235521553039376e+01,1.969155160413354011e+01,1.027010291835723166e+01,2.156536320600642753e+01,7.323613281959739929e+00,3.534196638406686475e+01,1.990966430735409176e+01,1.728960985256988181e+01,3.090290330431880506e+01,1.158104213277512962e+01,9.787738040727603561e+00,1.087839536118414507e+01,3.472806777513134602e+00,1.462885393216547492e+01,2.244650681235915712e+01,1.437488355370819804e+01,2.560506290744361024e+01,1.592665582876096408e+01,7.814225742492974192e+00,3.532716730733665766e+00,1.093142125783904017e+00,2.149276732196590878e+00,2.804371229999619430e+01,7.347562546864785382e+00,6.063433085770144615e+00,2.223330259932146191e+01,1.726284865747373232e+01,9.553397673740979812e+00,1.861703212878540725e+01,8.380538401067758159e+00,8.416008735409086228e+00,1.423270471895083489e+01,1.088152782692535148e+01,1.374043517820796012e+01,1.116492713953693183e+01,2.144419476928976565e+01,6.789299680794684377e+00,2.617668109762841055e+01,6.615642759859156286e+00,1.366965804907220416e+01,2.363607418083578438e+01,1.270031947886282175e+01,1.295064617205402868e+01,2.646849073869949365e+01,2.042861702087924414e+01,9.855621465497526046e+00,2.031714936052540921e+01,7.300141968284772354e-01,3.588598944492443366e+01,2.113502354678425732e+01,7.431689415804327847e-01,1.138212830218589744e+01,6.716051846649175872e+00,4.376343065479990635e+00,2.909186156647621857e+01,2.042537650095686885e+01,1.894409453111439845e+01,1.851058966292940511e+01,1.638706745735341030e+01,1.592929772636953878e+01,1.487881309741367630e+01,1.374941867095429160e+01,7.466598328400054996e+00,1.554913991431166131e+01,1.724435030645462064e+01,1.067632477303350136e+01,2.114684150912313854e+01,2.188616623638663938e+01,3.253840720892868177e+01,1.208915364819941374e+01,2.927991180803665472e+01,4.064211606376089136e+00,2.744744966045430612e+00,1.824175267611521534e+01,1.397763515338249363e+01,2.200097372164541554e+01,1.806644701786083118e+01,1.071518165441286641e+01,9.901946746570187585e+00,2.189475225586253870e+01,3.167191237282954575e+01,5.531683250455543543e+00,2.465226202758035967e+01,1.315264138463475518e+01,5.741849172141136215e+00,1.498552630706184274e+01,7.915017654635776445e-01,2.547921925445210789e+01,2.039506020236491679e+01,6.989768398722020493e+00,7.597709978724734192e+00,1.261079852746726715e+01,1.593618386588171987e+01,1.163938389045874366e+01,1.558973813393909147e+01,3.889054858353363642e+01,1.536548608619461076e+00,1.588384466786074078e+01,2.045258367644360220e+01,1.822616785394842864e+01,4.871630962052162950e+00,1.381768178569131500e+01,2.016705909901502380e+01,1.663473763976281461e+01,8.616160569521294832e+00,2.787610449499341669e+01,2.454243144069076266e+01,8.739878516399803843e+00,2.012313935881123683e+01,1.225126874871502380e+01,1.299505817008829212e+01,1.157362430955568344e+00,1.151683554045189872e+01,1.014581356635378206e+01,2.644892366670211814e+01,1.209693357128630886e+01,2.936440278037797924e+01,6.616319331756254307e+00,9.233005362897349855e+00,1.848256404956443433e+01,2.065455040294910916e+01,9.676159842411607315e+00,7.083107540641982780e+00,2.137199727139404715e+01,3.562021949944611521e+01,5.273449678817605957e+00,2.330388731291289162e+01,1.916664492896708794e+01,1.389598447809106574e+01,1.842357751692810908e+01,3.933224009756548512e+00,1.059346838329755691e+01,3.236610442723207370e+01,1.826330745501695674e+01,4.910951767731023487e+00,2.427288383265877059e+01,3.348097829072312948e+01,2.460517396202947182e+01,2.844045849391495295e+00,7.361262381210408989e+00,2.523884970765143954e-01,2.638384682455965358e+00,2.798092694185577400e+01,8.444941747764371343e+00,1.659814898210793999e+01,2.556933408736065161e+01,4.491224710907275153e+00,1.177221601582163402e+01,2.521466656032909626e+01,2.051773009752737309e+01,1.483005346078071263e+01,1.022999671925546217e+01,5.616278658976473714e+00,7.033273540746917796e+00,1.359376663302621324e+01,1.143272201775012320e+00,5.831074984784233806e+00,2.258358518286493677e+01,5.714807212143695025e+00,8.454674864013455249e+00,3.498682512053733262e+01,7.444585675161760285e+00,2.138727653214795765e+01,2.354802855617749913e+01,6.922797070630692495e+00,2.718288399711390912e+00,1.480455158655002457e+01,1.264985852877194716e+01,1.663546239912733871e+00,1.596764182406034038e+01,2.064795801024033395e+01,4.894067933812419113e+00,1.786473796114578239e+00,5.554009928893782089e+00,3.197454638318562914e+01,2.345138940899279323e+00,2.062647450650251102e+01,2.494497677502097943e+01,5.358233229994278979e+00,3.034963324285952524e+01,1.436538794366180127e+01,1.994030640896302486e+01,2.921525860693201793e+01,3.507940195567294239e+01,3.247417980091531930e+00,2.110185919927253906e+01,2.793130388237626160e+00,6.567191085904533487e+00,1.338669977865052929e-01,2.230005975475975077e+01,7.230781351831442549e+00,1.190777793583476729e+01,1.599585524754632004e+01,1.522956032398336568e+01,2.629374260123127272e+01,1.537510906970533853e+01,2.115272784491640579e+01,8.923977501552391445e+00,6.033027909295656244e+00,5.863918701552082169e+00,4.918494607721652478e+00,8.037684646928608956e+00,1.824467173894413463e+01,3.399191980921918343e+01,1.054202770643995279e+01,2.688615779911674863e+01,2.281878336074190372e+01,2.159593104850490519e+01,1.600662489704472335e+01,2.538277845739591854e+01,1.859949913079992001e+01,1.721350251460571457e+01,1.643470383746419827e+01,1.767256166452981958e+01,1.265497387107539495e+01,1.824275063598959434e+01,9.330151643496384928e-01,1.719614081460801458e+01,2.445099243942615885e+01,1.864127129856469622e+01,7.457283924309722423e+00,1.085044850880344924e+01,1.185899402499407707e+01,2.038447044257851459e+01,8.846269436857383539e+00,1.758120471263204010e+01,1.500540197002095866e+01,2.720946732385048250e+00,2.183875650292983295e+01,1.969557949000291019e+00,7.168278633002122646e+00,1.158826545853245271e+01,1.266554893820011074e+01,2.165575129819332290e+01,8.461116506529425152e+00,7.943354761239720396e+00,3.155099294802311505e+01,4.838072605851502672e+00,3.063350794274828925e-01,1.969092821809544347e+01,3.056974893255269521e+01,1.726021135098814696e+01,5.483350211761889526e+00,2.302149531881217825e+01,2.339827375231617879e+00,6.002303746386282057e+00,1.423602821203334123e+01,2.239414569067577787e+01,2.518887180694815697e+01,1.961746065556194907e+01,3.517207357021597147e+01,1.162591750701199622e+01,7.556764588914905545e+00,5.308339039407758975e+00,5.335704412968904631e-01,2.524833700616350285e+01,5.421006233808697949e+00,2.629170390751758646e+01,2.256374395453009285e+01,1.536701078052100655e+01,4.280209027013825995e+00,2.010234890824383669e+01,3.568009376044832948e+01,6.579305803596833258e+00,1.544221818950416569e+01,1.241315998729106695e+01,1.563104197164287834e-01,1.995521807272415771e+01,1.244135103192757441e+01,4.242454322473614425e+00,1.840044082308318352e+01,2.151169035725389200e+00,1.998419989977748301e+01,1.566664747709668326e+01,1.126795941027157744e+00,9.141908059454536328e+00,3.333604603541061806e+00,1.213969719511828593e+01,1.900241810200560488e+00,5.708555529922518801e+00,3.322384487201728831e+01,3.520712408818322814e+00,6.912858122387181226e+00,3.580148897076189218e+00,3.748080423412444873e+01,1.474291962807502543e+01,2.666383562627653347e+01,3.640312339011317455e+00,4.247374897285419060e+00,1.871963063165875951e+01,2.285353599977957728e+01,6.577281632543486189e+00,3.204834282306971005e+01,8.691681044872133555e+00,1.323422488451199897e+01,1.361213730546247902e+01,5.897092245657644227e+00,1.873442284795366675e+00,1.082836694862528581e+01,9.375192102779177361e+00,4.547341860359876975e+00,2.004207038175270839e+01,3.248080920564321872e+01,7.127176433578300774e+00,1.051996723185387506e+00,6.023143207029931112e+00,1.436480837724473325e+01,9.587428434527460297e+00,1.449962189676978497e+01,2.663567956179334573e+01,2.177382850841070194e+00,5.478088537010585846e+00,1.024622861492948012e+01,2.435888956203393008e+01,3.801983848062849347e+01,3.046052854317837699e+01,9.531024221224927429e-01,1.373292938965895438e+00,3.622399515842500417e+00,1.631747349169467753e+01,9.807709350653778912e+00,1.925191588454244496e+01,3.881090812215854413e+01,2.822447124832206811e+01,1.931707928410637365e+01,1.977837356759560450e+01,1.377208073441946112e+01,1.483218111708614728e+01,1.273188379180425045e+01,2.672839106821969235e+00,6.799332899535922792e+00,7.594495381595214312e-01,3.504525725345088993e+00,8.265055032527563128e+00,1.720269404832151139e+01,2.198390903534530594e+01,2.732704987516163797e+01,7.677424234644361078e+00,1.719991038874777090e+01,1.100638624358223261e+01,2.844224799290335781e+01,3.054121891021377166e+01,1.938258729337537645e+01,2.277843836407633304e+01,1.757657691400842737e+01,7.143566947418763746e+00,1.891376008336482428e+01,2.234622195164223513e+01,4.425059269134970386e+00,3.272526311196263293e+01,1.893726915756842377e+00,3.430391433878945406e+01,2.250226658752131215e+01,2.290378364561346913e+01,7.477564216279538378e+00,1.240212663458487441e+01,2.538166432043281162e+01,5.399679390964882586e+00,4.014985212752959498e-01,1.913251705894540677e+01,2.659193872765413502e+01,2.950211277493171580e-01,3.323412216175155720e+01,1.712552151228678987e+00,1.641545493007544820e+01,1.250500875686803859e+01,2.491192608048226020e+01,3.112106737502682297e+00,2.511801512903015166e+01,9.581972357843918431e+00,3.691233748178627483e+00,3.387583695266079786e+01,2.621973348294749329e+01,1.141148238923013025e+01,8.802511099078820678e+00,8.325752501709411391e+00,7.399713466240378068e+00,2.101763047098307524e+01,1.238020054848720086e+01,7.800671699863648278e+00,2.268862840188836572e+01,1.064116456894090490e+01,1.904073649285480840e+01,1.567885386477425413e+01,1.400635187696013872e+01,2.345485226484960961e+01,2.123999304707601787e+00,2.037853288711348654e+01,1.598384958295739722e+01,1.579542832720972712e+01,9.880324130157191576e+00,4.852740897842944712e+00,1.148049925400892768e+01,1.483746628083681074e+01,1.438911695655188616e+01,1.813422461518743134e+01,1.048565751557803694e+01,2.724654479797066031e+01,3.332550554172462398e+01,1.821531701663393621e+00,1.519092703701916491e+01,1.500566661844021077e+01,2.500607290190137277e+00,3.200879737816782722e+01,3.142214157874997582e+01,1.837270567196470861e+00,1.049890444239487408e+01,1.311941556708877776e+01,1.336995872340623137e+01,3.642768366849963257e+01,3.057708057239523214e+01,3.217680541165247377e+01,1.540729709533958314e+01,2.086639017320528922e+01,1.886437748937145287e+01,4.258799507235480064e+00,9.268456241332277301e+00,1.034040526139474636e+01,2.404333521917772032e+01,8.422144402208764369e-01,3.556517543424758898e+00,2.833483230518655560e+01,4.318500058710784018e+00,1.895854433392860372e+01,1.804038744848000064e+01,1.671214293254075400e+01,6.394814495444353319e+00,2.038001724516324842e+01,9.548623205403245606e+00,3.155233343040147176e+01,1.701655269991917407e+01,1.527614160574207069e+00,1.491585120725981817e+01,2.606778066539869698e+01,5.720159784765989741e+00,7.660683248739230677e+00,6.976235415543874829e+00,4.449986724324757337e-02,3.119213553198520472e+01,2.992956963709707452e+01,5.516032096161687548e+00,1.239355861915888823e+01,2.076555659201315684e+00,9.636021140189319212e+00,7.268478111760400928e+00,1.300190903924186259e+01,5.517402027472236625e+00,1.992367582068645859e+01,1.146372266278908114e+01,3.101156852010662135e+01,2.662521619539261764e+01,3.326100398990937634e+01,1.793190032748324114e+01,2.981356566686714871e+01,6.288786917180112290e+00,8.417174733282822174e+00,1.388621061552411273e+00,1.359893743458220783e+01,1.382217425232297892e+01,1.404171889017747255e+01,2.127713586491873698e+00,2.067024643601170997e+00,2.642199542936232604e+00,8.966627371153027326e+00,1.099400177239134280e+01,2.776861494988707690e+01,2.418797962656887535e+01,7.612122791376760844e+00,1.679744334830345309e+01,3.475672268362680395e+00,2.332970492218212755e+01,1.246936246496954226e+01,1.785629659403200264e+01,1.155838936681788987e+01,3.081308850677402233e+01,2.766710631128225373e+01,7.745757376133185490e-01,2.073266235186211404e+01,4.551683340740162897e+00,2.628620895661762091e+01,2.189001409741093696e+01,5.109430872218748476e+00,1.064732312140524684e+01,6.139380918931086839e+00,3.329748515795282415e+00,1.416790357086183150e+01,7.291601149543930127e+00,6.858680939293400058e+00,1.469119436640033882e+01,2.732046365748245620e+01,1.164760676278283036e+01,7.425891324936072735e+00,1.289750409603024117e+00,1.183922125708743067e+01,1.396124659011183411e+01,1.598055199090261702e+01,4.011224198216535086e+00,3.943050316751116924e+01,2.200628546646929351e+01,1.477242202977488006e+01,8.667851017983117856e+00,3.343689965947538756e+00,6.541792864863161583e+00,1.203293445194946187e+01,1.380789955037351113e+01,1.306964872336913430e+01,2.072057349767396772e+01,1.802961670356289403e+00,8.580611253051954046e-01,6.571108855502222568e+00,1.716220827851993391e+01,1.122886432492701658e+01,3.706617160780880660e-01,1.333011315687718401e+01,6.465410820958171101e+00,2.716818019967040243e+01,1.010577707985142304e+01,8.073030446241091340e+00,4.239669503795805205e+00,3.871545144577117181e+00,1.074816901674674519e+01,9.993166927516170972e+00,6.441599869082790697e+00,3.475401198288994209e+01,7.749676792221332100e+00,1.361998693664789783e+01,1.096044288150789248e+00,2.302550017529185311e+01,2.432685083466756382e+00,2.686278969660480520e+00,2.781094470119776219e+01,2.349054896292948058e+01,1.317892128409872754e+01,1.996170533335336472e+01,4.720703221885435674e+00,1.710254350274302482e+01,2.069666555555751586e+01,2.367072111800305478e+01,3.452001920693939496e+01,2.515162598791554061e+01,1.619024780220915360e+01,2.649281726061336073e+01,2.772368799501818870e+01,3.586148844929893897e+01,1.818316173620876341e+01,1.875917674759374520e+01,2.157899722815930676e+00,1.118540059575296830e+01,8.592155514576202080e+00,1.341822718581216201e+01,9.092296935891281962e+00,1.756137604194752555e+01,2.275760421954770507e+01,6.188811932981334252e+00,4.758866170812282026e-01,3.475834424814496515e+01,1.195708489792492735e+01,1.449501003848058467e+01,8.075776282030229680e+00,3.063964204488984322e+01,5.416866875614591237e+00,1.608604352546830318e+00,3.611594515745786271e+00,1.925391732872934369e+01,5.550562089447593550e+00,1.778190871951719743e+01,1.790727515849740925e+01,7.788643315774644194e+00,1.690581698903228158e+01,3.778471345868578624e+01,2.497136577741397545e+01,2.216715439363451168e+01,1.028593817617786677e+00,2.865847745597276131e+01,2.004982414950179148e+00,1.660654654072349956e+01,1.936946546068464059e+01,1.057116748068894552e+01,9.752125305189606408e+00,1.292527622293487832e+00,1.556856363358448370e+01,3.387951308474308476e+00,3.317426776531791432e+01,1.638376283116232557e+01,7.699323998298734928e+00,1.587994418232902660e+01,8.261874675325103112e+00,2.498904755902391273e+01,2.375956886835621873e+01,1.790047611942050310e+01,1.186434475720403725e+01,1.231978767993424739e+01,1.325921567885670527e+01,1.018818181486442143e+01,1.018083198831919667e+01,7.050295829740655051e+00,3.591475888895691249e+00,2.513423363124839582e+01,1.571323882084461943e+01,1.036988395979759048e+01,1.489386094897816548e+01,1.990802885355699914e+01,1.415414410738105921e+01,2.147372673662623299e+01,3.685767056995655100e+00,7.321238293314692447e-01,3.020314654849052971e+01,2.997765002693848491e+00,2.123849581465582403e+01,3.469434140937034527e+01,1.676522961865199335e+01,1.282470842474105055e+01,1.266839323720428645e+01,1.070748456285648942e+01,8.933663700929100671e+00,2.173407489768809953e+01,1.285478392032321082e+01
nan,nan,nan,nan,nan,nan,nan,nan,nan,nan,nan,nan,nan,nan,nan,nan,nan,nan,nan,nan,nan,nan,nan,nan,nan,nan,nan,nan,nan,nan,nan,nan,nan,nan,nan,nan,nan,nan,nan,nan,nan,nan,nan,nan,nan,nan,nan,nan,nan,nan,nan,nan,nan,nan,nan,nan,nan,nan,nan,nan,nan,nan,nan,nan,nan,nan,nan,nan,nan,nan,nan,nan,nan,nan,nan,nan,nan,nan,nan,nan,nan,nan,nan,nan,nan,nan,nan,nan,nan,nan,nan,nan,nan,nan,nan,nan,nan,nan,nan,nan,nan,nan,nan,nan,nan,nan,nan,nan,nan,nan,nan,nan,nan,nan,nan,nan,nan,nan,nan,nan,nan,nan,nan,nan,nan,nan,nan,nan,nan,nan,nan,nan,nan,nan,nan,nan,nan,nan,nan,nan,nan,nan,nan,nan,nan,nan,nan,nan,nan,nan,nan,nan,nan,nan,nan,nan,nan,nan,nan,nan,nan,nan,nan,nan,nan,nan,nan,nan,nan,nan,nan,nan,nan,nan,nan,nan,nan,nan,nan,nan,nan,nan,nan,nan,nan,nan,nan,nan,nan,nan,nan,nan,nan,nan,nan,nan,nan,nan,nan,nan,nan,nan,nan,nan,nan,nan,nan,nan,nan,nan,nan,nan,nan,nan,nan,nan,nan,nan,nan,nan,nan,nan,nan,nan,nan,nan,nan,nan,nan,nan,nan,nan,nan,nan,nan,nan,nan,nan,nan,nan,nan,nan,nan,nan,nan,nan,nan,nan,nan,nan,nan,nan,nan,nan,nan,nan,nan,nan,nan,nan,nan,nan,nan,nan,nan,nan,nan,nan,nan,nan,nan,nan,nan,nan,nan,nan,nan,nan,nan,nan,nan,nan,nan,nan,nan,nan,nan,nan,nan,nan,nan,nan,nan,nan,nan,nan,nan,nan,nan,nan,nan,nan,nan,nan,nan,nan,nan,nan,nan,nan,nan,nan,nan,nan,nan,nan,nan,nan,nan,nan,nan,nan,nan,nan,nan,nan,nan,nan,nan,nan,nan,nan,nan,nan,nan,nan,nan,nan,nan,nan,nan,nan,nan,nan,nan,nan,nan,nan,nan,nan,nan,nan,nan,nan,nan,nan,nan,nan,nan,nan,nan,nan,nan,nan,nan,nan,nan,nan,nan,nan,nan,nan,nan,nan,nan,nan,nan,nan,nan,nan,nan,nan,nan,nan,nan,nan,nan,nan,nan,nan,nan,nan,nan,nan,nan,nan,nan,nan,nan,nan,nan,nan,nan,nan,nan,nan,nan,nan,nan,nan,nan,nan,nan,nan,nan,nan,nan,nan,nan,nan,nan,nan,nan,nan,nan,nan,nan,nan,nan,nan,nan,nan,nan,nan,nan,nan,nan,nan,nan,nan,nan,nan,nan,nan,nan,nan,nan,nan,nan,nan,nan,nan,nan,nan,nan,nan,nan,nan,nan,nan,nan,nan,nan,nan,nan,nan,nan,nan,nan,nan,nan,nan,nan,nan,nan,nan,nan,nan,nan,nan,nan,nan,nan,nan,nan,nan,nan,nan,nan,nan,nan,nan,nan,nan,nan,nan,nan,nan,nan,nan,nan,nan,nan,nan,nan,nan,nan,nan,nan,nan,nan,nan,nan,nan,nan,nan,nan,nan,nan,nan,nan,nan,nan,nan,nan,nan,nan,nan,nan,nan,nan,nan,nan,nan,nan,nan,nan,nan,nan,nan,nan,nan,nan,nan,nan,nan,nan,nan,nan,nan,nan,nan,nan,nan,nan,nan,nan,nan,nan,nan,nan,nan,nan,nan,nan,nan,nan,nan,nan,nan,nan,nan,nan,nan,nan,nan,nan,nan,nan,nan,nan,nan,nan,nan,nan,nan,nan,nan,nan,nan,nan,nan,nan,nan,nan,nan,nan,nan,nan,nan,nan,nan,nan,nan,nan,nan,nan,nan,nan,nan,nan,nan,nan,nan,nan,nan,nan,nan,nan,nan,nan,nan,nan,nan,nan,nan,nan,nan,nan,nan,nan,nan,nan,nan,nan,nan,nan,nan,nan,nan,nan,nan,nan,nan,nan,nan,nan,nan,nan,nan,nan,nan,nan,nan,nan,nan,nan,nan,nan,nan,nan,nan,nan,nan,nan,nan,nan,nan,nan,nan,nan,nan,nan,nan,nan,nan,nan,nan,nan,nan,nan,nan,nan,nan,nan,nan,nan,nan,nan,nan,nan,nan,nan,nan,nan,nan,nan,nan,nan,nan,nan,nan,nan,nan,nan,nan,nan,nan,nan,nan,nan,nan,nan,nan,nan,nan,nan,nan,nan,nan,nan,nan,nan,nan,nan,nan,nan,nan,nan,nan,nan,nan,nan,nan,nan,nan,nan,nan,nan,nan,nan,nan,nan,nan,nan,nan,nan,nan,nan,nan,nan,nan,nan,nan,nan,nan,nan,nan,nan,nan,nan,nan,nan,nan,nan,nan,nan,nan,nan,nan,nan,nan,nan,nan,nan,nan,nan,nan,nan,nan,nan,nan,nan,nan,nan,nan,nan,nan,nan,nan,nan,nan,nan,nan,nan,nan,nan,nan,nan,nan,nan,nan,nan,nan,nan,nan,nan,nan,nan,nan,nan,nan,nan,nan,nan,nan,nan,nan,nan,nan,nan,nan,nan,nan,nan,nan,nan,nan,nan,nan,nan,nan,nan,nan,nan,nan,nan,nan,nan,nan,nan,nan,nan,nan,nan,nan,nan,nan,nan,nan,nan,nan,nan,nan,nan,nan,nan,nan,nan,nan,nan,nan,nan,nan,nan,nan,nan,nan,nan,nan,nan,nan,nan,nan,nan,nan,nan,nan,nan,nan,nan,nan,nan,nan,nan,nan,nan,nan,nan,nan,nan,nan,nan,nan,nan,nan,nan,nan,nan,nan,nan,nan,nan,nan,nan,nan,nan,nan,nan,nan,nan,nan,nan,nan,nan,nan,nan,nan,nan,nan,nan,nan,nan,nan,nan,nan,nan,nan,nan,nan,nan,nan,nan,nan,nan,nan,nan,nan,nan,nan,nan,nan,nan,nan,nan,nan,nan,nan,nan,nan,nan,nan,nan,nan,nan,nan,nan,nan,nan,nan,nan,nan,nan,nan,nan,nan,nan,nan,nan,nan,nan,nan,nan,nan,nan,nan,nan,nan,nan,nan,nan,nan,nan,nan,nan,nan,nan,nan,nan,nan,nan,nan,nan,nan,nan,nan,nan,nan,nan,nan
4.154322813558091632e+00,2.590955722393373151e+01,3.446980261676353852e+00,3.619046516081235154e+01,7.576852305166889678e+00,5.552986220113522720e+00,2.304744817269427060e+01,7.756976198699572222e+00,1.695930684533555111e+00,2.315946651668338063e+01,2.390667771214426196e+01,2.352012024326196382e+01,1.278641336656076710e+00,2.385424891379170731e+01,1.886432666895678523e+01,2.884331308295076468e+01,1.111743228988078869e+01,3.214366503690001764e+01,6.459079407121832261e+00,1.591373264623922346e+01,3.251019064095368893e+00,3.719482437512384720e+00,1.275818122652681019e+01,1.780987723612753726e+01,1.205036237626652529e+01,1.252907540195412572e+01,2.638215773567740996e+01,2.150586506993160540e+01,1.565920446920016573e+01,2.635289558434769219e+01,2.682389158977316868e+01,2.801165704608958862e+01,6.829758665861506373e+00,1.342804316475283954e+01,2.434304833518688227e+01,3.061058212034672721e+01,2.312400595683630655e+01,1.441277369415711362e+01,6.193182565560984010e+00,2.808557635695192189e+01,1.769366764381329205e+01,1.972444005920629095e+01,1.443841207464340926e+01,3.538120750255230718e+01,2.511978066268572718e+01,1.890671978680767396e+01,3.798396146088946068e+01,1.512120639342060358e+01,1.818123595127793379e+01,1.579974046591577164e+01,3.803401267188967694e+01,2.202119375738867646e+01,3.512249454114694203e+01,1.465632896650194539e+01,9.034283017268181837e+00,2.876009820761043834e+00,1.235920313762896683e+01,1.198075432937877416e+01,2.255214018345940019e+01,2.140575695236804243e+00,7.089894496510161126e+00,2.800704359473569127e+01,7.275663836122891581e+00,2.083859182278266076e+01,1.815314627847530460e+01,2.904546098424539124e+01,2.180448035140003782e+01,2.504971979936548365e+01,5.752136110242104472e+00,2.054006936012812190e+01,2.305906178052734123e+00,1.327253828748544251e+01,9.715889984023707626e+00,5.478022864427170013e+00,2.003119963830776840e+01,1.319395050555410442e+01,7.642878950702013618e+00,2.991771477513271105e+00,4.584001025843995603e-01,3.262621409288104513e+00,2.714687082373609428e+01,2.889483574505278085e+01,4.766665340034903942e+00,1.855900365214203163e+01,8.947523378155545215e-01,8.094767664419727282e+00,2.539368240570786028e+01,2.166122585647817544e+01,2.353386661328197604e+01,3.072557915133544171e+01,9.163820603504855278e-01,6.048541040507286581e+00,1.895033207036204814e+01,3.466122605514419774e+01,1.066899307231467908e+01,1.148445466333915554e+01,2.054752873591029427e+01,6.249469131249133724e+00,1.995496520294174658e+01,1.027827555876527299e+00,1.362587207548410007e+01,1.898910017800916705e+01,1.698088351515518468e+01,2.583323015239270504e+01,6.743880001663812962e+00,3.634578825257931101e+01,4.392902171045300896e+00,2.579158657692499546e+01,1.694326961190918368e+01,1.227902576187667627e+01,2.923544117850128998e+01,3.615959663320207085e+01,2.789307918565654276e+01,6.012537480440105497e+00,2.356910871038066091e+01,4.040836355032447536e+00,2.582226957173674720e+01,1.851982191445474868e+01,1.129364497913010368e+01,2.004612388170474446e+01,2.538808503414106355e+01,2.882813829424922147e+01,2.807415316763692559e+01,3.018683024762482958e+01,4.581240776651827495e+00,1.005773656395648707e+01,5.783230326292653878e+00,3.914048577190344957e+01,3.306427326794082688e+00,2.477444257416320283e+01,4.415194157142427578e+00,1.668269698809864465e+01,5.786483340358957506e+00,1.766278504781983472e+01,1.896723179156691685e+01,7.699770161465451679e+00,1.248736502401832205e+01,2.731077966918243050e+01,1.321704665246670984e+01,1.860941437040262159e+01,1.670818254633731570e+01,3.000058533230131275e+00,1.244015995836745958e+01,1.375053456846101696e+01,1.038377464749088475e+01,7.812220674686800592e+00,2.268829665366765624e+01,2.788537794273930714e+01,1.648325002636515535e+01,2.405618365584379958e+01,2.354794672243845710e+01,1.290180668752954229e+00,2.025685278679106816e+01,1.860858618618142657e+01,1.289074214352355341e+01,1.551838295189716987e+01,1.056553422796228681e+01,1.348784877178112573e+01,3.192911013913817708e+00,1.671219864760975327e+01,3.429916072559861817e+01,1.140610561562430192e+01,1.864412395178307591e+01,2.826770399187250860e+01,1.976929867765052418e+00,3.296718980127739673e+00,3.106270934100731651e+01,1.047263109526033453e+01,2.210931008787060748e+01,6.989796452329278154e+00,3.048394124554459239e+00,3.942371378418597860e+00,1.996765697200562428e+01,7.062859880400047530e+00,2.056837769782198677e+01,7.953875852396737223e+00,7.043281826428431813e+00,1.595152819702464697e+00,1.613590457867543293e+01,2.546129586129181277e+01,2.055145648251637169e+01,1.863258407016752116e+01,3.315803410886616565e+00,1.096934010487275479e+01,1.443887715743448652e+01,4.724275145113886687e+00,7.046475278987689439e-01,9.137575589216897498e+00,3.372062476519472796e+01,9.887970572117621426e-02,2.297471627813762396e+01,2.133010397726060603e+01,1.473165625103864285e+00,1.781324591827782911e+01,1.118887519769425332e+01,2.573760530834497118e+01,2.571085497874015857e+00,8.960760341437049803e+00,1.050896745882132421e+01,1.439662641727891668e+01,3.230076919392966772e+01,2.821251241949428490e+01,2.118411581122231269e+01,7.736094060577802800e+00,1.645072729612282103e+01,6.941307630677397533e+00,8.746140802124052982e+00,1.687423127696776604e+01,5.864350422800970186e+00,6.150374546230388262e+00,3.194328127703705889e+01,1.722214989249542327e+01,1.655853622007742487e+01,5.533431537777889986e+00,2.497079787856985789e+01,2.812933194762354816e+01,2.433886096548943456e+01,9.580769506491680687e+00,7.021676176417556370e+00,1.229397533184495117e+01,9.606787660004281193e+00,3.289194524281712262e+01,1.857917733568843843e+01,5.650663558451446411e-01,2.011925181254532546e+01,1.536486333393706794e+01,2.789377932216558875e+01,2.054947761943549622e+01,2.063641130034106297e+01,2.750980630477807409e+01,2.405374724194964031e+01,2.281642786381912913e+01,2.231813570790311374e+01,3.610869926765031579e+01,1.209000055127756923e+01,3.609097393194080894e+01,1.947771154750492073e+01,1.568017524595076750e+01,8.501845937922494656e+00,4.365236856569238988e+00,2.771253002348570860e+01,2.246715341398119392e+01,1.113080577374478786e+01,4.897662365980215426e+00,1.549305103720703158e+01,5.185437024477063339e+00,1.094206538381892457e+01,3.282163621942442688e+01,2.609389495337368814e+01,2.790658209979682169e+01,1.202058883577373827e+01,1.003585588159672914e+00,2.776969490705328525e+01,1.804208085613513290e+01,7.684147087484103800e+00,2.972528732209922708e+01,3.564484595889042140e+01,2.767222782644440571e+01,1.940903986110082613e+01,1.258623744301649161e+01,1.595169523671171596e+01,1.795418569497345374e+01,6.784833016615710477e+00,8.866948824383884542e+00,2.796633733350474316e+01,2.234555712868030142e+01,7.469837117919773561e+00,3.373272911224908910e+01,9.662675831677669080e+00,1.978012859929784995e+01,3.125990417253251774e+00,2.254080830650761413e+01,5.055339118808166887e+00,2.131188002757929922e+01,6.076258121468720574e+00,1.025952659189756311e+01,2.921579568630902202e+01,4.811328543218778897e+00,1.301434602214882474e+01,8.026639844821108483e-01,1.397594931720016120e+01,1.279972530352442206e+01,1.139690082378189828e+01,1.010401578409322321e+00,7.352280449250699901e-01,1.679265096676010316e+01,1.547398314802912012e+01,1.230126646430081294e+01,9.864601602578590089e+00,1.322754064422633746e+01,2.244586187559052703e+01,1.114335549175219953e+01,3.081080526135859543e+01,3.074548075898528410e+01,3.853753192684362716e+01,2.943959851345090684e+01,2.051468412300825506e+01,9.340987012391222422e+00,3.727713070104648363e+00,1.782352492185385984e+01,1.616628309312338629e+01,3.064972294458274149e+01,3.978101119124127116e+00,2.530217712384159157e+01,3.743859815511731881e+01,2.697713163021307281e+01,8.970644260557889993e+00,2.075032966039126592e+01,4.127564234153376255e+00,1.037253820147074101e+01,2.164730861554089714e+01,1.433266568218397374e+01,1.979539481440874127e+01,1.725108568249547858e+01,1.424487169831999367e+01,2.505876209837147783e+01,1.834261412908643152e+01,3.614481064006644928e+00,1.400983778462032170e+01,1.736933262967569647e+01,1.685874273460964856e+00,4.294337249554175173e+00,3.326291126804445497e+01,3.318631418313858550e+00,1.694168935994904146e+01,2.170903493519033844e+01,8.875651524145551363e+00,1.607980966438994841e+01,2.168422674332193623e+01,1.321467974702620829e+01,1.377694580666285518e+01,4.044189490557447897e+01,8.577781281716530870e+00,1.667263886828322583e+01,1.348673010579534548e+01,4.862000728555395668e+00,2.735109253392266027e+01,6.164945146961877676e+00,3.032331932194450275e+01,7.165136803809415866e+00,1.975913782484937897e+01,3.421165271886917481e+01,6.838648951625923011e+00,2.922370740320495486e+01,8.922345852818461154e+00,2.636678281918636912e+01,1.829479347866252681e+01,1.560666647341939317e+01,2.463667725217073823e+01,1.485387292026013739e+01,2.886719966356973899e+01,2.127724210979997466e+01,3.276605257482332689e+01,2.229754270523282500e+01,1.267340449971840499e+01,1.476191530124031281e+01,1.312302073161972515e+01,1.626082062140215712e+01,4.470547581432105844e+00,7.992490336362021885e+00,1.205578857913936730e+01,3.234407781842296004e+01,2.534179461507817521e+01,2.819599240074154167e+01,3.576331871309868404e+00,3.310571914938426374e+01,1.673087974694532676e+01,2.232063591624062582e+01,1.710328689384686385e+01,1.229975387679241372e+01,1.179973596711757544e+01,2.820546837424961595e+01,1.129603953509090708e+01,2.715308628502239330e+01,2.422418939334588117e+01,1.342706937896210917e+01,2.319808147537290210e+01,2.742190388840778925e-01,2.853026234560220331e+01,1.543598279270488050e+01,1.180951674475210744e+01,3.492498996656193100e+01,7.720203208566049469e+00,1.313015973902823319e+00,1.561870703621940315e+01,2.568753501782706294e+01,3.780676696590717256e+01,2.566134408046679027e+01,2.304615431135754378e+01,7.232989446377468212e+00,1.851329529054417478e+01,1.957559716227595814e+01,2.216680345336359537e+01,1.410368332685241199e+01,1.743663821660788926e+01,2.016059883733084490e+01,1.872443059970271051e+01,1.544409640958852670e+01,1.745486956042420701e+01,3.372433619769242341e+01,8.334345127245224027e-01,1.789059884720046512e+01,6.952003902251115086e+00,8.931524288490102492e+00,7.072745591598652126e+00,1.608876435081869971e+01,6.773786719457508099e+00,7.397173931668647562e+00,7.624528209139504575e+00,3.240118214887778691e+01,1.491509522132644427e+01,1.072907135140648016e+01,7.307616489701993512e-01,3.351948469467987479e+01,1.631828253492573566e+01,6.468331837862232980e+00,1.311551181799494969e+01,3.574228053263993843e+01,9.602194886980072397e+00,1.275459816962152004e+01,3.155179625297298074e+01,2.510751140192563824e+01,1.404739872249157528e+01,3.571216641636558442e-02,9.829400689078699571e+00,1.721862401843869250e+01,2.761775690630720348e+01,2.124004035617591413e+01,2.780448605276331264e+01,1.227913610264222122e+01,2.030773857351926637e+01,2.145154445279149158e+01,5.754935605304848378e-01,2.490048942855671044e+01,2.027957141374307426e+01,2.352851312798829753e+01,1.306890167298915095e+01,7.703668994582528740e+00,1.931707216234656954e+01,1.373688661752444773e+01,1.894363388137086801e+01,1.163936848928442680e-01,1.594538214408699517e+01,6.972675224671176508e+00,4.120943296557192781e+01,3.408822795221789193e+01,3.629611282214757750e+01,8.529482687393338480e+00,2.670707382079529424e+01,4.579227582499743932e+00,1.724553084313321705e+01,4.285671968138799137e+00,2.028064699670306936e+01,9.738470474435924729e+00,2.216793357580718649e+01,5.817987804356004489e+00,2.186107370720416299e+01,1.453992336240969863e+01,4.319729952034003340e+00,6.178583988996620979e-01,4.784798896959266301e+00,2.401577379823219172e+00,2.285493329961297349e+01,2.698266421337855547e+01,3.655477734241928900e+00,1.236712783465604204e+01,2.894991519579438943e+01,6.843147920242342863e+00,1.600538629653708256e+01,2.355071667888251952e+00,1.371418327929976400e+01,7.519785370131660152e+00,2.529310776665113281e+01,2.233574842358540025e+01,3.293401515858931372e+00,2.160517454858056396e+01,3.391218029290212321e+00,5.137223902384818963e+00,9.283279006404276501e+00,6.929886299341218248e+00,9.930523602360301183e+00,5.952145727154218413e+00,1.502540454028971695e+01,8.018386373463640027e+00,1.058242060972404452e+01,1.963326626888627047e+01,2.220316832826471654e+01,7.616520998084667760e+00,3.183704622158875175e+00,2.315240114658787007e+01,6.076240333854104669e+00,2.177553063198260475e+01,2.438775745648739246e+01,7.845137154764040055e+00,6.746062534041945113e+00,2.130218627031962342e+01,1.581775305864445791e+01,4.221947375762606924e+00,2.784963321225921162e-01,3.050697829894649615e+01,1.318343888893915183e+00,2.772218225402929548e+01,1.750950251152665516e+01,1.149851476672487927e+01,3.026207385619967738e+01,2.832969713194131955e+01,2.163895544369075097e+01,6.964702433813213744e+00,2.840577745225342099e+01,3.557345802918163713e+00,1.151995082861100883e+01,2.691683851353319668e+01,1.049616373610460585e+01,3.871210337263820378e+01,3.026541612896124533e+01,3.695108513574906084e+01,3.012249304650606163e+01,2.636228053945583483e+01,2.297605052439649143e+01,3.766187330094077357e+00,1.595399519613584971e+01,2.059801153403008556e+01,2.692373300839689421e+01,1.465953299683517486e+01,1.343030627528725063e+01,1.089703510335550263e+01,7.512272144993552558e+00,5.656796628894418255e+00,1.020394050991909118e+01,8.231050994235094009e+00,2.657450176787679919e+00,2.322872007754482659e+00,8.169052616541581102e+00,1.576098279931859203e+01,1.311136989402418074e+01,2.043458839209517208e+01,2.668456510927670067e+01,3.546294136599184554e+01,2.773992085958089149e+01,6.088581814215565657e+00,1.083061218634032485e+01,1.038649395904043793e+01,1.397946693657092432e+01,9.891327918465387725e+00,3.771207989908651825e+01,1.430414740640814752e+00,3.555576223829645954e+01,1.375552937329061010e+01,2.383812004729441725e+01,1.177756102416551087e+01,1.506456410191805695e+01,3.559813091681012764e+01,8.602332320964928059e+00,3.015512743132885021e+01,9.465164237225321742e+00,1.430066920837205302e+01,2.207978339042297122e+00,4.158481931878704074e+00,3.764574519335594971e+01,2.195788938297414816e+01,3.004510650016792539e+01,1.784857516177465797e+01,3.493172989103908321e+01,1.918482923280966546e+01,3.043753802486366311e+01,6.657923402740802743e+00,9.110945835442278096e+00,2.849054019847095631e+01,1.059350746982953062e+01,1.654815722390500810e+01,2.176477950559822361e+01,1.833046084193432179e+01,1.236142758530285590e+01,1.310608486267033612e+01,7.315824010767611796e+00,2.118460140753904142e+01,1.028214741366383222e+01,1.588440328578358596e+01,8.398123160720176728e+00,2.657654950525490278e+01,1.097680235388613212e+01,8.636811995922546448e-01,2.316572854651979085e+01,2.285202461477338520e+00,8.802781509952570360e+00,2.088025460784601961e+01,5.674132792644569712e+00,1.855191470412472654e+01,9.035120935104520967e+00,2.051347076303801842e+01,1.734811630645423719e+01,2.146701344952209212e+01,2.377896894791014404e+01,1.296768315076349687e+01,9.349224419365294025e+00,3.068840242193494561e+01,1.947085640582861288e+01,6.163307015275316658e+00,1.373643174230240049e+01,2.509742928613936286e+01,1.636220181843477306e+01,2.939341232321437047e+01,1.751357302851869235e+01,1.849806432974148507e+01,1.355908013317507255e+01,1.306037296013722582e+01,7.650899275211209272e+00,1.106508758218264710e+01,1.903057454219809763e+00,1.861380449304261475e+01,3.187219054499521675e+01,2.845158835499612948e+01,2.829089519996977486e+01,8.923056932818395737e+00,2.026271464668551658e+01,2.344487330095543243e+01,5.692916559957689415e+00,2.744437718992633179e+01,2.269531216024790155e+01,4.696512161776917438e+00,2.757744459321812514e+01,3.096442938383761145e+01,6.690996495586293946e+00,2.899937424025390698e+01,2.646313207167546722e+01,2.016716596733319733e+01,1.715494260695308526e+01,3.689811778675030496e+01,1.405792698281151232e+01,2.686199471948352624e+01,3.055406751014199784e+01,2.354518232970757197e+01,1.486612941580871983e+01,1.101412040037372719e+01,1.558096416378215565e+01,1.708542203989316732e+01,2.805851265925349125e+01,1.878859083050487300e+01,1.412130037095125346e+01,1.649102729074760987e+01,9.802879491385297683e+00,1.446632830132199565e+01,1.915333993497101162e+01,7.246515728921831823e+00,1.859325080337825398e+01,2.386493108260835427e+01,1.862035143011702587e+01,2.104801800405597234e+01,1.828977600190289365e+01,7.474787893735383548e+00,9.372845172163694727e+00,2.161959282234332136e+01,1.096219016836345617e+01,2.066839392063315728e+01,1.755882804528490837e+01,1.461895418014670867e+01,6.341555393645418315e-01,1.931442360501869615e+01,1.129711083726492937e+01,2.719933253966129882e+01,1.772829967328892664e+01,2.175789224363117569e+01,1.969590173276210976e+01,3.139897489462288149e+01,1.524339113479485164e+01,1.217803531661500571e+01,1.766670508393880468e+01,2.406563169355853304e+01,3.030737091709210063e+01,1.534679522942673202e+01,2.407804343653883450e+01,2.441237327696751613e+00,3.866752898009948325e+01,1.125752519463440748e+01,2.119982691000672403e+01,3.084111875817523440e+01,6.666252896556844831e+00,1.885547097494438518e+01,1.761052722532132719e+01,1.732581439720057404e+01,6.857550732826218631e-01,2.462023579762948344e+01,4.263466380434132397e+00,1.101133604511424835e+01,1.869647188547138228e+01,3.302587855215520563e+01,1.587209255143979192e+01,3.805128327162457857e+00,8.959640541169928696e+00,3.093727728893916407e+01,5.346099756191698305e+00,1.321298738042891685e+01,1.729507908147571627e+01,2.182429555791559039e+01,1.243514839294874541e+01,5.098292670891318323e+00,2.279140113008418922e+01,2.434654370460210160e+01,1.428795687802357328e+00,1.299462573237486929e+01,4.539829353101509923e+00,2.667560745458658733e+00,2.026933717688144654e+01,3.204964865777505167e+01,5.289591603659277858e-02,5.387788777761272074e-01,2.655405985519220025e+00,1.454455559109698015e+01,2.336635102464608238e+01,7.552830120201369901e+00,1.588253829770429704e+01,1.611569618570915452e+01,2.771413239401835682e+01,4.186923811073833690e+01,4.294950563932451360e+01,5.727025931132143199e+00,2.504133194137746798e+01,1.500041652908102652e+00,1.596704722087074257e+00,7.830249613420192212e+00,1.393120522598628952e+01,1.198660307062801067e+01,1.057333455517038345e+01,1.949736436755287272e+01,5.912758005725232913e+00,3.544537222646511054e+00,6.629130286957150453e+00,1.973615313326177656e+01,1.761829565838330280e+00,6.351778868909986997e+00,2.394538893636040910e+01,2.499760530904905664e+01,8.126606823688499404e+00,1.215336047263184760e+01,4.634220859213931121e+00,3.106467556794913421e+01,1.292010795707242110e+01,6.458749324831713601e+00,2.933097624433267470e+01,4.017090655229794471e+00,5.609863766252035866e+00,4.337158080946259986e+00,1.237983588768798526e+01,1.866209922559799850e+01,1.825487809002592954e+01,2.105083078073852221e+01,2.779274372714030150e+01,2.353841948033916154e+01,1.226180773622455256e+01,6.583527153290398282e+00,7.538257177242115858e+00,3.200469164367477504e+01,1.940140969197806697e+01,2.345217734179102465e+01,2.686993573700304339e+01,2.619849668434616419e+01,6.997137306377939403e+00,2.455168639672785957e+01,8.254745764641895356e-01,9.383025052060638416e+00,3.665312788908796904e+01,1.748599297647332662e+01,3.147552274796141969e+00,3.810396495441130682e+00,5.995637266763036877e+00,2.103038814271631551e+01,2.142753563849914400e+01,5.151600617153775374e+00,9.733128975899166591e+00,3.001925303010067658e+00,1.967636498985407556e+01,1.954799329163826727e+01,8.187512091148176907e+00,1.378239680855871363e+01,3.637400469918053325e+00,2.247741625754992967e+01,3.035820153502250207e+01,4.630804689647276540e+00,2.477149232692991276e+01,6.063414491656986094e+00,1.421143229219004667e+01,1.103367247867308976e+01,1.913823108718543509e+01,1.629231761995136196e+01,1.875963495684317195e+01,1.690751955602545209e+01,8.701129725115180236e+00,2.520824215550698355e+01,3.527127567279560338e+01,3.076288446964173673e+01,2.449137458188297956e+01,9.712325664179887852e+00,3.536207807986566820e+01,1.639645392948885316e+01,1.463293782863025605e+01,1.776567414802667244e+01,6.468744140073415139e+00,1.738503784109220263e+01,1.827664796909427025e+01,1.386934996173803469e+01,3.710079470449133510e+01,1.999363874515520223e+01,1.743847810837435830e+01,2.517542567945509191e+01,5.730540307514513820e+00,2.855422483370635689e+01,4.828650283289380063e+00,1.843369153212827172e+01,3.196554477382117909e+01,2.393432115118486081e+01,2.467840571684889639e+01,4.746711196110324771e+00,2.071542957073649660e+01,1.330246919110433979e+01,1.688053189084644856e+01,7.060864274751164515e+00,1.751938648572594204e+01,2.649269968960286548e+01,1.495369249644173415e+01,2.828464452620474745e+01,5.827515482010495740e-01,2.343982283704086900e+00,1.543296937901760479e+01,2.758548971426137442e+01,2.632832291683390480e+01,2.786851353643764639e+01,1.945449038150502075e+00,2.444012415681798700e+01,2.413715257621203136e+01,1.430640608646823075e+01,1.505253459475125055e+01,1.586326758973068252e+01,7.499579277682840939e+00,2.318081331893491637e+01,2.702006306744674191e+01,2.574713798146117583e+01,1.925616366594078244e+01,3.870148409125517475e+01,1.085039482243159448e+01,1.890470612594825184e+01,2.439527626943419847e+00,1.500773891364447188e+01,1.155623130145510657e+01,2.442768001743571560e+01,1.029342250856072738e+01,4.188720581467922699e+00,2.737507547789414275e+01,1.040628042481261417e+01,1.583773864820314792e+01,1.037667277563050661e+01,2.833670298765739304e+01,2.959066655707606941e+01,2.210155893717923803e+01,4.913850808696677674e+00,3.008065919520432452e+00,6.410538417173240688e+00,2.902331968208706670e+01,1.908917883554018502e+01,2.908308698352460198e+01,1.318163233805490187e+01,2.324584314750985570e+01,1.335215328245844768e+00,1.360302462922635414e+01,2.899165062539069027e+01,2.487866418978684280e+01,3.188893176896064574e+01,1.830791995931043559e+01,6.473665885005484455e+00,1.618852353841535674e+01,1.088668727960372884e+01,1.800403517182157032e+01,3.432409441463985189e+01,2.649196978107873690e+01,2.894004273607725963e+01,2.471846989432189545e+01,3.095736237454922701e+01,1.227258187156514602e+01,3.014219956189929306e+01,3.023306839440670046e+01,2.683767930929984757e+01,1.422541429064074947e+01,2.162109328763478544e+01,3.392621394004255109e+01,7.789300448064707005e+00,9.131003554120393773e-01,1.755017743715844247e+01,1.724629911500070989e+01,2.193011151198628639e+01,3.633049219789513984e+01,3.418309211994146057e+00,8.048635948235252968e+00,1.724939184614826004e+01,1.335110528445486366e+01,8.335245527777894736e+00,1.441522535816404904e+01,2.513945041175290385e+01,2.717602482104816985e+01,2.111249662122840576e+01,3.016818138884789136e+01,2.415055956145296534e+01,8.869028523209058434e+00,9.458983173684973877e+00,2.739241199566208707e+01,1.574660954497053034e+01,2.397853382535302558e+01,7.134665672413101234e+00,3.313400019293015220e+01,7.659293009990900458e+00,2.282255861409765885e+01,1.410597045337493682e+01,1.397982557841127615e+01,1.637083816586350338e+01,1.095211000492812659e+01,8.205242407078904066e+00,2.679033006776273496e+01,8.843559082222052226e-01,1.245777358880206798e+01,1.229481475079833430e+01,2.785472472988669068e+00,2.326786253994348286e+01,1.789249575076778953e+01,2.694011894277758046e+01,1.559257568190898668e+00,1.453759157744776154e+01,3.271152860363313408e+01,1.825863748452252722e+01,3.431970510069375990e+01,1.119860582225753731e+01,1.739606512312001030e+01,2.087614183235156418e+01,1.015315244298750308e+01,1.204511722120792960e+01,1.460580723981962947e+01,1.070948932513934970e+01,6.924288432709635011e+00,2.251490268061679600e+01,1.589937770969798869e+01,1.826279692529023180e+01,1.585083272143754307e+01,3.253129816187946943e+01,5.514997973130184583e+00,7.692487449711419067e+00,1.352308234200816628e+01,5.985953699173705900e+00,2.833873009676672439e+01,2.585308049639785821e+01,2.420856413678330554e+01,3.000966661996202944e+01,1.737790011628413822e+01,1.836409678221890118e+01,5.526249104614276320e+00,1.320458374835692794e+01,2.038394695173440851e+01,2.852075781376137442e+01,1.837259150360809201e+01,1.036753298714973326e+01,7.718348867406671587e+00,2.962865983082776111e+01,8.081564586315780119e+00,6.393006439862708667e+00,1.701615616252715846e+00,2.789326224995624415e+01,1.720265155809997637e+01,1.919175634858088175e+00,3.574639359676808681e+01,4.168661895725925604e+00,1.079960789355257411e+01,2.125330623233341498e+01,1.355548240142181271e+01,1.856506008786503459e-01,7.646550864652537527e+00,1.332714599892356233e+01,1.460402267661341824e+01,1.588485511590810084e+01,1.599279438324284897e+01,7.317356856925176345e+00,8.746099392391512239e+00,1.894931512631400850e+01,2.141802091831347354e+01,2.369628187207206338e+01,3.686764536191782327e+01,3.463021012443590507e+01,2.055705561066618259e+01,1.072031458956301186e+01,1.187644824391971810e+01,2.687748553761158021e+01,2.990891067257353342e+01,8.990016631193174845e+00,1.467277629987531640e+01,5.833841063555857964e+00,1.733670247382856289e+01,1.959524657910495460e+00,2.432384048871133686e+01,5.305394700297362931e+00,2.187056545815810082e+01,1.100004669420993153e+01,1.647552565093037913e+01,2.531367251440828170e+01,2.745220552487898313e+00,3.699325648124073496e+01
3.449537976305262710e+00,1.510070229053803059e+00,4.995664909466486669e+00,9.117490446055317443e-01,8.155435691989792346e+00,1.883900853263237707e+01,2.832539479757636514e+01,4.954729225254589586e+00,3.634176740644269898e+01,1.158451220728302644e+01,2.876360868685776495e+01,2.028461083679325760e+00,2.666604201163917498e+00,6.357362197906725187e-01,1.296797631121977901e+01,1.531319647531908856e+01,1.979312322731503926e+01,6.369598967831197278e+00,5.834570776221695176e+00,2.586383721851562623e+00,8.453541266342341487e+00,7.099271082754778028e+00,1.167656742577005957e+01,1.059258726970510445e+01,9.221359897679773709e+00,2.070325301135403961e+01,1.299454394247286437e+01,2.678223547014450645e+01,1.301700892468048032e+01,8.616408965004122678e+00,7.882476943785510670e+00,2.250335697312103811e+00,3.020127820029697219e+01,7.075098426785705108e+00,2.791616827265731793e+00,1.699607223112361964e+01,2.526723300138469241e+01,2.083377819081873383e+01,9.405950373141515053e-01,1.176848713054794970e+01,2.794343347608502981e+01,6.338303547720348874e+00,1.917674231925412309e+00,2.122754434477327834e+01,2.954846345679600006e+01,5.242431487801535894e+00,1.433576635903263252e+01,1.170714541670946751e+01,7.415104977312686252e+00,1.975194132582052475e+01,3.118444755952381797e+01,2.059607578970638286e+01,2.075784507276053503e+01,1.206690523798319781e+01,8.847375394510583746e+00,1.940578892302648484e+01,1.803340825953056026e+01,1.619553069136689416e+01,2.322445363405990548e+01,2.414927094683704567e+01,6.324781309363266324e+00,1.614712493186645403e+01,2.472880860878559961e+00,7.118085326787895184e+00,2.209286126722089705e+01,1.692157684612883628e+01,1.694458912289204378e+01,2.429952852323873369e+00,2.352550636547612584e+01,3.150487782807143144e+00,2.705885504325740953e+01,2.621374211965999734e+01,1.008107182152953030e+01,1.452989744107783032e+01,1.314274740565579869e+01,6.388555859661655845e+00,2.698264277144737378e-01,2.998879371771518532e+00,2.978463198698108716e+00,2.721228883675271959e+01,2.194321007531426204e+01,2.966461385299200781e+00,1.105983721120174046e+01,1.484151865458803599e+01,2.151714015184835915e+01,8.933716495241057487e+00,1.927692033009342509e+01,2.371607340064393554e+01,2.710684143970969728e+01,1.007946982543286474e+01,7.907769563317807560e+00,6.431164744265924327e+00,2.187854405438115890e+01,9.261443403021912602e+00,1.851259351295818689e+01,2.477972086952888731e+01,9.645649665282203244e+00,9.895136886473927973e+00,9.349188474122968273e+00,1.547603132973518925e+01,2.331081569095437445e+01,1.381204731285831322e+01,4.148338887119866314e+00,9.368975066391101336e+00,2.445871578257527545e+01,1.514877643900664239e+01,3.757131713370827963e+00,1.417864205679664380e+01,1.315796144501122100e+01,1.267702945224968758e+01,1.615301133211990248e+01,1.099422678548263921e+00,1.203942205689532408e+01,9.288520831119340571e+00,4.600359458707375393e-01,1.379483012551276211e+01,7.100642686276845694e+00,1.659817889415841563e+01,3.322215653935095325e+00,5.043228358314296500e+00,5.386073363590149654e+00,1.441674240405137475e+01,1.832204246185410668e+01,1.382784518992023770e+01,1.996953846191662052e+01,2.375937965372254723e+01,2.381227184963357058e+00,1.182041371353937365e+01,1.846683484624921334e+01,2.039671478901973600e+01,5.238866387438609884e+00,2.176421170186884879e+01,2.297661843786934099e+01,2.770090864384422247e+01,7.755173662193620920e+00,5.696744598105538238e+00,3.472183248039296899e+01,2.674412371055319682e+01,1.132405835195577204e+01,2.302863967484722352e+01,3.267197155183951263e-01,1.109671791654455397e+01,1.317784811666397360e+01,1.250708489664189393e+01,2.055167664416932283e+01,1.518217797783175449e+01,2.575549070907290794e+00,1.045076557551486118e+01,2.977344748021080889e+01,1.403948426277290196e+01,4.250051632280542613e-01,1.485892679228703628e+01,1.420923169882088777e+00,1.598262656757089317e+01,9.841532770356449689e+00,1.111101067650978003e+01,1.890582546601809000e+01,7.370117735544973181e-01,8.993392756276231026e+00,1.080278002803960291e+01,6.607226183738213798e+00,2.301202078367965864e+00,4.259726118010267015e+00,1.180644947333750316e+01,6.493846281876716198e+00,3.252999047725924964e+00,2.098238277876541247e+01,1.878981949700871112e+01,3.416888825363843640e+00,2.119594320114495645e+01,1.858206247871033279e+00,3.699600478337953025e+00,5.127456529929359519e+00,3.210712128708729907e+00,3.790057779599103505e+00,1.150546233735405011e+01,4.296130224925957641e+00,8.724945891450509805e+00,3.219543955829211157e+00,1.074132541930350548e+01,6.843317900386513664e+00,1.530067660708481192e+01,3.768847243029031180e+00,1.063610597598023588e+01,2.594210754979012989e+01,2.055417766526760204e+01,1.241137440033647188e+01,2.588699253249750143e+01,1.991696185753587400e+01,6.677298853613366170e+00,2.834206902549178153e+01,1.464119523694891889e+01,4.698071149247636136e+00,7.705344936284332924e+00,1.070849148608135870e+01,2.066837809427037698e+01,5.443999659894257270e+00,3.074390750998141542e+01,1.136842097844204780e+01,1.599583989427178565e+01,2.056265070708222709e+01,7.174962313320958351e+00,1.249295716298604653e+01,9.796753530770359930e+00,9.676526472839194426e+00,3.940026883040542938e+00,5.676708732149601921e+00,6.037866374515596490e+00,2.226238867531553645e+00,1.426210673916667560e+01,1.725440708448668303e+01,4.233028472888040739e+00,2.697366817473266565e+00,5.447252334439668608e+00,1.382901336178209872e+00,2.413580363573741394e+00,2.078374767218291730e+00,2.397901063828080481e+01,6.391921008122748660e+00,2.948052578887135411e+01,1.076425044957399280e+01,1.711895733684805521e+01,5.583044304464006125e+00,7.370548271805455798e+00,2.295373904006043375e+01,1.517507753641111634e+01,3.075868664143202835e+01,7.893192157364372186e+00,1.545307930808477082e+01,1.973846639264898117e+00,1.964035095125514374e+01,1.086917328454872411e+01,8.520204890043842738e+00,1.566945517757980433e+01,1.328676575799532955e+01,7.924157052582933680e+00,1.795607478375676180e+01,4.689003313578760768e+00,1.284301843903015339e+01,9.980266050086660456e+00,6.972446743261755842e+00,1.720658804461837477e+01,1.434390262438126395e+00,7.326166087802611138e+00,1.536145633645041464e+01,5.156656282728758534e+00,1.110359085796940448e+01,8.910911014241866823e+00,2.856081005383997340e+00,1.481636898815733572e+00,1.286881329148006259e+01,1.391663338833738095e+01,1.175884020600036450e+01,1.825838301388818863e+01,1.267101185206903047e+01,2.622579936815981938e+01,1.783586846226205580e+01,5.845190817835157482e+00,1.555995222803455569e+01,1.695641670077294094e+01,3.217976471143255424e+01,2.780937292751293199e+01,1.113185100729860899e+01,1.399276151433516624e+01,1.699994582533645371e+01,1.454479393684457911e+01,1.132551402786293693e+01,1.120310127072438600e-01,2.011796191935198408e+01,1.294164953303643273e+01,8.134001490959141378e+00,2.640765241653992135e+01,1.513084898717887583e+01,1.180752384363973917e+01,1.201882230158857112e+01,8.884366620916370749e-01,9.848140737276914081e+00,5.705543264866410169e+00,2.940938653131068392e+00,2.472874009896004210e+01,2.702522356885127053e+01,1.241332065956755848e+01,1.320634412558423243e+01,1.624481087796467449e+01,7.666741428390289492e+00,1.938140665121383721e+00,2.620724897569454370e+01,1.239231501273074088e+01,1.517087551505733423e+01,1.318990211707447102e+01,1.590699166563548772e+01,1.242250105502881574e+01,6.129055173419354574e+00,6.866423457365741001e+00,1.129236685400493734e+01,1.365974881894929460e+01,4.858064269626131804e+00,7.782209664181886311e+00,5.952479378041411806e+00,2.190510742374004138e+01,1.799243782155378213e+01,1.539827445598445443e+01,1.367556525884345042e+01,1.475585379102216343e+01,2.496356739664984659e+01,2.072212008403072048e+01,7.146338180900833947e+00,3.903512841553944845e+00,6.603071809658766611e+00,1.130359016131187921e+01,6.009349635532007738e+00,2.290502536564762792e+01,5.197172645190198281e+00,8.545895942996878603e+00,1.032640059816085554e+01,1.157278366999554997e+01,2.575713741612132424e+01,2.377824381802627585e+01,1.045094605674469790e+01,1.767332010152141564e+01,5.422320152180286179e+00,3.563042799980808528e+00,3.151774259770515485e+01,1.001642717619336098e+00,1.952487003224968021e+01,1.903792802120158001e+01,1.164817496238487848e+01,7.625950853496596515e+00,1.180228456827306616e+01,9.187974345089154227e+00,7.303157509098158862e+00,1.247506569052247194e+01,9.491782655187869011e+00,1.937138209331330074e+01,1.042614716728930802e+01,1.763803528337473736e+01,1.095134864418164877e+00,8.969189239178279038e+00,2.326439186533511005e+01,2.664215639513842504e+01,4.932114956684102713e-01,2.297801859683158199e+01,7.036863849481986399e+00,2.396067143765303342e+01,4.355991292134588910e+00,1.382065140530386316e+01,2.970195866389545714e+01,2.400997003517650086e+01,5.599253442393609781e+00,1.845913771672269732e+01,2.442898647111967492e+01,2.014506733791485260e+01,1.908293396462577007e+01,1.973836779781111517e+01,1.222513651470578289e+01,1.786123896994059734e+01,2.041469271428610011e+00,3.736102633151031860e+00,2.651172275041402315e+01,1.912674625601293199e+00,2.588532957062935225e+01,9.630586806961600743e+00,1.401960860094449757e+01,1.355467105553258733e+01,3.510697917268359447e+00,2.209811939753161880e+01,4.328963164706424394e+00,3.307376862146676366e+00,2.370323931708746557e+01,6.202388795642028718e+00,8.482698287292672390e+00,2.610054261946586962e+01,1.560319633022705865e+01,2.120291470375369514e+01,1.091220642487477832e+01,2.733354278161250317e+00,1.234055335844723800e+01,6.362406915437741617e+00,1.367307137005537321e+01,3.857430816083530800e+01,6.893547604596048650e+00,5.386560042551034044e+00,4.441288084776516820e-01,1.479181563727555826e+01,1.698178698910512807e+01,2.105329085376852660e+01,3.062953185959133684e+00,2.681359968270716365e+01,6.476151774368673841e+00,2.238432540283648464e+01,1.906671172297739147e+01,6.179198358283311876e+00,3.606751290282582012e+00,1.684350575500064284e+00,2.000659973565052141e+01,3.389319947149100898e+01,2.466017227342150786e+00,8.701191857884705172e+00,3.825393696040876534e+00,2.590433816925834520e+01,1.156603248748259105e+01,1.723669745930132180e+01,1.663960540602305116e+01,1.854288809899172774e+00,1.747514818454069641e+00,1.480414086958329634e+01,1.282764306057060999e+01,6.114532822019230984e+00,2.125868315346108162e+01,2.088773842156724925e+01,7.233383804123939775e+00,1.529619432939289680e+01,3.315985678348306598e-01,2.294622437744082699e+00,2.648089972272224557e+01,2.359258816919431823e+01,2.588943825745882421e+01,2.863398645887669147e+01,5.078324348169206637e+00,2.748546859437291801e+01,1.040414436213641558e+01,1.136145147699878954e+01,1.804213489798263481e+01,1.648033842508280955e+01,1.828081716455282546e+01,1.977063435551762183e+01,1.939801540086461884e+01,1.582736221355790995e+01,7.342037974825882607e+00,1.116522430842034730e+01,3.418324266398169886e+00,5.320784158854864998e+00,1.927849672459809938e+01,3.404493411588881191e+00,1.979736252441550093e+01,1.346091779294519242e+01,2.354060964916377952e+00,1.133722826901710690e+01,8.319408994766730459e-01,4.291068332139653108e-01,8.827825036940697423e-01,4.862118323391594110e+00,7.451428784960783425e+00,3.605200499906469958e+01,2.705850537169969883e+01,2.578223563572058907e+01,2.230874665005850588e+01,1.186081892453552200e+01,1.775837474164863039e+01,1.452162859773279990e+01,1.610024913560179272e+01,2.638452934485397350e+01,1.281718886785321132e+01,1.605828854627506175e+01,2.920351228170518354e+01,1.588511234465294031e+01,1.454917193612592996e+01,1.952138841757976095e+01,2.099072582326786574e+01,5.890290541562452908e+00,7.472298458148018518e+00,3.895722570509526861e+01,1.757499904795868773e+01,2.523609689497516406e+00,6.316069942548508287e+00,1.309548218101659600e+01,1.692257185113261286e+01,2.061685861918144269e+01,1.821304982017517204e+01,7.982170102815499213e+00,6.039012139247870614e+00,2.765673118776586836e+00,3.699665461229424412e+00,1.430298417898804741e+00,7.903895414667426067e+00,1.529803505124781005e+01,1.429369499909839725e+01,1.291088314253988933e+01,1.673868786122998387e+01,1.578647561898774931e+01,2.266976131450126175e+01,1.262795935591618601e+01,6.699400983966101286e+00,3.901037525862346644e+00,2.278101132951878682e+01,2.047891821702247483e+01,1.649589177139932361e-01,1.723112918143579719e+01,5.307819094591312847e+00,7.129691142200087484e+00,1.248727806665616669e+01,3.179552700113462471e+00,8.725116190525879389e+00,6.941170080264211784e+00,1.235077531757620406e+01,1.278049390563620236e+01,4.625626224778255136e+00,8.832730249130161582e+00,1.199405518432641671e+01,1.261671366899344271e+01,5.956094129983285690e+00,2.141383214448492112e+01,1.843304649449001076e+01,5.534981997747968840e+00,1.727934397971241864e+01,1.137979816803924155e-01,1.235752249400681402e+00,1.784810887295851245e+01,1.320019550865832691e+01,8.703062098529690260e+00,7.402610600452109502e+00,8.634610953917771781e+00,1.012452945768257884e+01,2.309272143904503594e+01,1.385235316793495741e+01,1.132505740091963098e+01,8.931622142169361567e+00,2.010708112939686032e+01,2.289280574998973350e+01,5.556775966560024926e+00,3.475815995682500326e+00,5.541907407013358267e+00,4.577166818638696455e+00,3.091579812338151267e+00,4.608629543198618173e+00,1.377853806826799143e+01,8.799673231969668663e+00,1.532984963439827730e+01,6.836874791603361423e+00,1.052153389653125615e+01,8.543526315365932433e+00,1.164719964897806115e+01,1.489097942935696572e+01,1.403149679424215890e+01,4.812397951714689981e+00,1.154256123888244545e+01,3.665349023470264367e+00,7.228376819195397873e-01,1.774561582765339907e+01,6.234046401274428995e-01,2.483013677905432814e+01,1.883219197724856997e+01,2.342727853375640823e+00,6.274903798120607057e+00,1.788536243300071860e+01,3.827971176547687371e+00,2.810212819556383135e+00,1.479463317065466654e+01,1.817421167282823191e+01,1.435334786636427218e+01,3.642715259655024407e-01,1.613700773860393056e+01,1.673037333426414008e+01,2.169020578683237943e+01,1.648922806063756497e+01,8.199396954445608898e+00,1.648439203370462636e+01,2.046992353962446387e+01,1.235787445387289374e+01,4.972414555413521953e+00,2.248398193400897860e-01,1.556995556014979165e+01,1.718274455066780604e+01,1.611987790863083347e+01,2.963583489332547316e+01,8.975728739700134184e+00,8.686294955779500171e+00,5.455346495398340601e+00,3.692750571390183811e+00,1.370636003812588122e+01,5.924842825040431471e+00,4.382633884760235077e+00,9.713180144917560099e+00,1.387047958370462908e+01,7.185526475354130582e+00,2.556221316280919709e+01,1.109600997345184048e+01,1.325500141151375288e+01,4.870325848208915787e+00,2.963858688549948184e+01,9.908304702419112875e-01,1.451763920984539169e+01,1.091121172414563567e+01,1.198916305220695300e+01,1.568198891608225942e+01,2.299291244089504005e+01,3.018291682822862310e+00,1.330102877855187593e+01,8.074643170041218454e+00,1.446035137220798816e+01,1.031124064136846918e+01,1.313753203399162395e+01,9.752920065097050895e+00,1.565167678412953833e+01,2.474193513397981903e+01,1.639085549256307672e+01,2.223525391445302901e+01,9.467668209302203541e-01,5.586498922837302317e+00,2.767301157792073596e+01,8.469627083327754491e+00,9.254450562077382259e+00,4.740670763186099812e+00,1.120677453963691050e+01,7.276084925686058469e+00,9.419651016004879196e+00,6.124564075814828534e+00,9.713188294447551163e-01,2.109955407844175923e+01,2.459362327755869160e+01,2.766375630555024046e+01,2.010631834236608384e+01,4.610377910736755069e+00,1.607238126873272677e+01,3.666301514802528771e+01,1.822293661605613480e+01,2.211940096101258035e+01,1.259787711250017850e+01,1.797112251703772401e+01,2.038956634319550787e+01,2.711806654348722745e+01,1.883173950681792519e+01,1.842887172734104340e+01,1.631448087204011443e+01,1.169655187990694145e+01,1.603760941085001335e+01,1.289971115617745667e+01,1.336956757122767625e+00,1.134629748030959639e+01,1.723053461874016179e+01,7.530309677289776182e+00,1.807724601675149145e+01,2.557616836483300737e-01,1.707953956534120721e+01,1.765451485953069621e+01,1.354812061893236930e+01,1.742117790597155391e+01,2.787315423623217381e+00,4.580023092010435448e+00,3.127876637091813095e+01,6.842958436546243028e+00,2.914064330712077222e+01,8.834220246883718985e+00,8.065071091876404807e+00,1.578145170727144553e+00,1.056116774329394303e+01,1.716596191485613687e+01,9.153289969089792422e+00,1.554097990543838037e+01,2.321261062077315529e+01,1.486837074122780855e+01,1.909162815866142182e+01,2.226105507257779337e+01,9.512575932756663022e+00,2.877883465668504925e+01,3.798581102558574951e+00,3.920928516257038865e+00,1.768319810949190085e+01,7.045940612790525526e-01,1.177558191469461768e+01,2.546302803912123380e+01,7.992575083779479783e+00,4.959807018283907354e+00,1.127050329882915314e+00,1.960955683879593536e+01,7.526318970719984236e+00,1.192059652392258329e+01,8.018643728893607658e+00,2.187587036435688859e+01,1.457371797663266833e+01,6.930493382709435046e+00,2.111737324968688867e+01,2.308976889258108400e+01,2.466444571927864970e+01,2.599575777361615891e+01,1.868719746573601270e+01,1.854306902125842527e+01,6.273559594091141278e+00,1.712714565970294256e+00,6.352726202509054509e+00,2.920804331137239629e+01,1.061245025365014882e+01,1.062989984538081600e+01,2.105742768371021967e+01,5.055083542550898201e+00,1.173376053947134423e+01,9.703071025148759077e+00,1.300633107544159017e+01,4.229432639828179852e+00,1.076329369681604753e+01,3.290918331658546236e+01,2.792655933984105943e+00,1.088222380692869784e+01,5.455493113933307381e-01,1.148952004066588373e+01,6.272051662414427575e+00,3.550167592922785165e+00,9.009276665366725112e+00,1.337672875068125222e+01,4.433815329231887703e-01,2.945951988980493486e+00,7.607509594467801506e+00,5.887244099595502433e+00,3.302776272723779982e+01,2.322117394590513229e+01,7.137471720669025466e+00,1.402383127810509755e+01,3.171693126263989138e-01,1.392999516449038566e+01,2.411867167427860448e+00,2.279844970801145720e+01,5.384668691627216397e+00,2.020451052791618185e+00,2.128871770342219349e+01,2.529294704479578382e+00,2.195440746706672996e+01,1.461516666077576354e-01,6.543863670044586911e+00,3.486654240050775400e+01,8.422509242360151305e+00,1.303510017021636536e+01,2.867498616055023319e+00,1.111218422029973141e+01,3.560379066589984820e+00,3.950040852213491327e+00,2.957500095967705178e+01,1.118068225483831490e+01,5.382318477951126390e+00,2.935120826363277757e+00,7.484268020425173695e+00,6.885757070448778272e+00,1.460076020014179221e+01,1.121194629835825118e+01,2.462091691606070398e+01,1.262779745094379535e+01,9.558564662122359668e-01,1.329931579751601411e+01,1.386615130433051846e+01,2.173159032105125021e+01,4.744741958514746116e+00,1.279192865277950197e+01,2.046829812871371956e+01,1.674724403116869453e+01,9.371332333531045222e+00,1.451454346873327417e+01,9.921301598818365264e+00,1.264923336293184875e+01,1.854681219891434907e+01,7.548153993306426557e+00,1.361297572772325992e+01,5.355797919152396780e+00,4.764809946312413835e+00,7.862316937420634311e+00,2.284265439255562669e+01,1.376859299005677428e+01,8.104538994752509495e+00,9.306777716324079464e+00,1.318452645094272491e+01,1.748160095248416468e+01,3.246068251946163485e+01,2.154369842342913444e+01,3.936749778713507730e+00,1.093384799027692367e+01,6.513245482972619627e+00,3.645096547340355642e+01,2.060095917516716391e+00,1.893751704968801874e+01,1.904791745067073450e+01,1.443143105513980196e+01,2.522426422235712806e+01,2.146946666441558094e+01,1.596541706744399036e+01,3.042421218707782771e+01,1.784926249397621234e+01,1.460044343759301633e+01,2.528601434403084269e+01,1.712697462476312182e+01,1.135786821743099573e+01,8.885945218773382948e+00,3.103239114902778262e-01,1.674681745653430909e+01,2.195405260815983794e+01,1.055377973847770967e+01,6.910784902846581678e-04,1.573298089711221337e+01,6.619533524478124598e+00,2.549434595447277019e+01,4.383360298276696376e+00,1.037294108582131003e+01,4.549280973040179532e+00,2.000498971983705232e+01,1.818060748081321876e+01,1.141489961300795564e+01,1.182209193485993204e+01,1.174808095231208149e+01,2.349641740104452481e+00,2.503703879921640763e+01,5.177410766116053331e+00,1.037375260044832714e+01,1.770867244129407680e+01,1.606359292564714991e+01,2.572385803375563640e+01,2.636620466423415010e+01,2.476121218538106561e+01,2.441796683311959626e+01,4.927151022891377075e+00,1.334458773180011804e+01,2.053566102148936778e+01,1.543003398219353706e+01,1.275992117503726675e+01,1.254984623262418530e+01,2.146616989459374025e+01,3.504561437364058918e+01,5.199836382895080433e+00,2.054282171524626222e+01,1.520734269667883432e+01,3.595140002509277011e+00,1.602227642609832614e+01,2.166120149301300302e+01,5.766705042654999502e+00,9.840036300672846181e+00,2.520223471112861802e+01,3.302588205296525192e+00,8.254430482909127065e+00,2.323725613055999339e+00,1.736920952910145699e+00,5.308242069366199800e+00,2.281821069970976623e+01,1.424460626169039790e+00,2.042772726284458074e+01,4.978314828078692855e+00,6.336167805892445770e+00,8.121898213163778024e+00,7.687061421898629732e+00,7.898808068740899024e+00,9.387000861731861434e+00,9.867802895451996292e+00,1.702897434859998782e+01,2.543664727218941124e+01,2.949470446718288485e+01,1.466452660229005645e+01,1.759870657150193551e+01,4.813059351482698922e+00,1.634572584951958163e+01,4.105078752372725681e+00,2.051489766613046584e+01,1.185482052167673217e+00,7.635307199700564595e+00,1.756963822856904045e+01,1.524724075972068071e+01,1.209402608864836282e+01,2.472879653845865633e+01,5.802355931252740184e+00,1.927475889941694831e+01,9.819702223642060801e+00,1.275752991053022001e+01,1.126591617060140571e+01,8.130773865055909155e+00,1.031457739686842956e+01,7.379493901546637424e+00,1.727048733807378555e+00,1.801703780673212663e+01,8.710884542717934664e+00,8.436032020145871613e+00,1.449379661484364412e+01,3.039192170106778335e+00,1.248794943206753594e+01,5.137651904505793787e+00,2.689900687282708702e+01,2.957615217973582133e+01,5.303101347409166166e+00,1.203374387646413268e+01,9.882115193914696505e+00,1.605195741949902200e+01,9.652714622950407275e+00,1.721398985167446583e+01,1.576925443981247277e+01,9.568149276280095705e+00,1.870820469089347426e+01,6.669397982145754078e+00,1.283361751366412662e+01,1.508553909641897306e+01,1.400763094078283011e+01,5.605570802804254349e+00,1.532024297307825655e+01,9.164017249617565142e+00,1.266902080947430731e+00,3.923942620015448579e+00,6.884658786333405778e-02,1.213021776349411240e+01,1.084398105061182171e+01,2.253212709765031008e+01,7.267520237261278382e+00,1.844027166059798617e+01,9.719239989398051449e+00,1.759322810615065791e+00,2.376501689850460952e+00,2.281077847309032069e+00,4.574243095999986686e+00,1.315411796208876538e+01,7.148528255599796211e+00,2.204127290070056944e+01,2.062026370224653249e+01,1.380484906304524984e+01,2.918476293973467084e-01,1.724841649043311520e+01,2.357395104095024152e+01,9.777331962629242312e+00,1.651495301869672261e+01,1.600419749177152795e+01,1.047520766591394015e+01,6.614325741650191048e+00,3.131457829114957292e+00,1.657616294115599231e+01,1.200700557416104886e+01,1.543226643616502525e+00,2.650730260759815948e+01,7.479003385451886032e+00,2.905405324117468879e+01,1.664668935279758699e+01,5.394850594516803710e+00,1.699245631179667271e+01,1.850956840179956941e+01,1.260120729883963797e+01,1.521833965389409826e+01,1.742678151989990454e+01,9.989533816530247634e+00,6.139315692525702417e+00,1.148121289620331531e+01,2.618611082375246824e+01,9.173124092798278895e+00,1.891520849862305198e+01,2.977848152844115859e+01,2.601184874265140667e+00,2.100022358288435242e+01,1.777634937829004613e+01,1.248842026634147118e+01,1.708325628562294440e+01,3.685481461487960519e+00,2.176303607474826762e+01,1.701724195057512645e+01,7.327863183939332892e+00,1.103218198556112561e+01,3.575445319378870224e+00,9.735867122142694896e+00,1.023217586932802270e+01,2.872038537189605378e+01,1.352280490408275604e+01,1.170324651751531775e+01,1.937202135486752397e+01,7.925403498286621939e+00,1.700446377633388628e-01,7.187729183977115355e+00,1.254095649923683986e+01,1.023236008712376410e+01,1.091974913580512840e+01,1.846559012756850393e+01,2.522889186102845116e+01,9.201365466731582288e+00,7.082432684127305755e+00,2.095904831955372671e+01,1.007143749256953491e+01,1.697972135365618085e+00,1.768427472246702337e+01,3.795122683412859743e+01,2.695441426022176756e+01,2.207794464454613248e+01,6.416682635887774211e+00,2.262249582541896942e+01,9.158792724511004124e+00,3.167799941218528659e+01,1.608324464048517299e+01,3.630362258918604113e+01,2.348901432137283152e+01,9.777044406110404040e+00,1.101006343033602164e+01,2.572725628478888282e+01,2.401436662239159148e+01,1.284043986660969061e+01,4.307327777383786582e+00,7.630165614391421158e+00,1.938439324045638301e+01,3.568674150483142071e+00,1.300177620696331715e+01,1.048963560332386002e+01,2.927026704309530203e+01,1.265892938658481071e-01,9.858796375871085260e+00,7.179327716765980583e+00,1.856736821722447317e+01,1.023110820604084026e+01,5.851663573231227211e+00,4.207901693626134865e+00,3.081121445505671907e+00,9.163440297412265068e+00,2.586565686774716610e+01,1.860783565835459008e+00,1.202824370436762713e+01,2.199761762850375391e+01,1.484063910363310690e+01
1.490268325429698315e+01,1.533787964006065252e+01,2.703068500838438837e+01,3.011703389471946579e+01,2.521163510096107174e+01,1.593284366699759813e+00,2.377573213622120107e+01,7.109740791356889744e+00,7.226392394460467550e+00,1.087616376372551485e+01,1.739789193462348749e+01,5.497969673296953630e+00,1.881877160918357461e+01,2.914818424314872658e+01,1.426307771372680300e+01,2.273670045206707258e+01,2.492975153955988077e+01,7.552443005330006898e+00,2.625674525723075803e+01,2.272265504735895902e+01,2.209729075570197665e+01,2.273405709691084553e+01,1.330107433068227429e+01,2.361196334869784508e+01,1.876819429403666462e+01,2.246299635450339238e+01,1.458604135391262702e+01,3.392973043353274321e+00,7.111369052774827892e+00,2.763025444570006783e+01,1.293538460435541104e+01,4.043557806271263821e+00,3.952656159504244648e+00,2.025176311100604920e+01,2.619562598180991486e+01,4.360574759419758029e-01,1.563617788010616039e+01,9.674712210226344311e+00,1.268318241264829727e+00,3.204569511456566744e+01,1.480197155158604261e+01,6.284971042549487130e+00,6.678847463684296493e+00,2.757584994188111338e+01,1.123638222117993202e+01,2.042611194606488567e+01,2.919348538166069318e+01,1.789196189383315527e+01,2.681669815779990529e+01,2.399894113096511816e+01,1.026442944517438427e+01,2.175252580212633546e+01,6.936018673987524252e+00,2.833683829842848922e+01,2.483046777463141908e+01,2.493280239755359773e+01,2.233441302443709020e+01,7.191903082573274375e-01,3.174467955009668430e+01,2.966409256854321441e+01,4.118870823763223399e+01,8.185714408905790052e+00,4.653994075855213630e+00,1.210406793954127380e+01,1.111827601661454423e+01,9.987639686273908524e+00,1.885705194153555908e+01,1.255515538719260782e+01,3.043018023592472421e+00,2.394941454071282294e+01,2.535288299164236392e+01,3.502339596504128405e+00,2.035402647699942236e+01,1.986721692275765960e+01,9.791663274843015685e+00,2.170412208185778624e+01,1.576806603647414029e+01,1.279816578527626447e+01,4.677832869231715485e+00,5.697589286434189937e+00,9.271273743375688881e+00,1.765245133519935194e+01,1.142478453442151221e+01,2.032208569839876411e+00,1.871666449861380599e+01,1.910355415123194689e+01,1.423570199046246998e+01,2.870099825011315176e+01,2.027331467977785096e+01,2.140610278829580082e+01,2.650860289441003914e+01,3.846549149125170430e+00,1.371759814200792427e+01,1.156991529853053002e+01,2.106357130584466475e+01,8.249726804012711412e+00,1.928976574269707100e+01,4.023706337882994433e+01,3.727422473896348976e+01,1.460528970023692708e+01,1.580435102449236595e+01,6.863730781318212459e-01,1.606177898241260849e+01,5.081700002847979292e+00,1.783446332023449798e+01,1.047570447725237885e+00,1.769359515626263502e+01,1.857522891992483594e+01,7.546670404937121823e+00,5.876430236977352450e+00,5.666699722561526542e+00,1.178119987260335222e+01,1.877550377574429064e+01,1.425467770646893584e+01,2.813757821758455790e+01,7.862956119912050568e+00,3.773638137618868171e+01,2.036301326250042365e+01,2.743600078500974959e+01,8.995446938907452505e+00,8.956766677981125468e+00,1.542720668889988467e+01,3.295279365474591771e+01,1.735831118096466952e+01,2.490486374905104228e+01,6.312906109850247915e+00,1.661557720639533997e+01,1.942044165564695390e+01,1.937725889682059943e+01,1.492903603923078037e+01,6.498530222909542076e+00,2.015060116750314023e+01,2.036579854782216614e+01,2.747171656681389962e+01,3.039654540319071074e+01,1.446189443799810448e+01,2.528818400032508151e+01,2.350733561824261386e+01,1.958750380994121798e+01,1.869161547476391050e+01,1.346401664586750080e+01,1.825993837269078313e+01,7.081228334647322598e+00,9.246694238419305378e+00,2.537518119713966769e+01,1.275349132836262456e+01,1.130652175948011617e+01,3.485000787910063735e+01,3.099802554242482699e+01,1.079167314125159205e+00,1.794549279652915885e+01,1.573282243177812623e+00,1.253066241532075153e+01,4.145922372502432118e+00,1.233654108910905123e+01,2.488962989879631049e+00,3.228013542494434773e+01,2.052575075379464664e+01,1.113063167183058155e+01,5.344016653857722732e-01,2.417100237145013253e+01,7.503131640220074061e+00,2.762945368809065982e+01,2.565384968923168429e+01,3.776393771141568045e+00,7.332099008270484219e+00,6.739390670277176199e+00,1.097375072857725264e+01,1.930699596361894166e+01,9.955347253640830729e+00,3.198517184023607030e+01,3.316839227942997326e+01,3.307562813239923827e+01,1.431377259663442203e+01,3.915444486357054643e+01,3.416006131347675279e+01,3.846118483908794161e+01,3.022947317177244742e+01,5.424870542098002346e+00,7.238642575276171165e+00,1.438205363934629233e+01,3.609901054798930176e+01,4.520781214578244089e+01,9.766213208550148656e-03,2.810793297913288313e+01,5.705468911095916695e+00,2.407378540834809755e+01,1.629337515369316813e-01,2.458354260014817783e+01,1.468709761134909186e+01,1.225022849667172231e+01,2.482647030541221866e+01,3.471255890217992857e+01,1.102610128620016283e+01,6.256906687516523569e+00,7.592871388217438344e+00,1.485060215739025047e+01,3.073461920589575413e+01,2.038072823190102412e+01,1.483036919866510850e+01,2.009019493810710344e+01,2.647077085433721777e+01,3.387219158622932547e+00,3.542525285346003017e+01,2.733164610058208321e+00,1.413603620803451122e+01,1.516425105516506555e+01,6.128650253644495116e+00,1.307468344904020974e+01,1.429543049739980631e+01,2.738746233299202970e+01,1.034715028283973215e+00,8.156349927080658091e+00,1.789684364713664166e+01,7.923414859076546080e+00,1.526574498496608001e+01,4.081484502074096099e+01,1.343053271227174150e+01,1.191107172373257050e+01,5.875993766490521963e+00,3.258984755912387499e+01,1.025943947404419276e+01,1.119732233223783524e+01,1.935450889331730195e+01,2.075478854533869821e+01,1.669535383109689963e+00,3.976442522778251032e+01,3.508283198103298162e+01,2.079685575265822806e+01,4.382322342205009491e+00,4.179443051751385418e+00,2.525342209819482520e+01,4.505437081916046083e+00,7.336401561642462710e+00,2.046836784125033759e+01,2.619024562296516478e+01,9.163732151559216277e+00,1.340134402651753875e+00,2.063311597494383065e+01,1.720631044172256097e+01,3.335537857285534358e+01,4.244115281757777858e+00,3.322440959057257714e+01,2.664464580160783314e+01,2.179787827591955462e+01,1.829332536912672680e+01,1.589289296307034505e+01,1.531055253020166340e+01,3.299698647308138533e+01,1.467827187114443888e+01,3.355738645848907709e+01,1.290908182541766180e+01,8.638483018948379666e-01,1.451875331334163555e+01,2.714445353774658010e+00,2.243253404816756102e+01,1.394944238804058756e+01,3.833880456472404497e+00,2.334967351651051715e+01,7.904445034749926435e+00,2.417036719301160375e+01,4.614992978636824006e+00,1.960782318729830465e+01,3.162073435026983148e+01,2.329735332786740898e+01,9.948679547352554664e+00,6.875588532760250615e+00,6.846572755919359210e+00,8.577614323885221381e+00,8.714564247612846870e+00,3.857877126201785245e+01,1.320097500214229314e+01,6.513163560438502309e+00,2.759318787967206887e+01,1.689672341618149787e+01,2.107615373107246626e+01,1.250303284401599946e+01,1.745617477360111991e+01,3.384783296290053300e+01,1.327178002077399910e+01,3.733090616135443796e+00,2.100861243186582783e+01,2.835617062098117103e+01,1.878478320749063712e+01,2.088994051945481090e+01,1.107304741641827306e+01,1.172169463255244537e+01,1.070289355429519240e+01,1.048506019433194147e+01,1.752114272443666110e+01,3.037848698233380418e+01,3.069558333335664102e+01,3.125279992488800573e+01,1.192085263097232328e+01,5.067336296254987715e+00,4.040822821137417975e+00,2.819129612742488433e+01,1.902821730117132759e+01,1.018209469722653893e+01,1.025721713281091141e+01,1.038720895075182504e+01,4.007000687519200355e+00,1.787198880254461741e+01,1.296703898574763869e+01,3.408116002596068395e+00,5.249654515451546821e+00,2.537778972514016740e+00,2.219996491167955810e+01,2.953926756060558390e+01,5.515263871923467676e+00,9.593224261126357399e-01,2.605132463107534946e+01,3.091169503082523207e+01,1.464181165076836066e+01,1.280241625006610873e+00,2.785950131565685695e+01,1.216792708663012590e+01,2.130033282164452402e+01,3.056619292859122794e+01,1.519907924655960230e+01,3.161942627901884961e+00,1.657588765966787747e+01,2.349841043105407223e+01,2.981862776528070214e+01,2.526561893176991447e+01,1.985942309444589782e+01,1.396187689477180172e+01,3.225201060115303164e+01,2.287815200568176621e+01,8.497321499134464773e+00,2.713943915865290180e+01,8.408844222888681941e+00,2.790468662041539716e+01,4.826959256278725796e+00,1.710955997128694506e+01,1.034419009920525961e-01,1.126264091897631481e+01,1.078343194543975159e+01,1.270292691597800427e+01,4.274638469418170494e+00,5.589802827320813350e+00,9.430229799829220383e+00,2.425265904990954624e+01,6.925917699722200283e+00,7.848282755970915403e+00,3.481373126024959852e+00,2.082021712100016941e+01,6.228552471805410384e+00,8.262460124229983549e+00,1.607460127666566763e+00,3.733490757440873864e+01,7.455396195139988080e+00,2.127923323587127413e+01,3.392648250293211820e+00,1.445451505412096616e+01,1.409750846744888619e+01,1.567689303196143236e+01,2.141379031343939943e+01,1.746049656841151787e+01,1.597435269871682806e+01,2.960870961558671866e+01,7.237882544619935743e+00,2.034690267796617746e+01,1.390512073657284908e+01,1.534048068649046526e+00,1.925050591076741213e+01,2.842588156636489316e+01,1.873796650752052528e+01,2.866742051933180235e+01,1.325240461090194444e+01,2.172264119091472878e+01,2.393786775165009217e+01,2.212551103138181574e+01,1.685760850143184442e+01,2.341947647179489422e+01,4.847358180943343697e+00,6.059480567208563428e+00,2.163202356720706732e+01,3.465259262345631441e+01,1.767021338289676180e+01,2.490386344457182943e+01,1.400843363914677786e+00,1.553808905113254646e+01,4.570454586026407640e+00,1.724886769946291665e+01,7.828886003000461002e+00,1.143466965682981140e+01,2.971748950394282573e+01,8.627020531494341782e+00,1.294448973074731279e+00,1.436795070343471892e+01,1.716915791362152532e+01,1.622368200311517938e+01,2.248249989231790202e+00,1.304318189071136302e+01,2.246672317219859494e+00,2.995380518739998621e+01,3.070101972094640530e+01,2.023886424548756935e+01,1.487318306217840735e+01,7.976558555676976248e+00,2.768951983757647284e+00,1.180066843896857698e+01,5.662088523134798379e+00,1.023081388494445143e+01,2.923129964313240237e+01,2.486854457242621663e+01,1.172913067472224213e+01,1.555455695045634101e+01,4.391854706157418131e-01,1.674511075810983485e+01,1.620983277201414552e+01,2.405609138955416526e+01,1.177192702866650365e+01,1.289744458227798063e+01,3.312541036901533431e+01,1.516961720513295475e+01,8.970541512234339265e+00,4.191620942230856350e+00,2.118953656255789753e+01,1.285395747792705379e+01,2.189028107675143531e+01,2.909214728098289626e+01,6.826233750901884001e+00,2.450533524410805342e+01,2.601088168998850136e+01,1.182768676959321041e+01,1.015907129430374134e+01,2.560276676112042793e+01,1.717993270857657961e+01,2.045906190321100837e+01,2.586463344867010150e+01,2.206276668325388002e+01,2.002350819681157290e+01,1.549259948993129044e+01,1.968415834897973227e+01,1.669078184122190578e+01,1.619461674551051189e+01,3.474006060984562794e+01,2.805380249802839643e+01,2.226760608735696678e+01,3.153017040749635314e+01,2.244517790261331669e+01,2.602437627533390341e+01,2.084667527689445521e+01,1.784537248282156652e+00,5.718242925910117513e+00,1.841490149479896843e+01,3.298166373597484835e+01,2.101674816482371533e+00,1.369063710764761588e+01,4.204900830995773831e+00,2.036062410752597529e+01,2.439795663422869509e+01,1.967864808151569278e+01,1.649915585950583463e-01,8.661878094319016341e+00,2.906924443446706263e+01,6.404538736446833802e+00,2.582226252098975294e+01,1.537925102767869667e+01,1.859067017130487720e+00,9.306410238392096801e+00,1.608776892602207553e+01,1.071740454840215762e+01,2.451429597005055783e+01,4.154495826271891445e+01,3.872590442812870126e+00,2.073751542936877357e+01,2.686148989651746888e+01,5.470062126552479143e+00,2.202039743793653859e+00,2.295253594448154644e+01,1.522547032774792442e+01,2.541722413895432098e+01,1.198797345104622103e+01,1.009318667940713610e+01,4.246801106483093058e+00,2.130162543894624605e+01,6.514655555336784865e+00,2.872116121836340952e+01,2.966284981000921661e+01,3.995465886950440471e+00,1.152527195209591682e+00,1.631324403920645594e+01,2.925090943708330116e+01,1.374915552558272225e+01,2.470954103624074349e+01,2.059143646382484860e+01,1.577701478967796334e+01,1.491943400467153147e+01,2.390725798379334321e+01,1.489869354786352851e+01,1.963198473137646971e+01,1.264739113951418759e+01,2.498344363674998903e+01,1.084517391336497383e+01,1.394137183743597674e+01,5.513683989135062191e+00,1.542024848042479235e+01,6.772205637732300332e+00,2.926819922952917707e+01,2.140854283759122367e+01,2.316930109045219410e+01,1.749747909575395610e+01,3.156877126219244900e+01,2.224501455254700133e+01,1.371399071709324602e+01,2.372223090575907634e+01,1.987918588574407863e+01,2.913038104312043686e+01,3.559705149760946430e+00,1.159981758340460267e+01,1.439580961816603377e+01,1.446373380506764761e+01,1.008804480983840968e+01,2.488356588673724445e+01,3.654652168266912327e+01,2.930254089233551440e+01,1.536733788832742498e+01,1.413964408827392383e+00,2.551775601583405262e+01,1.618798784498714127e+01,3.929098261880105980e+01,2.278760511172701086e+01,2.742798443045293411e+01,4.214053372578602819e+01,8.413166481167918320e+00,1.331835627482957563e+01,7.117775737781970591e+00,1.783797460510049004e-01,3.300498791947605870e+00,2.591157051617105367e+01,1.070412311182331422e+01,8.255409628316577653e+00,4.711421807498613390e+00,2.547295915030044711e+01,2.115530656166694712e+01,2.687791354445696612e+01,1.574228175592336676e+01,1.705878992445367359e+01,1.440948789376259676e+01,3.171471971942233381e+01,1.863121029908147008e+01,1.773508383075630590e+01,3.768907346543962866e+00,2.682063309566921205e+01,3.948608609958293325e+00,6.879532402812427172e+00,8.937882448288239079e-01,1.685146982289982276e+01,3.865816856585401240e+01,1.806034066023005025e+01,1.598563896850386890e+01,1.802223695365293565e+01,2.862756119974353197e+01,1.116629086020362216e+01,1.067986362013752633e+01,7.574973248803022585e+00,6.813452059796314408e+00,1.925836934948171120e+01,7.322187524480224141e+00,2.763849751908917085e+01,3.912848659037194210e+01,2.533395358923580432e+01,1.523345254217346323e+01,1.893474359919657246e+01,1.407152041654951624e+01,5.514377712924438679e-01,2.140666549052338752e+01,1.378196966932199530e+01,8.969426243216860328e+00,1.733094563457300197e+01,9.525509011483110910e+00,1.886831709365263521e+01,6.108407130255493200e+00,2.031960800448574034e+01,8.782124878274901292e+00,2.944703764619955422e+01,1.836215591643466638e+01,1.903985969031367631e+01,2.984265507928225958e+01,1.447581513253403251e+01,3.272832559748155035e+01,3.333280054565182127e+01,3.694137223718239227e+01,2.330394589990858023e+01,2.048606691291243820e+01,1.969188775906012623e+01,1.592063767963788479e+01,5.344031984866517426e+00,2.707089445309986786e+01,2.539731649828307880e+01,2.655201154928779417e+01,1.539271017347470227e+01,7.106943935289733449e-02,1.389596667222548909e+01,9.268006324102568527e+00,2.257079796382592107e+01,1.188666473694994963e+01,1.379455376730220006e+00,1.186724087992436694e+01,2.705070638381035675e+00,1.530847638216849660e+00,1.263882028479581976e+01,5.173481724637303714e+00,2.000584648667619092e+01,2.981635809962165240e+01,2.095259800581654375e+01,6.089091666267208991e-01,3.696266561386774896e+01,3.864910279713444474e+00,7.588489451209731840e+00,3.518562140819433637e+01,2.505801308473772693e+01,1.880983499325902031e+01,7.651760150915971614e+00,1.095626973535054205e+01,4.407311742081081896e+00,1.205859050687163680e+01,1.059818580073158500e+01,9.255581675224289206e-01,1.095520122304852428e+01,1.223921652201320143e+01,1.855851061221402176e+01,1.448531476087232228e+01,1.876800612575458871e+01,2.882404429283107916e+01,1.143238271550260698e+00,6.765607242905007368e+00,1.663161149522737503e+01,3.045093932901666989e+01,2.232468238249574100e+01,2.517787059383623216e+01,1.601191599900224816e+01,1.411293901529276873e+01,1.412738046202590958e+01,2.829494542782022393e+01,1.958357353916960264e+01,1.105512107310267211e+01,6.069014429717683790e+00,2.089571658363831830e+01,2.529460697971724770e+01,1.346188944297062839e+01,1.544149996633194100e+01,4.434350277742262314e+00,4.656843804781427565e+00,1.794430917045136198e+01,3.780421561548571230e+00,1.110060763388049043e+00,3.715870439807593684e-01,4.866113824541709931e+00,1.410083214997425571e+01,3.203927162641122095e+01,2.157591117332021113e+01,1.307839332223666773e+01,1.415386829116071787e+01,1.175975214219921305e+01,1.844021051588768501e+01,1.941519272567472498e+01,1.935753379807083974e+01,1.735393800304113654e+01,2.325830442692756250e+01,3.367290812533182276e+01,8.614046185630918728e+00,2.544743301434647265e+01,1.421141288864844654e+01,2.423828286590527270e+01,2.130625499560294145e+01,1.679017757744844985e+01,7.846226359181853738e+00,2.926869556849641185e+01,1.326892066691189243e+01,5.901337296603572646e+00,3.534978581576230994e+01,1.050594769904014569e+01,8.541837565364763796e-01,1.630007931613614502e+01,1.467748785918134047e+01,2.890675789039876875e+01,8.503431796240814577e+00,3.629314421886318343e+01,1.306252935017337613e+01,4.357179923786406306e+01,1.048301194007248832e-01,1.033795051162739931e+01,3.317645995290288852e+01,1.421631983238504837e+01,9.184524559660124154e+00,7.375481268240975830e+00,3.111993213048162943e+01,1.503864953167288476e+01,3.214818153125817446e+01,8.188108132541325190e+00,6.019564379860995018e+00,3.330270646296170156e+01,1.629439366783288534e+01,1.162614152988563987e+01,2.015665430401669767e+01,3.140464238795857099e+01,6.615654360030726266e+00,2.657240446216743024e+01,1.591747687360305541e+01,7.428908380914743148e+00,5.489255415784814573e+00,6.959238445156166186e-01,1.839822697599639234e+00,6.786530491426368883e+00,1.301921855825742469e+01,1.725170619776390524e+01,1.286771280132128936e+01,1.565709818318577184e+01,2.355486917781021372e+00,1.896163897751344152e+01,3.324462935269670538e+01,1.269256710742762984e+01,7.302390391560620309e+00,2.489985627938040835e+01,2.650713373975786880e+01,7.866341642870133377e+00,5.903285517907664648e+00,1.614231523878987318e+01,2.690768090189246919e+01,2.423670328961650711e+01,9.362537249470257450e+00,1.546527145895064237e+00,3.930017966850276423e+01,1.239619034325303515e+00,9.915381808987397960e+00,3.568252107948532625e+01,1.834248695311336164e+01,2.859763071229220799e+01,1.050835385237741093e+01,1.085577545607900340e+01,1.908856462179670288e+01,1.699026116332909808e+01,1.899426922537447382e+01,1.251298708535291482e+01,1.760240995844500844e+01,2.394531268426893345e+00,1.561463681965292594e+01,2.969637000582521225e+00,1.444440662113033902e+01,1.607146828397664962e+01,1.107613671629145102e+01,2.895912491359123564e+01,4.029155453368478135e+00,3.295188250307294009e+00,2.875001694438562794e+01,2.103501892845249444e+01,2.427757226057754636e+01,1.167148887303864768e+01,2.799491077564794850e+01,2.258313026146780089e+01,2.496476172163001195e+01,2.366220420323992357e+01,5.553982610584959900e+00,2.046716390025816068e+01,1.553981901051965053e+01,3.424869088509606918e+00,1.250618054371934074e+00,1.694260116211791001e+01,3.637743923476670460e+01,1.543506721978288709e+01,9.881065737645101876e+00,2.781281233264140695e+01,3.237886776053471749e+01,1.577620213032376562e+01,1.507418974521920951e+01,1.680117945790157563e+01,3.246129733196269296e+00,1.824404473026081774e+01,3.052509082884637692e+01,1.181758156952152916e+01,3.722403811628818726e+00,3.426151395394378341e+01,2.582918268854343680e+01,3.579783567025521052e+01,2.008868959543533705e+01,3.332379425797005013e+01,1.347704617023784301e+01,1.663592856847841261e+01,1.759231302295959365e+00,1.847204881652411856e+01,5.004986461552737076e+00,4.590608028417023867e+00,6.039816487438762316e+00,1.711612795924446573e+01,2.214579397144391493e+01,6.958302299701176530e+00,2.322074378915696258e+01,2.063953337674957567e+01,1.826177150319524856e+01,2.703795482026562613e+00,2.806122978958791947e+01,3.200433272795135053e+01,4.092325725751694065e+00,2.464357336035149260e+01,5.278514838113882668e+00,2.353691266214362798e+01,1.294435761440776211e+01,3.429883244831642486e+01,2.126136042967113227e+01,2.194746209831399852e+01,1.059887972340128925e+01,2.160006196359667285e+01,7.061678881836054522e+00,2.370211332828294459e+01,6.005039207298745296e+00,5.260096555277175234e+00,5.785804309996457562e+00,3.698170548550749714e+01,7.760426415721179971e+00,2.618686025026870823e+01,5.477541559481423405e+00,4.120456469092752094e+00,3.367943866293748556e+01,1.521347194233379341e+01,1.431605759403265132e+01,1.852324968546375672e+01,1.028309591866570294e+01,2.155026653424964067e+01,2.208835383865047675e+01,1.394267382431252145e+01,2.126472552760989387e+01,1.685409025840520414e+01,3.205200932421440996e+01,8.739935421050402553e+00,3.034468246480869880e+01,1.625466628011412951e+01,1.821590674428817280e+01,1.319847681824592911e+01,1.969066994083806676e+01,1.166971728673295949e+01,2.627105533294002981e+01,2.848957630293428167e+01,5.959363337656389703e+00,3.324753604947789398e+01,3.507710143835154781e+01,1.865670013529808813e+01,3.329635266093237078e+01,1.488675778721792753e+01,1.384220245754039347e+01,1.150832346292574115e+01,2.796092969381718163e+01,1.470053748281640926e+00,2.137700310634312473e+01,1.110416834671215902e+01,5.130452520686966444e+00,5.206803692888941626e-01,2.913153277395937835e+01,1.714717765932163829e+01,2.192083576144380075e+01,2.233228504312846496e+01,3.831777378091400177e+00,1.610906627156718685e+01,1.478786535111643197e+01,9.718825209115568242e+00,5.708669708550461408e+00,2.118574574247785236e+01,8.003680688680807620e+00,1.860721225291820602e+01,1.367845184676471071e+01,8.249408423399287926e+00,3.117758301327998538e+01,5.804019501549929849e+00,2.546225219772424708e+01,1.147287180550240038e+01,1.475341059303574909e+01,5.665383051948762017e+00,8.460925390715040351e+00,7.912442654520131846e+00,1.318343860266407397e+01,1.688226323892012815e+01,3.642364314239745937e+01,1.160821078453949440e+01,1.754318173398955238e+01,4.453843607554431649e+00,3.028288278982365966e+01,7.420413151718400435e+00,1.407965624147210448e+01,2.710688549135774750e+01,1.541071766503592855e+01,2.550655038237066563e+01,9.411128298788828062e+00,1.372703885704606286e+01,1.063707987341633299e+00,1.152645882277606049e+01,1.638087097370654632e+01,1.794758374973499571e+01,1.180744646592453506e+01,1.592350182474719844e+01,2.625717924886035703e+01,1.826308598638737379e+01,1.519059398768213676e+01,2.702711889124779532e+01,1.736914306632220573e+01,5.713189133344866999e-01,2.196947039200826524e+01,2.957267657883170386e+01,3.789130955009095914e+00,2.793847757150300093e-01,7.080532855561528116e+00,2.293722303654309158e+01,1.528133568816086374e+01,2.703325496604107769e+01,3.258543824931743416e+01,1.595544212343875579e+01,2.745777263706782989e+01,1.036958092287459188e+01,2.532895303814130727e+01,1.302690079578192517e+01,5.200061077669172249e+00,1.673692525631549444e+01,3.114177605831785201e+01,2.154368404850778873e+01,2.312306335975862481e+01,2.284285280132972673e+01,7.395231511118442569e+00,1.255051213630932594e+01,1.659606391630863342e+01,5.115755705260156994e+00,2.438029069228082335e+01,8.009951964773302180e+00,1.970780594715129652e+01,6.705722696463043420e+00,2.312045449887867932e+01,5.795781094819192347e+00,1.805815710420209896e+01,1.020982768138199681e+01,5.460241309715830660e+00,1.868300382856685005e+01,2.768061252579070874e+00,5.142308496475314072e+00,2.522379705401063532e+01,3.139165458798225927e+01,2.574824787627808576e+01,2.915466777292019174e+01,1.332581079265727553e+01,1.719957252755550670e-01,1.906679430257642238e+01,8.213112226378729730e+00,2.476762957114157615e+01,1.924666661952466384e+01,2.480737735333503391e+00,3.315518949959651707e+01,1.876833484408675901e+01,2.340701401987608321e+01,9.751266022942091993e+00,2.292389515361747954e+01,2.109067370180294887e+01,2.958562875733967257e+00,1.354019613652170229e+01,2.161397005511737390e+01,2.516487197569083634e+01,2.685017121850102839e+01,1.421104436052557496e+01,2.881358712396669830e+01,2.220742119970756789e+01,2.175486685657721608e+01,1.637766053613277251e+01,3.226315473363641217e+01,1.697666515055565739e+01,2.385338266821207398e+01,3.839291362532908813e+00,2.712604895760340895e+01,1.082954739691666468e+01,1.315477305072220737e+01,1.398817204988716334e+01,4.187383098451554986e+00,9.268386196749290207e+00,2.209943445118033978e+01,1.206524476642698041e+01,2.683416933278218153e+01,9.746535714038262910e+00,8.366675642035366067e+00,1.495457763149244101e+01,1.998477386241360509e+00,1.402813976718315736e+01,1.031689762890589179e+01,7.667089008691829299e+00,2.704367083360172686e+01,9.269544943158184225e+00,2.676719159968092399e+01,2.198828863996679317e+01,1.806805697415865808e+01,2.359458909936692450e+01,3.001855912652144021e+00,6.711489032750830752e+00,1.240085789035258479e+01,1.094103788392559728e+01,1.515058314256372896e+01,1.160940380852635911e+01,2.046704477771232789e+01,3.711675723591810527e+00,1.094092974665604956e+01,1.985533594529615797e+01,1.804424175954782328e+01,1.023656866848902247e+01,4.537471425978883310e+00
nan,nan,nan,nan,nan,nan,nan,nan,nan,nan,nan,nan,nan,nan,nan,nan,nan,nan,nan,nan,nan,nan,nan,nan,nan,nan,nan,nan,nan,nan,nan,nan,nan,nan,nan,nan,nan,nan,nan,nan,nan,nan,nan,nan,nan,nan,nan,nan,nan,nan,nan,nan,nan,nan,nan,nan,nan,nan,nan,nan,nan,nan,nan,nan,nan,nan,nan,nan,nan,nan,nan,nan,nan,nan,nan,nan,nan,nan,nan,nan,nan,nan,nan,nan,nan,nan,nan,nan,nan,nan,nan,nan,nan,nan,nan,nan,nan,nan,nan,nan,nan,nan,nan,nan,nan,nan,nan,nan,nan,nan,nan,nan,nan,nan,nan,nan,nan,nan,nan,nan,nan,nan,nan,nan,nan,nan,nan,nan,nan,nan,nan,nan,nan,nan,nan,nan,nan,nan,nan,nan,nan,nan,nan,nan,nan,nan,nan,nan,nan,nan,nan,nan,nan,nan,nan,nan,nan,nan,nan,nan,nan,nan,nan,nan,nan,nan,nan,nan,nan,nan,nan,nan,nan,nan,nan,nan,nan,nan,nan,nan,nan,nan,nan,nan,nan,nan,nan,nan,nan,nan,nan,nan,nan,nan,nan,nan,nan,nan,nan,nan,nan,nan,nan,nan,nan,nan,nan,nan,nan,nan,nan,nan,nan,nan,nan,nan,nan,nan,nan,nan,nan,nan,nan,nan,nan,nan,nan,nan,nan,nan,nan,nan,nan,nan,nan,nan,nan,nan,nan,nan,nan,nan,nan,nan,nan,nan,nan,nan,nan,nan,nan,nan,nan,nan,nan,nan,nan,nan,nan,nan,nan,nan,nan,nan,nan,nan,nan,nan,nan,nan,nan,nan,nan,nan,nan,nan,nan,nan,nan,nan,nan,nan,nan,nan,nan,nan,nan,nan,nan,nan,nan,nan,nan,nan,nan,nan,nan,nan,nan,nan,nan,nan,nan,nan,nan,nan,nan,nan,nan,nan,nan,nan,nan,nan,nan,nan,nan,nan,nan,nan,nan,nan,nan,nan,nan,nan,nan,nan,nan,nan,nan,nan,nan,nan,nan,nan,nan,nan,nan,nan,nan,nan,nan,nan,nan,nan,nan,nan,nan,nan,nan,nan,nan,nan,nan,nan,nan,nan,nan,nan,nan,nan,nan,nan,nan,nan,nan,nan,nan,nan,nan,nan,nan,nan,nan,nan,nan,nan,nan,nan,nan,nan,nan,nan,nan,nan,nan,nan,nan,nan,nan,nan,nan,nan,nan,nan,nan,nan,nan,nan,nan,nan,nan,nan,nan,nan,nan,nan,nan,nan,nan,nan,nan,nan,nan,nan,nan,nan,nan,nan,nan,nan,nan,nan,nan,nan,nan,nan,nan,nan,nan,nan,nan,nan,nan,nan,nan,nan,nan,nan,nan,nan,nan,nan,nan,nan,nan,nan,nan,nan,nan,nan,nan,nan,nan,nan,nan,nan,nan,nan,nan,nan,nan,nan,nan,nan,nan,nan,nan,nan,nan,nan,nan,nan,nan,nan,nan,nan,nan,nan,nan,nan,nan,nan,nan,nan,nan,nan,nan,nan,nan,nan,nan,nan,nan,nan,nan,nan,nan,nan,nan,nan,nan,nan,nan,nan,nan,nan,nan,nan,nan,nan,nan,nan,nan,nan,nan,nan,nan,nan,nan,nan,nan,nan,nan,nan,nan,nan,nan,nan,nan,nan,nan,nan,nan,nan,nan,nan,nan,nan,nan,nan,nan,nan,nan,nan,nan,nan,nan,nan,nan,nan,nan,nan,nan,nan,nan,nan,nan,nan,nan,nan,nan,nan,nan,nan,nan,nan,nan,nan,nan,nan,nan,nan,nan,nan,nan,nan,nan,nan,nan,nan,nan,nan,nan,nan,nan,nan,nan,nan,nan,nan,nan,nan,nan,nan,nan,nan,nan,nan,nan,nan,nan,nan,nan,nan,nan,nan,nan,nan,nan,nan,nan,nan,nan,nan,nan,nan,nan,nan,nan,nan,nan,nan,nan,nan,nan,nan,nan,nan,nan,nan,nan,nan,nan,nan,nan,nan,nan,nan,nan,nan,nan,nan,nan,nan,nan,nan,nan,nan,nan,nan,nan,nan,nan,nan,nan,nan,nan,nan,nan,nan,nan,nan,nan,nan,nan,nan,nan,nan,nan,nan,nan,nan,nan,nan,nan,nan,nan,nan,nan,nan,nan,nan,nan,nan,nan,nan,nan,nan,nan,nan,nan,nan,nan,nan,nan,nan,nan,nan,nan,nan,nan,nan,nan,nan,nan,nan,nan,nan,nan,nan,nan,nan,nan,nan,nan,nan,nan,nan,nan,nan,nan,nan,nan,nan,nan,nan,nan,nan,nan,nan,nan,nan,nan,nan,nan,nan,nan,nan,nan,nan,nan,nan,nan,nan,nan,nan,nan,nan,nan,nan,nan,nan,nan,nan,nan,nan,nan,nan,nan,nan,nan,nan,nan,nan,nan,nan,nan,nan,nan,nan,nan,nan,nan,nan,nan,nan,nan,nan,nan,nan,nan,nan,nan,nan,nan,nan,nan,nan,nan,nan,nan,nan,nan,nan,nan,nan,nan,nan,nan,nan,nan,nan,nan,nan,nan,nan,nan,nan,nan,nan,nan,nan,nan,nan,nan,nan,nan,nan,nan,nan,nan,nan,nan,nan,nan,nan,nan,nan,nan,nan,nan,nan,nan,nan,nan,nan,nan,nan,nan,nan,nan,nan,nan,nan,nan,nan,nan,nan,nan,nan,nan,nan,nan,nan,nan,nan,nan,nan,nan,nan,nan,nan,nan,nan,nan,nan,nan,nan,nan,nan,nan,nan,nan,nan,nan,nan,nan,nan,nan,nan,nan,nan,nan,nan,nan,nan,nan,nan,nan,nan,nan,nan,nan,nan,nan,nan,nan,nan,nan,nan,nan,nan,nan,nan,nan,nan,nan,nan,nan,nan,nan,nan,nan,nan,nan,nan,nan,nan,nan,nan,nan,nan,nan,nan,nan,nan,nan,nan,nan,nan,nan,nan,nan,nan,nan,nan,nan,nan,nan,nan,nan,nan,nan,nan,nan,nan,nan,nan,nan,nan,nan,nan,nan,nan,nan,nan,nan,nan,nan,nan,nan,nan,nan,nan,nan,nan,nan,nan,nan,nan,nan,nan,nan,nan,nan,nan,nan,nan,nan,nan,nan,nan,nan,nan,nan,nan,nan,nan,nan,nan,nan,nan,nan,nan,nan,nan,nan,nan
1.444106356545748149e+01,1.247381260858150398e+01,1.049791369299499877e+01,2.263735426540452522e+01,3.871164705453232546e+00,4.499706692474268466e-01,4.990198441549442698e+00,2.225996905035626128e+01,2.774800243896926943e+01,1.531886441659996834e+01,6.188234970779766364e+00,3.806354948353607881e+00,1.269350386467823100e+01,3.234424000975720759e+01,4.355210552946502389e+00,7.100176176233073733e+00,3.061182161224779374e+00,1.999486641813654586e+01,1.467909415794975025e+01,2.378893282746492588e+01,1.362206232603888800e+01,1.542133112528778582e+01,9.350149859156228871e+00,7.526898226556740568e+00,1.400082994192789343e+01,1.272116041220062677e+01,3.376569325388426535e+01,1.158270771293376100e+01,2.029452226419968852e+01,1.960064094582182115e+00,8.824218270804957687e-01,1.762155300452431739e+00,1.053035179938317967e+01,1.522391172564790729e+01,3.001083814403664363e+01,3.369379509636253545e+01,1.368557133434939743e+01,3.718291042014979286e+00,6.866628585860471645e+00,1.903771602341443980e+01,2.928227319623773806e+00,1.246892631041297506e+01,3.228004203707171005e+00,4.993310567973849423e+00,4.765645213529009716e+00,1.183020423023132928e+01,3.767042775409022326e+00,5.448619215405868133e+00,1.460393934478646649e+01,2.156172834786348691e+00,1.983358892869384604e+01,2.381976923135704283e+01,1.369905770468174211e+01,2.662736882801473914e+00,1.074486446741891044e+01,2.284690382316069091e+01,1.809338519722529171e+01,1.208647519555488792e+01,1.088910900967257156e+01,2.345679083969132606e+00,8.657410644458987115e-01,8.625774475316509537e+00,1.778346174095975130e+01,1.585277973583992939e+01,1.914836540979396418e+01,1.897824045761718992e+01,2.723682048376979736e+01,1.388765020442111364e+00,1.313290313024424227e+00,5.160290347250668930e+00,7.713241340690403014e+00,1.550378407048103391e+01,1.086135730707591485e+01,3.868793015571749550e+01,2.585103312128046582e+01,4.518023891234105527e+00,1.462878184054733666e+01,2.187647595386349764e+01,1.605957988285524607e+01,3.273043099012918589e+01,1.732458820665907950e+00,7.867656324489225916e+00,8.046120434647720643e+00,2.502514230102226733e+01,1.004451639767577120e+01,1.623709669122003163e+01,3.536121535371574254e+00,4.428704921126533911e+00,2.304800296433312923e+01,1.504545117527348452e+01,1.788941770071402360e+01,5.778230595021560667e+00,4.051297529961542132e+00,2.325086304625454048e+01,2.202042857659233022e+01,2.153913356991459693e+00,1.596445310913353843e+01,6.833031232016077539e+00,2.603782884886840421e+01,7.685552243082149459e+00,2.215551354288180264e+01,9.733042156922854460e+00,3.322768914449484079e+00,6.977455339101812370e+00,1.679427009692939876e+01,4.018362050553826670e+00,8.269817727295261989e+00,1.360081316541267249e+01,3.016049655807825136e+00,1.139956241323565855e+01,1.772478996205182611e+01,1.832256619041080015e+01,1.352407972191979946e+00,1.861831654610131448e+00,1.291055901009515727e+00,2.640375018357227788e+01,1.184243796466321541e+01,1.826945403273047930e+01,1.743957142343849398e+01,4.683937365126833008e+00,6.459510371707192888e+00,4.882516535009671976e+00,1.435105915162650980e+01,1.136234505914460735e+00,1.058446376288128832e+01,1.867013316928328948e+01,2.947456584995096662e+01,1.314241725322207266e+01,1.763270588944678607e+01,6.534674870049182793e+00,1.789516414706875835e+01,6.492419877281325746e+00,2.401366535080232723e+01,1.681472790305608100e+01,5.739695152571976600e+00,5.963530238707560827e+00,1.039342804597831105e+01,2.295757511958280972e+01,1.169610761227522033e+01,2.239099726813028823e+00,1.233957906277215599e+01,2.117756648250093576e+01,3.438951649559028212e+00,1.088263638502093222e+01,3.529114032159507808e+00,5.767474319176344011e+00,9.197915998470083565e+00,1.466418862458250061e+01,2.548117942483073861e+01,2.129317865360409012e+00,1.019964766841365744e+01,1.801344178317918221e+01,1.942579555469863273e+00,2.169419587126080273e+01,4.568918712586265585e+00,1.698586696651303640e+01,1.038355090997902508e+01,1.880282290314332272e+01,2.513128474788526390e+01,3.710434711287795118e+00,1.665637576826445532e+00,5.379189009090989959e-01,1.972803228235893869e+01,1.569631597925138955e+01,2.859158713142906816e+00,1.804969039287331256e+01,2.694459264546442134e-01,7.441117942319916523e+00,3.032366166613350345e+00,1.463045523813094917e+01,1.080708450722429070e+01,1.049774214971177422e+01,3.154191397697537624e+01,1.385813535820214604e+01,5.574070807095094615e+00,1.102709854589140370e+01,1.238110648877508346e+01,1.741752948878973228e+01,1.620214964969386884e+01,1.523062096733259807e+01,2.013890775077759443e+01,1.530635872947047282e+01,3.104193331048480431e+01,6.475176319299798422e+00,1.181924953749540208e+01,6.158241792190913166e+00,4.673255138771306605e+00,2.836888245635608641e+01,2.335762467263457154e+00,1.931110652792799343e+01,1.618999965701249266e+01,5.934158129022002015e+00,1.761244597750217622e+01,8.014314692331593548e+00,9.866471031771441247e+00,8.402844075218677489e+00,2.795139721348599338e+01,6.703415250507439360e+00,2.542517363409330500e+01,8.958472528612663410e+00,1.772687109792959737e+00,2.885094868177511174e+01,1.293483722989177687e-01,1.997655594532542933e+00,7.483010364200623599e+00,2.493518743001385474e+01,6.615847906141288925e-01,1.586743969285141276e+01,1.029793039200858651e+01,4.965972822062298064e+00,9.066797131427211554e+00,9.280084769869024086e+00,6.427532400182317751e+00,1.546440451239105407e+01,9.673893232776404005e+00,1.756065573053789208e+01,3.466454514937711284e+00,4.512382895133546512e+00,1.504617762304680895e+01,8.150019346170410017e+00,2.790023984877581498e+01,1.515955817730280941e+01,2.350590756821141625e+01,1.620830914009059143e+01,1.173449259671101252e+01,3.397531779327960066e+01,7.855155992293661349e+00,8.655084820643222931e-01,2.305525402882655683e+01,3.487540516691735348e+01,1.403335666045182784e+01,1.891283433462906283e+00,6.180216951401301451e+00,9.173938290272321439e+00,3.061150371437132645e+00,3.652936720260607473e+01,1.645238346549152908e+01,2.560867241375727943e+01,1.302354201897445130e+01,2.703811964930804024e+01,3.065652122982233863e+01,1.756316160633204504e+01,2.176619517416412464e+00,1.438040120395837107e+01,3.536557942485556882e+00,7.495109865988993647e+00,2.856725241845398244e+01,2.513334986940612836e+01,3.931921422081091411e+00,2.655964880591686494e+01,1.816420987790536401e+01,8.676352511700931913e+00,1.794254691833279480e+01,1.430044559895905110e+01,1.128127488548089197e+01,1.096611564446286913e+01,7.685521997769284575e+00,1.187294747271852202e+01,2.047808968644005745e+00,1.115299585634813795e+01,1.702214593041429325e+01,3.745791712430973419e+00,1.076798445059180409e+01,1.118686735865000159e+01,7.352022008891522020e+00,5.042681837536214573e+00,9.161149414445224348e-01,2.452400333247637931e+01,1.534517788066232491e+01,3.274193235202540819e+01,3.666016670903565533e+00,8.049931478480855773e+00,9.540412413646441436e+00,1.748620633226964571e+01,2.649878472140810359e+01,2.821063753246362271e+00,4.286496925735976404e+00,7.850965980254241749e+00,1.469005431888656155e+01,1.448024878350381428e+01,8.278289160556504100e+00,1.461601502327151536e+01,6.723963194750558259e+00,3.654606795065295444e+01,1.557234460465003423e+01,2.483257105836214507e+00,1.903095435355461440e+00,7.989509533952376508e+00,2.354202529467749372e+01,6.834837491642093532e+00,2.557956502033906432e+01,4.510145812471504811e+00,1.267676879026737780e+01,2.815707344832810222e+01,1.396889963104371546e+01,4.243241949670056634e+00,9.330846279545774280e+00,2.383911700694209301e+01,1.468788006622007281e+01,2.450073313749956583e+01,1.276282627678419779e+01,1.107985595680638724e+01,1.922870157521808210e+01,2.711479877969662766e+01,2.409594964099290948e+01,3.395517345625549965e-01,1.194666996967485595e+01,2.341644543074649221e+01,1.939486543891803194e+01,1.453695245517600476e+01,1.129684410463281807e+01,6.719011910193112058e+00,2.500933947850223049e+00,1.601046604946882823e+01,4.174019233786532368e+01,3.635227220002482440e+00,1.495974090699133718e+01,7.229746088849992702e+00,6.446522770262480329e+00,2.434308676586294951e+01,1.306814806452354816e+00,2.007284885576997269e+01,3.322632892837003027e+00,2.133443327448198978e+00,2.735163778305466309e+01,3.806495365778602036e+00,3.051780654215058508e+00,2.785000016390520372e+01,2.859834451534764810e+01,1.351948508448462860e+01,1.179125201044505911e+00,8.335800491026418513e+00,9.458018456553389797e+00,8.135134277004825165e+00,9.465360058872906990e+00,7.933945373872175466e+00,6.494580335902975676e+00,2.621123474085261051e+01,3.377655586545670996e+00,9.082163687985573830e+00,2.738976005489374188e+01,2.387232795392554152e+01,1.960415990602405145e+01,1.568544794760006411e+00,1.462763286580759114e+01,1.581455930186909420e+01,1.717104951554148329e+01,5.074427611646868286e+00,7.414324713449058635e+00,1.920890091205687256e+01,2.195772941683395629e+01,7.118097108575469179e+00,1.094915269336245700e+01,1.853428826741036373e+00,1.301957375156658259e+01,1.296645622936054387e+01,1.051906005058460636e+01,1.759624138775243551e+01,1.285627432663469882e+01,2.684041997670044211e+01,5.934943520920828774e+00,2.638161617699946504e+01,1.557967287145624802e+01,2.218238490926928819e+01,2.247094389180460894e+01,2.462387862444401065e+01,5.409131520016575045e+00,1.629183219833675622e+01,4.576225552323911927e+00,4.497291982394726162e+00,1.807334498217563734e+01,1.306117761608821048e+01,1.638611537549944686e+01,1.123621815123590828e+01,1.453959156534008201e+01,1.084327877130285778e+01,1.853253739560226165e+01,1.424036853004779957e+01,2.993946118293813186e+01,8.660709736298116468e+00,8.405536560725428430e+00,8.041585231872822703e+00,5.238196862931464359e+00,2.815211544900328278e+01,1.103505255045617872e+01,1.491597147065859019e+01,2.010022260104748781e+01,2.628645692506185583e+01,6.924683895619369700e+00,3.713152146142093102e+00,5.215026574035130480e+00,1.786887126492268862e+01,1.350358216758152707e+01,1.376876602237677005e+01,1.997170403284944840e+01,1.038676414929932434e+01,1.309235451518053850e+01,1.174762426259808734e+01,6.427265017129807356e-01,1.358778811582334711e+01,2.946508922323667790e+01,7.478153862258402063e-01,2.301713091576409198e+01,1.158673997923738153e+00,2.422480887840751862e+01,2.731223979196141016e+00,3.187760111662007567e+00,2.341552250086104436e+01,2.969313126997863606e+01,2.781731350844306405e+01,1.478182293544928605e+01,9.507804350759498035e+00,1.410525603458564525e+01,1.725960202180191772e+01,7.209019941206474158e+00,1.649068558049027189e+01,9.976880442825216022e+00,1.975131582730262281e+01,3.863191754499867958e+00,2.540931105245350352e+01,1.078844186557940965e+01,1.462256606889092581e+01,7.736784889684425792e+00,1.525013600925412049e+01,1.978814321903342588e+01,1.869547530720151229e+01,1.311865385434541587e+01,1.494539583715042141e+01,1.312524567042904167e+01,1.865830172962802180e+01,1.224073903933824781e+01,1.776288034319115283e+01,1.059922367112928754e+01,1.268547387744461119e+01,9.051342170402106646e+00,1.865887600603748453e+01,1.504672093863171689e+01,2.239043734036766153e+01,1.802255773285788454e+00,2.292593718349763066e+01,2.667193134575182611e+01,1.082485953997971873e+00,1.829328925175180487e+01,9.409927241480868787e+00,1.995665265995728888e+01,5.623076689673783157e+00,1.299839965436788880e+01,1.175181514114034798e+01,2.504656946632647596e+00,2.748104443372771044e+01,2.077348561029978669e+01,1.226931544159857879e+01,9.725109250546429607e+00,1.378449733087008156e+01,9.450126177845303843e+00,9.584277570110542044e+00,3.225742511001805468e+01,1.869028052849069610e+01,2.304614664573014782e-01,1.467306084765110086e+01,5.351801253628939214e+00,4.120601078108988702e+01,4.503786989746012992e+00,2.214034178517013629e+01,1.122249555257892162e+01,1.086340312827943855e+01,1.308737545359323384e+01,2.490560593831904512e+01,9.342768266703808777e+00,1.752093707355064467e+01,9.842042248889303069e-02,1.475136382422248360e+01,3.673452305131950091e+00,1.697822380468436876e+01,1.834794854321280200e+00,1.504562860296078242e+01,5.319461584865821990e+00,1.358419772393631986e+00,2.416305001436628075e+01,8.595814604090822542e+00,3.682181503735524775e+00,2.131969747446420982e+01,3.090074654059650427e+01,8.062741868346678942e+00,1.198651930182532865e+01,8.036438045401075314e+00,3.288900438065646625e+01,4.815233198071715570e+00,3.490477802062492252e+00,1.083698620685400194e+01,1.901378395729554471e+00,8.391452790898128455e+00,1.013761226594323261e+01,1.421796026217595355e+01,2.218632630072804801e+01,1.904592726741202924e+01,4.433247435520135227e+00,2.701751810555196442e+01,5.246341179660423570e+00,8.877635245589397428e+00,1.206598452706322000e+01,1.619642995091898641e+01,2.794918958716888824e+01,2.159686285904147240e+01,7.014288889096969903e+00,9.631667783588286014e+00,1.134048043603026468e+00,1.338510769840415904e+01,4.975973964599385013e+00,8.771663190732109427e+00,1.526698115909416664e+01,1.280885934970311624e+01,1.807917946542849652e+00,3.243544778295925024e+00,4.549246384068709737e-01,5.350869014360249309e+00,3.321268168305198998e+00,1.895719531412593994e+01,7.732437060991106392e+00,2.399961615165490336e+00,2.266018399401005823e+01,1.686500976428782650e+01,2.503240779839759611e+01,2.299806402765625535e+01,1.186412690942581394e+00,1.620766876166376136e+01,9.860484127734828519e+00,1.220930486814947979e+00,1.496116571449055144e+01,3.564940129198674867e+01,1.111618379888559360e+01,1.911239849985696537e+01,1.154685185825546689e+01,2.757993787174885369e+01,1.428515997405280569e+00,2.028703575714858331e+01,7.915633926342014348e+00,1.255857577840482264e+01,2.102721043074067264e+00,1.179968292523785145e+01,3.818064325385932989e+00,3.714735167477370981e-01,6.931909589604505761e+00,4.389080246643688099e+01,1.713698853289088930e+01,8.906056909007682876e+00,1.522132204318123172e+01,1.707375675932909687e+01,8.662458850491351336e-01,1.741332216595772664e+01,1.987361403246723413e+01,1.472924824192506676e+01,1.382840946667484516e+01,2.122639667536109442e+00,6.479860181985300116e+00,1.344564341450686373e-01,1.086794147464681171e+00,2.770354308268658627e+01,2.270667881350576067e+00,1.322240995062291802e+01,1.600123193718359005e+01,8.407418677668530904e+00,1.688141832764783024e+00,7.922644759528059133e+00,7.539314586268948126e+00,8.384608726591102013e+00,9.577632207581185497e+00,2.361637427928188870e+01,2.068730056159601460e+01,3.194613464340917375e+01,1.588174305463964231e+01,1.432092107131437864e+01,2.383711718425234949e+01,1.110449261870117610e+01,6.940485277359513816e+00,1.073146599704307924e+01,9.668559995878633018e+00,6.635372205325960948e+00,1.346342814613284489e+01,2.180128636533222419e+01,1.545509821918021309e+01,4.401438235715662728e+00,1.124134036298869965e+01,1.259230257847378631e+01,9.384531564575578244e+00,3.312900735116300233e+00,1.802254963608525529e+01,6.084418405267678409e+00,2.135557629929920864e+01,2.241759450389617658e+00,2.868870490872951251e+01,5.119741511011644874e+00,4.141246213977916035e+00,4.545724013037961697e+00,1.181464730268406527e+01,2.170779825195877066e+01,7.296486707805526883e+00,1.180893926981586572e+00,1.653141362503043776e+00,1.386472789770383507e+01,7.784520670934230502e+00,7.070349410655267786e-01,1.691775679750907813e+01,1.156153347984079360e+01,1.068965726269665240e+01,2.565665968607225977e+01,1.676439887000342566e+01,4.066651619599727652e-01,1.301463696971269357e+01,1.641971545024288659e+01,1.335222545692373863e+01,1.812274423059656314e+01,1.023298133363288542e+01,1.419148518324448460e+01,1.358868775465898437e+01,2.267629621231596815e+01,8.706218017394338204e+00,2.486297626591420240e+01,1.756879263670287372e+01,1.543326121249856797e+01,2.404135212925926268e+01,1.962744850415304754e+01,1.102731122406114750e+01,6.263100027701166361e+00,1.860063254791649001e+01,2.165281072372789950e+01,3.849328753809115433e+00,1.939962443197508435e+01,1.074537959418733063e-01,1.589761603319402639e+01,5.172908152005273763e+00,1.995668705096352191e+00,5.601329712806538907e+00,3.955270359908971578e+00,2.540260821931775581e+01,2.709793124434445843e+01,7.779479850901919846e+00,2.681778232993403677e+01,1.618491645705725190e+01,8.047557779878372841e+00,2.919941230733689963e+01,1.257737554217819076e+00,1.717844392730740566e+01,2.949835207868724041e+01,6.222686565029722949e+00,1.633176893920303385e+01,1.614475841393306865e+01,5.306007469938922583e+00,4.618052817711558511e+00,3.069376206484441028e+01,3.701912308163713750e+00,1.033102967399305072e+00,1.321219333445225352e+01,1.605047586058535103e+01,1.398049625679535879e+01,7.783651017534725547e+00,2.185556421583246234e+01,4.861162908955294903e-01,1.034905194886786894e+01,2.569972921161030044e+00,2.772840909384600150e-01,3.510590967017659381e+00,9.415079697018480687e+00,3.085112771177691116e+01,9.104379674163489256e+00,7.983874511356212622e+00,1.761789315675529011e+01,2.243669805078248558e+01,9.068838950450308189e+00,1.667990091062392821e+01,9.756269068445931225e+00,1.688136768888070627e+00,2.399489968026168896e+01,1.993669990984071916e+01,2.981518604829963692e+01,1.112834241762928045e+01,5.633034710388200139e+00,2.383813535377470760e+00,1.665219161421752858e+00,2.026531049281880215e+01,1.709723596777782362e+01,1.461773071650344136e+01,7.680202044198146893e+00,1.155913759440811894e+01,2.220259699536283904e+01,1.005337338128205538e+01,1.206403250205248057e+01,1.681088594997356633e+00,1.187744419066102353e+01,1.938498350567935447e+01,2.214159041564113473e+00,4.336181837881363244e+00,1.353393082982601037e+01,2.799879583896075985e+01,4.272092461623731019e+00,1.071097430522919680e+01,3.169167242032078224e+00,9.864519233917373953e+00,2.928415245390177546e+01,3.347091262797529332e+00,1.327935282677864759e+00,1.131062373123418396e+01,1.043677084394810706e+01,2.231320327772141709e+01,1.993176863788866626e+01,2.349686173304150194e-01,9.515436229822753500e-01,1.431977168210368800e+00,2.007548355093246073e+01,1.501725594346955006e+01,1.957831056967389571e+01,2.142321618352421453e+01,8.650815902372197996e+00,2.200854775798550733e+01,9.069554132333038865e+00,3.625422970013077162e+01,1.312418085435331960e+01,3.868257602856853161e+00,6.549242565488641254e+00,2.698397279497676937e+00,1.821053595924046320e+01,1.219806061102135430e+01,2.416621326169710215e+01,1.878356397169006708e+00,1.193670808298404573e+01,1.262949331154467814e+01,2.044769251984592984e+01,1.875756250262238112e+01,2.186175402070873730e+01,1.839196845443068273e+00,2.650965057839946404e+00,1.868101370630604441e+00,1.439561239250433289e+01,3.464936772407515964e+00,3.223177287146585002e+01,2.993137790387946495e+01,2.144204059850285304e+01,6.635160197925549674e+00,6.200844348189253452e+00,2.634654069805832677e+01,2.286650918693809587e+01,3.277974910953773247e+00,4.044178973186723702e+00,1.995493420657400918e+01,4.148692589693190769e+00,1.830998693383418896e+01,1.767596803658475935e+01,8.949975006020521207e+00,1.112724935305829277e+01,1.345609261773899235e+01,9.675964510106634719e+00,8.954013942594903241e+00,9.806814011147256593e+00,1.757899682927423868e+01,6.726930939664980791e+00,1.636123852030567249e+01,3.050710598244665839e-01,2.344161334275637998e+01,3.415812363847463562e+00,5.330307274268754725e+00,1.966059491594853625e+01,2.241613514447735511e+01,6.593204358599017212e+00,5.005702168846555722e+00,2.980032220435695223e+01,7.515249520621538615e+00,2.850775829596319699e+00,3.995070842725883864e+00,7.672691915256240947e+00,1.302367804349979608e+01,7.762362861044024287e-01,2.885055105405681442e+00,1.197297963294486678e+01,3.676927794668525706e+00,3.606293189021611667e+00,2.569772271493468430e-01,1.313601472065235676e+01,7.488440078551082735e+00,2.605242105353367421e+01,3.772640149802475307e+00,1.160854524886445382e+01,1.206397734245229536e+01,1.919889353792954623e+01,2.822763815379778407e+01,6.336232863845492780e+00,6.182079287216672547e+00,2.032554657833574030e+00,3.138761625406471190e+00,2.785879803888814621e+01,3.488982793069230759e+00,6.203816610336321702e+00,3.024988928598775928e+01,1.351504950937815686e+01,2.522543986123838522e+01,2.696758733122362628e+01,1.138660919295749885e+01,1.881472624296033302e+01,3.267146736857374378e+01,1.568610592678375326e+01,1.383589085855004619e+01,2.321558682993946476e+01,2.258211405734177646e+01,2.047198418515193197e+01,3.209546509696865968e+01,2.176337523126153695e+00,8.045175370561823414e+00,3.601833331315821951e+00,2.427378146844133155e+01,8.969933896345072100e+00,3.229577608120029364e+00,1.375495372540330052e+01,4.777973738452688224e+01,1.875345460681426246e+01,8.729028333224233549e-01,1.051939910852676618e+01,9.574792536561105294e+00,1.497239680236188875e+01,1.394583079648766244e+01,3.505918188679147729e+00,1.846565540474911415e+01,8.782401453781501388e+00,1.093843949787779657e+00,2.481448319304124794e+01,2.888853220514177167e+01,1.577685186291885033e-01,1.409868551703377015e+01,1.209754820266154418e+01,8.436829846064375360e+00,1.107208290037498166e+01,1.686359792061913154e+01,1.462049189425355999e+00,7.980385677051086368e+00,1.069993809732615198e+01,1.342520505540449882e+01,1.061324322666250453e+01,1.283568180233124423e+01,3.379149268569252129e+00,8.439543865884564511e+00,2.299810743643754662e+01,2.565020210838642178e+00,1.330979703328072894e+01,1.876467685443483902e+01,2.084185994416107590e+01,1.190137097065213823e+01,6.484059657969124757e+00,2.746631852614310532e+01,1.998697729646992016e+01,1.277706936412392302e+01,7.251223646754890950e+00,7.751809684797432709e+00,1.101148110932843771e+01,1.946691984955331733e+01,2.357184278482762707e+01,8.851841878531008234e+00,1.628874675245880921e+00,5.902294688084224639e+00,1.187231898338602321e+01,5.652633164005449018e+00,2.232552624257751717e+01,2.560030001947169964e+01,3.433827628918186381e+00,9.183987961558399249e+00,9.155633984080107979e+00,2.165572607830481111e+00,6.879655096389696745e+00,1.977886050939911877e+00,1.131367303505971655e+01,6.210587473202743958e+00,2.182828197756900845e-01,3.496178632690953858e-01,8.460005695862644615e+00,1.650488241555476066e+01,1.356266250760151415e+01,8.132212861298366846e+00,9.613084878937648625e+00,1.438676697973807705e+01,1.360635458481251270e+01,1.475062929144638879e+01,4.490203333068699010e+00,1.966834534089461073e+01,1.216151541781670531e+01,1.907169040040680486e+01,1.785525763128462273e+01,2.667351203558677852e+01,3.180699769267577803e+00,1.293705756980961219e+01,4.998529374069780040e+00,2.761629859481674387e+01,1.318320516584292434e+01,2.348647949503623522e+01,7.319952919825617244e+00,4.427355746122746183e+00,1.499481106675092512e+01,4.843925439692572610e+00,5.332683549394920952e+00,7.512745502656570373e+00,6.387437134053671528e+00,1.218015680030706349e+01,4.619331085864726738e+00,1.074690823342886681e+01,3.634104923681955768e+01,3.476937158585226673e+00,4.796994131298637498e+00,9.147728663732754839e+00,1.689439525190333313e+01,7.036211589507217923e+00,5.650682379989842907e+00,9.885262807874133362e-01,2.853392878103909513e+00,1.304980531549986944e+00,1.717902509241081788e+01,1.321388664084183873e+01,1.431485102661408426e+01,6.197587096265504414e+00,1.272265825231920999e+01,1.634663511195175545e+01,6.491825614076072171e+00,2.874982143883747288e+00,2.314527443491060765e+01,2.020456156383668400e+01,4.151330735314067155e+00,2.290547794722398223e+01,5.470959758521651395e+00,7.740645125333456278e-01,3.031592460327989613e+01,9.431391053231562793e+00,5.255454680988025373e+00,1.348108373646621594e+01,3.214849121001135757e+01,9.430619015064078070e+00,1.269755921169103630e+01,2.355077978872144229e+01,1.787625287633729343e+01,7.543904008766713964e+00,9.263998586889071518e+00,1.097683988873695959e+01,8.092375995104820419e+00,1.625353219045255670e+01,1.804812983646583824e+00,7.388442379482015099e+00,1.108249556717956708e+01,2.071608475440154606e+01,2.462003806050645238e+01,1.016309873136419739e+00,3.565175426492904198e-01,1.153978624983162149e+01,3.781284338912553888e+00,8.731654067157345267e+00,2.282932104804304174e+01,3.165724250528769801e+01,4.103831165780371215e+00,2.010069989555766412e+01,3.109594270316776932e+00,4.942263386478356502e+00,6.998413625642899705e-01,1.107078476076284801e+01,5.293635690612381595e+00,2.879847781262722783e+00,6.243303980673188036e+00,1.870242782643902757e+01,1.165387583381067671e+01,7.555172511399572244e+00,7.343374557125779134e+00,4.550797278110803923e+00,7.761364117310455946e+00,1.847434900277593428e+01,1.715131715314792160e+01,9.900141873970692785e+00,8.593205455546151228e+00,3.399911327215523915e+00,8.485534608325131956e+00,1.920149522181671031e+01,1.287003840310107883e+01,2.795202649558059704e+01,3.483343486079739648e+00,8.807904405959648741e+00,1.469294932657909314e+01,4.123076495685458198e+00,2.286526577413759043e+01,4.398842708987024785e+00,1.989022328866432332e+01,1.267445277485059663e+01,8.609606190412142368e+00,1.298492269536039245e+01,1.656058265358087667e+01,1.182909616390511154e+01,1.070215377916007959e+00,1.063899741869973070e+01,3.130820321713583265e+00,1.034634592305514644e+01,6.589835740199492697e+00,8.451556113964807437e+00,3.158290846404182162e+01,7.163045099513672964e-01,3.449860271890780705e+00,8.716595394130758123e+00,9.816561609201155392e+00,6.053190509623975757e+00,2.165743654590969669e+01,3.305883143721673889e+01
2.282345630611150611e+01,3.922533970911095480e+01,2.260883313742709078e+01,3.006195454841956938e+00,3.384410816706490266e+01,2.983946198244023407e+01,3.102126420388682249e+01,3.277162764992225874e+01,1.472495675556779382e+01,3.255378900520820196e+01,3.003422386263288502e+01,1.610614031293124171e+01,1.242026961737363244e+01,1.738640929335096175e+01,1.127750463943181813e+01,2.348744532965916676e+01,3.389092368418929624e+01,1.548302904154778226e+01,1.571093960750662255e+01,4.290020775954768339e+01,2.882968231359327405e+01,1.598160696567030969e+00,2.634460645698102255e+01,3.558404005827209282e+00,1.479810389851921926e+01,1.862823268649768238e+01,1.980332120956645126e+00,2.344010781222994666e+01,5.151491000141739107e+00,1.895756745274404054e+01,3.255852302921130814e+01,2.269089261775251742e+01,1.411653225021749058e+01,3.258186815789914093e+00,1.372708622390224953e+01,8.988203218725853816e+00,1.745140758973621331e+01,2.151163955734960354e+01,1.349996412278163405e+01,3.064538063321192496e+01,4.598016012208994141e+00,2.703305031629098920e+01,1.489806641233808193e+01,2.713190979877117925e+01,1.043757511922852466e+01,1.302636267256412417e+01,2.413880356435032226e+01,1.521328027395625426e+01,1.147134949323208097e+01,2.216917041891570506e+01,1.548953387605470589e+01,1.619594442250564725e+01,2.052648644113173759e+01,1.798287648106979475e+01,9.600908317910439749e+00,1.962088247421338139e+01,1.298138012794349017e+01,4.788867517940929019e+01,2.537198603516488049e+01,3.268272475041880654e+01,2.081944344095145993e+01,1.788515483015139651e+01,3.824143412483414495e-01,4.255472298110522189e+01,2.699831833810033554e-01,3.235041734949726333e+01,2.462822997370051059e+00,2.044450273764685022e+01,1.819207854996362528e+01,1.020846561254958473e+01,1.194050441598512435e+01,3.703499576569784324e+01,7.301624212311059736e+00,2.009690925924064331e+01,3.404339042447806918e+01,1.295933149982184496e+01,2.098514878542822260e+01,1.891599117978955036e+01,2.846200346329701958e+01,3.715869374306444683e+01,2.351117211896456283e+01,2.908398475018636731e+01,1.136531298101455079e+01,2.824284106252846094e+00,2.136587413053731410e+01,2.753132209226013316e+01,2.651130969097447476e+01,2.420124448913034598e+01,4.317233208558255875e+00,1.600731535652215243e+01,2.909197637110576906e+01,3.885453065877702450e+00,4.055454963392588930e+00,7.976946733849786142e+00,7.524177246852405077e+00,3.598375594550820722e+01,1.860791170975127251e+00,1.014369324878123990e+01,2.185766460193349658e+01,1.391466097932611889e+00,2.611368426486815508e+01,4.196393604548262601e+01,1.889845839171794850e+01,2.428900633301008583e+00,9.067202002507961378e-01,2.069534953780282294e+01,2.910975844179593253e+01,1.612128813890657320e+00,2.732610905757009334e+01,3.148821119546862235e+01,3.419875768311741382e+01,2.582297514792050563e+01,1.249997877413899161e+01,3.503495766611936091e+01,1.034076400319230338e+01,2.764566971709744081e+01,1.135082514043648949e+01,3.879113326246314664e+00,1.680800369286504292e+01,2.590684430166916385e+01,2.607447487417975296e+01,1.440442521224196604e+01,1.358490513006428202e+01,5.333469223512275370e+00,1.311299807073685741e+01,1.647830899108837599e+01,2.168584390880240775e+01,2.813432043268528560e+01,1.685038401939675623e+01,2.435460349719206263e+01,3.544390831560604482e+01,3.386670555203791011e+00,3.665432781426120101e+01,2.808528453396084501e+01,2.847624280874084590e+01,3.441883025321295975e+01,1.728651578144886969e+01,6.418476137025066031e+00,1.795465806701919931e+01,1.458272083955650089e+01,1.232526886430640367e+01,3.635629077704663814e+01,1.330857993071990819e+01,4.873423011420198492e+01,2.707238851508037669e+01,2.605658708607918328e+01,1.191537644090033154e+01,5.713122476153691842e+00,6.316563317720062187e+00,3.632605976336786391e+00,2.829703568706412398e+01,1.705310358287061945e+01,2.060516218007519029e+01,3.149281971446868411e+01,3.218612465454192773e+01,2.677539320526561539e+01,3.673373325448645943e+01,4.382643235160666784e+00,2.782916960201917433e+01,2.234039195589446791e+01,3.450376334340683115e+01,3.505305700580766626e+01,9.323277099500275611e+00,4.003965311612423861e+00,3.442349846662024504e+01,2.145728507945369046e+01,1.500267332713196122e+00,1.725709261096746872e+01,7.039621471406229958e+00,2.768590238068636111e+01,2.292630347494116805e+01,1.179285252126931560e+01,4.259896693515811705e+01,6.136971528570192902e+00,2.934038691154875877e+01,1.461033688249381512e+01,2.437679071138182252e+01,3.479146589089317132e+01,2.264759542380289403e+01,3.275164136647509849e+01,1.788927968905264265e+01,1.059580685266606537e+01,2.322078996377582172e+01,7.796999569528662910e+00,1.745251598714959584e+01,2.347158973777789015e+01,4.296485102055134675e+00,2.114777862146199539e+01,2.073963958748793601e+01,1.776016436402980858e+01,3.119737887529415943e+01,2.080345310656937485e+01,3.951254878075357624e+01,5.963016444784590142e+00,3.758944550432619280e+01,1.100632935832122072e+01,2.249837832298840468e+01,2.679454688358350012e+01,1.771748100582192009e+01,2.744500839002065007e+01,1.456641723710985126e+01,1.763809056806930542e+01,2.648576102628853590e+01,8.699248151119443051e+00,2.172493183477995871e+01,3.831850553380822078e+01,2.357426853091669727e+01,2.465149354710376528e+01,3.752370587469894936e+00,6.872607449382859279e+00,1.008351725921805553e+01,2.397619632938236123e+01,1.867300697081886796e+01,2.566175107760300733e+01,1.994369640599401095e+01,2.550796374292325908e+01,3.741566844813572601e+01,2.151984761915980826e+01,1.106835532913063069e+01,3.358516568209200415e+00,3.764485246771386961e+00,1.389491165308265863e+01,2.432603907101456642e+01,2.030225191749679414e+00,1.496432109620907802e+01,2.067638004990870471e+01,1.804243302547769190e+01,2.411953467893028602e+01,1.767606307999731285e+01,2.418176474519817987e+01,1.473210383623769992e+01,4.051216070403928171e+00,1.889807977839933173e+01,3.567325295911211924e+01,2.163349824807698774e+00,3.273481535978653056e+01,2.660973263248219922e+01,2.003279568701283964e+01,3.935586365853205848e+01,1.784858672719406059e+01,1.336691939941411889e+01,1.432500309982849451e+01,2.293445983212129846e+01,2.585970094505488248e+01,1.578743039641038948e+01,9.260515790435169592e+00,2.304068110703803995e+01,2.668268309911976033e+01,3.757684658671959710e+01,2.678494453241660977e+01,3.187303935108280228e+01,3.627313686362739276e+01,1.459707189113922610e+01,9.574882268886645065e+00,3.102747903463859558e+01,3.295044696670838213e+00,2.181858868691891473e+01,2.764203676044770930e+01,2.520435766956707013e+01,1.068913295114594675e+01,2.626764366587773480e+01,5.156617756773730576e+00,1.619671001742862870e+01,3.274230247938529459e+01,1.351983634358623121e+01,1.926189588174070622e+01,3.649953276728545859e+00,1.266049589088129501e+01,3.038354120150939508e+01,2.152234217327647059e+01,2.971963037778143635e-01,3.101256628720132369e+01,5.067467434796715686e+00,3.118179299250103043e+01,9.863748627477946229e+00,1.863206661067663106e+01,1.141672285837622702e+01,2.275099516505014208e+01,2.538793327871195515e+01,1.771042582434332502e+01,1.121340912433546499e+01,9.686197055685379809e+00,2.992837546693985828e+00,2.629380669234945600e+01,3.206814951274653680e+01,1.859587784048910208e+01,1.561782901691328007e+01,1.109975070309779355e+01,2.325333455347704614e+01,3.734646660569744370e+01,1.937220014504879373e+01,3.162726772679107512e+01,2.439299732052722547e+01,4.014231858968521038e+01,2.064643751092417290e+01,2.797774706275250267e+01,1.628706525870440913e+01,3.687971119577323265e+01,1.853374211737181199e+01,5.239442700740600145e+00,6.514747710139930703e+00,2.880897630304119161e+01,1.260568297401115245e+01,2.064589580765142074e+01,2.419853192665330965e+01,1.507129688498556774e+01,1.369192861334631317e+01,4.404186629837239408e+00,1.457008054995024082e+01,3.261772027149489617e+01,3.225243071690158558e+01,3.507303338407409399e+01,9.525933035431286555e+00,2.572430803739779392e+01,1.938482760201053523e+01,1.919328577568756344e+01,1.248334531610956333e+01,3.745720716292757402e+01,1.479391428703429323e-01,3.282261186268352304e+01,6.375823212183553856e+00,2.787666744995576806e+01,1.174741196268278465e+01,2.277036518901697804e+01,2.482411413254278543e+01,9.744373076769702990e+00,3.326541080687196228e+01,2.962750498051176606e+01,9.415871666583932154e+00,2.045408921544431635e+01,5.585794381376296691e+00,2.113230381986019779e+01,1.152533337292778626e+01,2.731224513795164199e+01,2.514285078972839482e+00,1.636275894043415846e+01,8.794759073815493267e+00,1.518505307240402757e+01,2.655307858896203754e+01,2.332704206350732434e+01,2.336588416469908225e+01,1.815635812040714470e+01,4.558593866485637136e+00,1.254330644824241858e+01,1.987286467892634079e+01,1.098259729771100801e+01,1.545158752159263571e+01,2.313323917156211351e+01,3.124115762950616926e+01,3.050255495983636678e+01,2.265704305063175994e+01,3.833560364874514903e+01,2.857838763922588399e+01,3.459270161131614429e+01,7.807601764702021718e+00,9.224493849494699305e+00,8.566349413424251935e+00,2.402418971933136405e+01,7.653491876779862757e+00,1.316216340194369749e+01,2.490136470437271754e+01,1.451386205365256288e+01,4.093826275992745423e+01,1.916046988126363360e+01,1.833227866755282065e+01,9.118035988370166933e+00,2.274741018203942389e+01,2.957448169663960869e+01,1.471209394477092047e+01,1.514892439883998954e+01,1.824110472363277324e+01,2.078333341830581915e+01,3.370666800366737270e+00,1.399319283457277052e+01,1.575155917502591940e+01,1.082885066234266880e+01,9.389040673140582882e+00,8.374096606641833418e+00,7.668332452402923494e+00,3.098887589187808800e+01,1.924388302498063252e+00,2.659304365199208320e+01,1.768118041162382781e+01,2.574863316765280885e+01,2.977464783578001928e+00,3.265131149961575119e+01,2.500431679484159986e+01,2.211920652332305792e+01,6.168932728802553278e+00,1.849946843826324994e+01,2.334118514207826678e+01,2.830490116551763080e+01,2.247575636568723212e+01,8.148192948546389758e+00,1.433927468231061297e+01,3.625032888214734328e+01,5.509003572035757301e+00,4.617617307377595459e+00,3.492264190563596493e-01,1.861020951191812856e+01,3.710701047366037120e+00,9.371826761461500510e+00,1.662949053537174038e+01,2.507512124347173810e+01,2.398290001989425591e+01,1.145602303489227580e+01,2.286555205043007533e+01,1.308446595319588646e+01,3.051776477797971054e+01,3.458876067621034167e+00,2.824250597324569867e+01,2.040173674005803761e+01,2.341979250596459394e+01,2.074279632646294758e+01,1.090504912933312021e+01,3.560367547259843235e+01,6.254159776068310528e+00,2.592883889693713328e+01,3.413909593154087929e+01,3.359690456044337026e+01,7.738434124636742517e+00,2.659650636998236806e+01,2.576210176240503813e+01,9.567028792012020944e+00,1.947795659345700869e+01,5.041231382386017756e+00,1.921640710904327065e+01,1.360168357091195368e+01,3.281380094950560533e+01,1.136668476688164509e+00,2.205962145599472635e+01,2.804431489832658286e+01,1.399870543159593339e+01,2.655173011459040211e+01,7.964619036427333043e+00,2.124450165365616883e+01,1.311855478558231169e+01,1.078925951634031577e+01,2.651502764488756370e+01,3.419523447223380686e+01,3.138732712832665861e+00,7.490301788239098535e+00,3.054275666684425161e+01,1.045858458310958028e+01,1.243666604611684434e+01,3.224936940070650593e+01,1.589669938232521673e+01,2.623133675291844824e+01,1.851366762532160593e+00,2.553958199298792664e+01,2.444831148240037777e+01,1.741435873436156001e+01,1.535072532450840299e+01,2.889933729008291152e+01,1.061150488424466687e+01,3.913618545447185681e+01,7.200744743774848189e+00,1.840302091628924330e+01,1.579148593862860750e+01,1.628160806057850607e+01,2.194445226281885652e+01,1.543682871866531414e+01,1.727184498079164854e+01,3.020266200578348759e+01,2.569612213898170694e+01,2.806948963193751467e+01,2.948630813008676554e+01,4.188863511454235322e+01,1.717745955144515335e+01,1.511913841362101785e+01,1.997339608951070744e+01,3.970283640574433548e+01,2.539260612329690048e+01,9.616234654260093606e+00,3.023552865062188033e+01,2.767172982669953640e+01,1.196862525130793209e+01,2.392974525444546430e+01,1.506266710041086831e+01,2.407590137625723870e+01,2.276413776709999937e+01,3.613179815182708410e+01,7.011130147325734363e+00,3.927693421371638749e+01,1.290249250811528547e+01,1.093399942980692785e+01,8.986026446328066797e+00,3.134511937756171562e+01,1.529247925174533762e+01,1.441874129762609869e+01,2.671698665553796559e+01,2.378042235478469379e+01,2.210522397762713354e+01,2.787244443262626881e+00,1.516156586850776122e+01,4.027001551805003032e+01,1.181646651424346928e+01,1.052980911972701783e+01,2.062155388777484433e+01,2.665886261226672360e+01,3.059722813641108985e+01,3.021384086956024362e+01,2.357754326473560624e+01,2.741924933908407880e+01,8.582609056086852206e+00,2.162940083020829718e+01,2.415249855670728607e+01,4.622756823257342162e+00,4.040903493537846281e+00,4.457011825434355146e+00,2.029808722187840075e+01,3.199955762095218503e+01,2.669363724706805030e+01,3.251715924858118711e+01,3.242245289406524478e+01,1.659431309577408342e+01,3.321780511149163573e+01,3.555973008979542271e+01,2.714631368849652304e+01,5.714972157727023827e+00,1.134616026295459079e+01,1.291878457762895493e+01,3.410877421141356791e+01,8.563073840736702635e+00,1.519921228583130812e+01,1.695489405646083725e+01,2.254257201014880607e+01,1.071528220677010168e+01,1.407004707810544630e+01,2.745180928398128550e+00,4.489060122854017720e+01,2.512922199692317093e+01,6.882389534154579991e+00,1.869679098615470636e+01,8.622186572834559470e+00,1.742715121562466996e+00,2.023985228965563365e+01,3.804698719348481717e+01,3.639880392637347484e+01,1.430389301335068808e+01,1.482206277173789921e+01,3.513092877463518948e-01,1.464391886557142008e+01,9.842756687903170487e+00,1.744256926402839980e+01,2.593470053113119889e+01,1.222077167102933570e+00,8.421911518131210528e+00,3.212907392535650075e+01,2.723607378088856024e+01,1.267677929039706264e+01,8.249542761257218970e+00,2.877774820494148145e+01,2.331569880863621336e+01,3.131917126117329886e+01,2.866624716300413311e+01,4.056905194738576803e+00,1.656517378495084003e+01,1.302855387297059053e+01,3.074369997078414585e+01,2.477309942816233246e+01,1.139098236039691514e+01,1.746598232507800219e+00,1.050329930657297339e+01,1.643121866832182931e+01,8.753334468593152451e+00,2.175438928416213002e+01,1.885884793013790528e+01,3.916578382663255553e+01,1.550164110327907707e+01,1.554573462854006571e+01,2.980923777132000296e+01,2.928591183311765889e+01,1.040539737163192413e+01,7.957547459012889846e+00,4.393560493032067882e+01,1.889521010665358602e+01,2.232300685974148990e+01,3.231751488851054432e+01,3.971396128480954957e+01,1.166228989513272651e+01,1.353680794210746718e+00,5.245423683799076642e+00,2.307749634997558275e+01,3.302283649825615441e+01,2.945202953640598054e+01,2.151158155016390339e+01,3.152151609543889421e+01,2.372517529240180778e+00,2.459962748391825826e+01,3.488070929389053276e+01,1.918369767610538901e+01,2.833257213210183778e+01,1.806113661734600484e+01,3.655498175242784242e+01,2.128079280278450014e+01,4.487297481934289678e+00,1.844221023765411971e+01,4.061053141599280281e+01,1.578986123131851294e+01,2.225201427419190026e+01,4.335874217061532221e+01,2.718785884165025379e+01,1.245013476974954258e+01,3.006836132312781373e+01,3.206833482378304012e+01,1.934285467973519301e+00,6.284152015380076506e+00,3.092268279972554978e+01,2.244843993954260242e+01,1.934424972702965917e+01,1.217704421127674586e+01,1.002219193337317726e+01,1.005525095973353800e+01,2.603334929918552731e+01,2.177143413567419472e+01,1.146608848856230800e+01,2.477751760025043382e+01,2.092002308286794943e+01,1.765346133531106076e+01,1.066912668952779003e-01,3.500977483191471151e+01,2.258647060649074945e+01,2.247297198684606556e+01,1.336199501864292749e+01,6.491720942665494931e+00,6.951268234432591342e+00,1.504817837913940437e+01,2.857623464068195318e+01,4.052471812489343073e+00,2.300751734319681052e+00,1.174569622820716930e+01,1.169375364710545995e+01,6.679674631780537553e+00,1.175553200107678720e+01,1.141853499033374142e+01,2.905966866302541973e+01,2.340349400949695280e+01,9.622532178154520111e+00,2.093663245545666740e+01,4.162209971606448278e+01,1.730027597550641616e+01,1.292769853303246563e+01,1.045871704201115193e+01,1.679580979929166062e+01,3.150205626192258190e+00,2.452470219149701691e+01,1.155632356343099865e+01,2.265274391790293151e+01,8.057955153213587352e+00,2.379253706871161889e+00,1.728655953748158680e+01,1.119112439932072078e+01,1.591665858012965629e+01,1.060720494085543564e+01,2.664301656063788215e+01,3.991401023481944588e+00,1.989402652969662455e+01,2.016341297773807995e+01,1.171240047619727953e+01,2.662853855108834011e+01,1.882117847035562619e+01,4.159306026184889760e+01,2.794965760151884027e+01,6.603006236991737499e-01,9.471964305824464248e+00,2.039916142325336068e+01,2.912447809440578794e+01,2.424113964930317522e+01,1.166044074416481280e+01,2.598279049319940270e+01,2.489321085942923872e+01,2.946036776439597560e+01,2.676012312968838103e+01,1.367473096801087351e+01,2.249256954800315000e+01,2.658067320350755480e+01,1.913230235956521952e+01,2.079812866221322665e+01,3.724615498831706617e+01,4.582149675108637688e+00,5.331115715797135834e+00,2.404523358500530605e+01,1.940263466882753463e+01,3.320220742261852820e+01,1.763535563147273422e+01,2.222595620927307536e+01,2.131900728325084060e+01,6.669864661096682745e-01,2.133051830592648557e+01,1.469981941288856575e+01,1.506472267551583144e+01,1.271881353439489937e+00,1.163928749056008272e+01,2.749778280857263368e+01,1.292924912450474828e+01,2.718440990377935407e+01,1.308345198176988022e+00,3.948433293897979723e+01,2.629375285158993236e+01,2.538407979343131871e+01,7.499216987901482945e+00,3.029375533362849282e+01,1.085573636137479170e+01,3.882529615167278791e+01,2.862927372816892557e+01,1.476481621389311449e+01,1.012753475028905470e+01,2.286985620128107399e+01,4.422549585555104912e+00,2.375411057208062005e+01,1.159776221051049561e+01,2.042390373098452727e+01,3.467521419134190541e+00,1.863905305669966594e+01,1.061257113592675516e+01,4.206025057915885412e+01,1.445854057738849363e+01,3.486652063884739761e+01,8.374441170463294171e+00,7.208204248920204726e+00,3.182232858929772590e+01,1.691368042292895879e+01,3.019241179860541990e+01,1.010324175809507530e+01,1.207780351955879183e+01,6.396367621206653808e+00,1.340661827699314657e+01,1.120166483885004105e+01,1.140039258172612691e+01,3.567862358470277684e+01,3.061177699061391166e+01,4.029015488094981379e+01,1.968086924666322446e+01,5.854030768870671864e+00,1.231261598686358738e+01,3.633899357197827129e+01,1.280220265346302533e+01,2.234166636579457688e+01,5.308049749956868624e+00,3.072147531628108652e+01,2.651833540963211178e+01,1.415711965433612818e+01,6.305668091572098177e+00,8.337542471405814837e+00,2.735422008700736285e+01,2.428599255822794589e+01,1.460077490717358373e+01,1.111810488056562463e+01,2.145332037175186102e+01,3.768790233372241261e+01,2.066903546657959367e+01,2.936014395656042097e+01,1.456782198328944489e+01,1.660450328494789574e+01,1.575221208128336770e+01,1.412335433194286693e+01,1.813945614549746210e+01,2.337979743653862386e+01,2.664610229200417990e+01,1.469661018126311269e+01,2.532153382779452500e+01,2.860614871374776413e+01,3.888841205913340104e+01,2.829655717659860414e+01,1.421520238868370001e+01,3.563340171756401986e+01,8.136920390484915444e+00,3.576746963373973642e+01,2.552009163990308416e+00,1.071875842696979575e+01,2.669666565787569823e+01,2.618992206022519298e+01,8.542939311150899329e+00,4.023519334701568084e+01,3.407147536063271787e+01,1.185788417688135610e+01,2.712812147177905331e+01,2.409211821186685043e+01,1.654124360288701112e+01,4.295740122143550366e+01,4.825317073299728143e+00,2.854903451896595357e+01,2.950428297233973396e+01,1.371176859470869935e+01,1.068160895929026033e+01,2.508108385271112439e+01,1.943144420461590016e+01,2.266245401532991721e+01,2.044340416276111227e+01,2.303625013925634235e+00,2.176862757747494115e+01,5.275130745030569557e-01,2.482539509640062292e+01,1.986023774904024108e+01,1.293095294069735424e+01,3.061717418866742335e+01,3.416744734330156064e+01,4.974882283065348965e+00,1.646756448111355553e+01,2.644182115752817452e+01,2.610344689464677970e+01,1.419627166597198453e+01,1.652871986761601875e+01,1.033764305483382273e+01,2.895836833660418819e+01,1.747800879674711538e+01,2.420539053947477015e+01,1.494864720011671011e+01,3.006145854657962602e+01,1.531641797773557201e+01,1.455937808877784256e+01,1.759414093035389470e+01,2.730952954182198411e+00,4.010921753749607177e+01,1.586255376414075435e+00,7.645613655333201031e+00,4.462544292156341896e+01,9.463425273587990461e+00,3.566973506150201700e+01,1.407673093815915155e-01,7.352729640902362362e+00,1.343983749615591528e+01,1.329272848400084683e+01,1.628064127737507860e+01,2.299705174134519226e+01,2.413525007379109155e+01,3.097871883283904637e+01,9.971812010311767338e+00,9.466213809418338343e+00,2.710338430695426126e+01,2.338625585008531260e+01,4.131460972416418542e+01,3.077855182265492218e+01,1.529999008487167522e+01,4.546318757034179647e+00,4.273992462580234530e+01,3.399108821127234137e+01,1.380986760500436183e+01,1.557476948271824391e+01,3.412396898917620547e+01,3.399950544581439971e+01,2.328603936002184938e+01,2.280853306524227264e+01,9.720586150701922890e+00,3.221796969551737533e+01,2.631899869244301016e+01,2.357588910531189796e+01,1.720100127475656038e+01,1.569870125096429092e+01,2.059409197927398694e+01,1.624053043019124232e+01,2.345085955145390955e+01,2.758300110584111309e+01,1.517110689559497771e+01,2.716896566357107901e+01,2.639308559249377595e+01,2.228252655088630974e+01,1.037781061491910428e+01,3.835113660992398366e+01,2.316458367151584241e+01,1.235460101594501836e+01,2.650435690195409322e+01,3.077378845907641747e+01,3.470051791327684043e+01,3.650119938566613431e+00,6.411667040948445084e+00,1.800905714806305369e+01,2.001320233142914518e+01,2.901241420479626498e+01,3.282427869043542046e+01,2.187698978442222852e+01,1.548182334076945565e+01,2.186732285106478813e+01,8.825353050774713992e+00,1.383242302395938772e+01,2.986900225760235372e+01,2.526346965009117085e+01,1.439596910414307906e+01,4.738558129888104276e+01,1.471066034810523959e+01,3.842752771643660736e+01,1.561306773315049767e+01,7.724394833456430298e+00,3.653277261791088915e+00,1.427194298097727554e+01,2.150857973680091106e+01,1.994588214841483165e+01,9.196282958140736596e+00,2.709328326988696034e+01,7.832837643184706877e+00,1.789206973842496495e+01,4.125829173447518095e+00,1.479710655116921103e+01,1.770955421753660985e+01,6.247900263683749955e+00,3.186152907526039968e+00,3.596382342822707301e+01,1.632457152741187656e+01,2.774865856816686005e+01,5.051773290215279211e+00,9.203890378147034923e+00,2.365161358304603567e+01,1.931673327061568557e+01,1.341028252878354721e+01,1.075135960387664902e+01,2.235037709505095194e+01,1.396071814652881216e+01,1.345924012097353639e+01,4.321167004854228111e+00,3.163686678504236838e+01,7.691958677240217312e+00,5.935404812937229657e+00,1.221697266481086075e+01,2.119508359611307569e+01,3.734383991818419446e+01,1.394235233528983109e+01,1.373698218318820530e+01,3.412160097725042363e+01,7.521662432619342198e+00,8.207765127064595156e-02,2.313851760296130777e+01,1.060045358931795789e+01,2.715688273379813467e+01,5.659470258866178938e+00,2.117746224923566789e+00,4.906090005366717577e+00,3.137807690870092259e+01,1.672041324652682093e+01,1.381862729558130987e+01,1.551554582446526886e+01,3.100450374886760940e+01,2.234034898345321540e+00,2.431330849253986770e+01,1.859083516959352167e+01,7.027743563730297183e+00,2.065976315500690319e+01,5.036058928806816937e-01,1.057838301571587181e+01,4.212347232729662494e+01,1.568307428386208890e+01,1.689732728700281017e+00,1.885384448046931283e+01,3.038562785822396606e+01,6.575688286676417249e+00,3.308898326343119756e+00,2.291955539998339475e+01,3.552449180825149710e+01,9.230165677618781928e+00,2.564432408589044243e+01,6.717637544844063058e+00,3.093708598606368199e+01,8.613892138132072773e+00,2.742854828950915547e+01,2.854618592341596894e+01,9.626927629605235737e+00,8.965626408147507220e+00,3.537287534565155056e+01,1.355601465449132270e+01,1.331523025775210867e+00,1.853050733764317570e+01,1.007429934708104824e+01,1.555853669731074618e+01,1.502289064577721156e+01,1.927518995165180016e+01,1.841227842666632242e+01,2.281838938490407642e+01,6.822636477842468850e+00,1.364040679069474393e+01,2.026425492129064310e+01,1.819776358643837710e+01,1.192708758054466678e+01,9.301703050331031619e-01,2.386809078610325940e+01,8.855723107629890123e+00,1.806998523350474173e+01,4.281677893986077788e-01,1.151158015297198922e+01,1.342103596721339720e+01,1.063865622130876964e+01,2.192170120698097335e+01,1.863094769487520708e+01,2.915881815666431720e+01,4.730618612965272196e-01,1.047321546250276825e+01,1.465976814053652078e+01,2.729370598577972373e+01,1.459614259828383886e+01,1.862687301567891751e+01,1.368108860346723432e+01,3.831886940218811599e-01,1.717104217094017216e+01,1.525423026560858553e+01,2.009594051627963651e+01,5.857248463340492428e+00,3.791848993910782895e+01,1.600676884029168079e+01,8.882721530929931220e+00,1.186890704847716904e+01,2.427030934017561492e+01
2.293012132479562837e+01,8.291206915209331285e+00,2.208342216976421923e+01,1.441787118637570941e+01,1.718334036252371533e+01,4.155862524531895019e+01,1.015377280265532711e+01,8.972609575679967975e+00,2.828003153879470588e+01,1.599268352227448808e+01,1.768214429208221006e+01,1.252890327125526682e+01,2.417001325716901050e+01,1.171639202085873777e+01,5.089140806723811750e+00,1.114308475537350063e+01,1.527886149194339538e+01,4.395286881248779309e+00,9.224343483486245887e+00,6.210358443941673023e+00,2.340480369065893029e+01,1.629858462720430978e+01,8.289369704313106269e+00,9.663163009042907703e+00,1.056692230450838110e+01,6.382875810651406745e+00,5.694981599430703589e+00,3.356035327467029816e+01,9.992903515204361042e+00,4.642124272378066685e+00,9.706399780147794587e+00,2.672860445185308365e+01,2.332019079142669682e+01,1.504764311589243242e+01,2.302417613533593510e+01,7.055292279290919844e+00,1.372202547955325613e+01,3.915783270739793487e+00,1.688913446383770989e+01,5.284230326797819011e+00,6.862598029442938952e+00,1.033468417635689818e+01,1.796252476172115209e+01,1.956408529855778156e+01,2.360413609738862206e+01,1.843238746741703693e+01,2.658868193026863480e+01,5.432975552518262141e+00,1.986650440929418338e+01,7.816202044904417556e-02,1.449746619017057192e+01,2.260625444578433729e+01,2.076809459185149365e+01,5.435313168075582624e+00,4.459571068702982366e+00,3.139070049928313466e+01,1.860421564565123020e+01,2.602852167175914389e+00,2.741392673013799453e+01,7.778765621983403378e+00,1.980654843876704874e+01,4.951087406067293806e+00,7.215196443816144445e+00,4.495268178594977293e+00,1.717800409525687755e+01,1.850344518079674216e+01,2.585836116259829609e+01,6.970032768658702693e+00,9.326787483536699952e+00,9.967822902379211314e+00,1.882772491081237121e+01,1.001334280058922133e+01,3.091058420152197783e+01,2.027505363235168190e+01,1.312801175480127824e+01,2.347152337292923718e+01,4.302291018327279559e+00,1.372409280018690048e+01,1.905119697433530845e+01,1.762052244818677949e+01,1.360307215471005549e+01,3.672703150195636823e+01,1.504079614334183823e+01,1.464022144922230240e+01,1.632643648587934848e+01,1.086902552585399029e+01,1.233950711097876152e+01,3.597707189193167210e+01,2.845316039175705214e+01,1.293172439321441480e+01,2.665707141569634331e+01,1.498739928673916033e+01,1.862669990010127918e+01,8.159757545201587803e+00,2.365404820645143147e+01,4.006713759824100940e+00,1.502660054418706714e+01,2.409265516136944285e+00,2.296683952927885031e+01,1.515515922914476654e+01,9.249364418906555585e+00,2.572336500707696771e+01,3.675419224063766754e-01,1.000947035001869212e+00,8.276105157527338108e+00,1.330831752858167860e+01,1.358170687273065624e+01,8.899252953388911536e+00,1.735299894345800809e+01,1.992208972800916555e+01,1.271285529125582769e+01,7.306458445167582916e+00,2.762633935914034922e+01,1.058212666585594341e+01,8.537550642352627506e+00,1.273561485959561423e+01,6.553096744509030458e+00,1.107233582335545030e+01,9.389622751323663863e+00,6.594309060125502775e+00,2.800132650280311353e+01,3.629576918354090243e+00,2.590142701787277701e+01,3.037227924960412651e+01,6.650395296642299670e+00,8.063899291677028458e+00,2.153252313810706298e+01,3.419066666185140768e+00,7.135671749038213107e+00,1.241887322259112558e+01,3.442742227095590124e+01,4.959515363287059664e+00,3.286151236402778064e+00,1.506305964065218106e+00,3.362731394460500667e+01,3.345726277665231407e+01,6.064802562390314122e+00,6.261509706855037827e+00,1.169485991883792231e+01,6.708109967286042696e+00,8.278556112580870874e+00,6.978305619638581980e+00,6.931143071384202159e+00,2.032302719299233229e-01,2.755644037828673376e+01,2.531786377794518472e+01,1.377796913531881096e+01,2.368922075903055458e+01,1.966242334387599300e+01,2.320140596321265747e+01,2.541909887366227849e+01,1.828119489471426107e+01,2.273716275723564806e+01,1.568802772038152327e+01,2.801930071248780152e+01,6.574563717389667161e+00,3.271556242620868460e+01,2.224882078049806466e+01,1.304431367726621360e+01,1.715724179923532589e+01,9.863087731319202689e+00,1.228718120101911992e+01,2.488770650801252771e+01,1.333423034934992479e+01,4.325751449834525175e+01,6.462897853182925090e+00,1.847022547917664781e+01,2.182641466094559846e+01,2.891815734120204873e+00,2.051673429838778873e+01,1.434010262567845828e+01,9.265036103342882967e+00,1.732669482392866200e+01,7.956985456834060333e-01,9.862441327380873091e+00,9.386885971207819424e+00,6.835780600776799609e+00,1.979263974012683036e+01,2.359245038743063461e+00,1.258402760227194328e+01,1.220215771593366760e+01,8.427476541881349092e+00,1.985365151139487949e+01,3.168153152954195639e-01,1.445348239697788806e+01,1.510940692777995942e+01,1.801134566933394154e+01,1.420067749129999157e+01,3.352586235618979771e+01,4.659500468194196721e+00,1.750404140275811571e+01,2.351962394130615053e+01,4.227039238767965834e+00,1.196916703557214134e+01,1.705075177979408707e+01,2.563681930667052811e+01,2.253858887943688671e+01,1.269114442716442070e+01,1.890991492768296922e+01,2.600375148939355086e+01,2.544777884379910926e+00,2.101271602014881168e+00,1.221369553397468977e+01,2.174211830262843925e+00,9.624932492397993755e+00,1.786102095629133191e-01,1.361580190883206853e+01,1.559707338438891000e+01,2.233870490118377816e+01,2.349757232355122838e+01,1.616332312234938584e+01,2.749412729472113792e+00,2.918842358424677386e+01,2.257988772447623749e+00,3.556088752836927114e+01,2.153466743279174622e+01,1.548225643972640420e+01,2.097632930159429776e+01,3.836615681161015701e+00,2.680770985702413611e+01,1.204791775844987711e+01,1.027293976700106803e+01,6.085364351577579045e-01,1.617233245392601759e+01,2.883366123056096697e+01,3.214896444073031745e+01,1.912999980361296082e+01,1.827368137406571336e+01,2.507745949735118884e+01,6.676145618852434183e+00,1.911610349180593005e+01,7.067088860879704448e+00,1.281575480834939640e+01,1.555967688379918812e+01,1.472994452592035053e+01,3.948463751432279345e+00,2.483146777314246378e+01,1.529830278358209128e+01,1.151725860495308673e+01,5.597069905544455715e+00,2.862487907531194864e+01,1.682801260009637190e+01,3.443462805384103120e+01,1.295232450732431140e+01,8.071717559605190218e+00,1.199337062995447667e+01,7.270551751540890173e+00,1.237488384158934807e+01,1.261933506624754031e+01,2.561963571630374137e+00,2.264752335945127371e+00,4.540031865824595059e+00,1.312930196683022288e+01,2.362053631705754331e+00,1.158102330881229669e+01,2.091786311793816910e+00,1.676086874870604504e+01,6.871806745558041385e+00,2.343100696363240587e+01,4.314406917045876533e+00,6.355463320731236543e+00,4.208623543997969563e+01,2.364768259619905422e+01,1.281385196058507958e+01,2.297863299321644348e+01,7.127172681702604429e+00,1.658463770543228577e+01,1.701681579931881316e+01,1.757675395390122475e+01,6.052329214705586047e+00,2.591297932073656085e+01,1.233981363393074204e+01,1.647563814980894392e+01,1.393714058671710809e+01,2.077623637450750493e+01,2.686256828483008974e+01,5.690599746537988501e+00,1.738922769467883001e+01,1.270041019569180563e+01,1.707330358444967189e+01,2.084862753256441081e+01,1.264371854967899722e+00,8.275091522851250048e+00,6.842897834289356496e+00,9.454111575968193293e+00,2.186273436791221414e+01,1.079259645885819552e+01,1.695052403463543911e+01,6.333236218879950030e+00,6.393868706661510970e+00,1.003824069891328286e+01,1.923345864500086932e+01,2.171214630894455411e+01,3.104237691271350386e+01,1.248162598305410098e+00,1.270480361427105898e+01,1.809854532263954141e+01,3.050735676608826452e+01,2.197278422276117738e+01,1.437663539336167950e+01,4.479308813592159488e+00,1.057291147054224467e+01,2.713573014703678155e+01,9.355547298044550431e+00,1.775155194388714719e+01,1.585516384790921407e+01,1.198088075480138670e+01,1.618086448722588244e+01,1.575076794620120602e+01,3.638157389132759789e+01,6.742100880570731647e+00,2.132694029829741922e+01,2.059291545822683744e+01,7.967926674697924483e+00,2.169855732858819497e+00,3.742287115205658665e+01,8.649149555138217593e+00,8.248608058758664541e+00,3.099423093473018298e+01,8.671273344072288225e+00,1.793475162365257347e+01,2.219350021506032178e+01,1.017328728274428862e+01,1.969794415207609362e+01,4.284153489637615664e+00,1.522956424825600585e+01,1.334946911669074332e+01,1.302238170753342850e+01,1.973513130231695456e+01,3.003548183627807688e+01,9.140638499612890655e+00,1.172204638818424627e+01,2.314814364534559132e+01,2.294203461044054393e+01,1.542183816002252605e+01,1.573639996376899752e+01,4.387199470256824441e+00,3.736313683686046971e+01,3.157643983399490040e+01,1.446282349511241883e+01,1.702514671180443173e+01,1.727036747199689870e+01,2.627576037438162260e+00,2.697682614941323109e+01,1.775840827849610903e+01,2.493468645367931558e+01,3.224858315812648257e+00,8.759343032393504203e+00,9.219168673651960688e+00,2.013860757773337440e+01,1.678586032946793871e+00,3.061248424638258747e+00,1.728902194960352645e+01,8.110171961112223826e+00,2.383948824002779787e+01,2.918235587057700897e+01,8.151134716174018635e+00,1.550667772405512501e+01,2.048507940511258241e+01,2.191899847929266087e+01,1.085281440022655985e+01,3.021836730457102149e+01,1.372342002952185069e+01,1.004457550979510749e+01,2.251672461444863060e+01,1.171583850126370052e+01,3.789486955041496241e+00,3.285397608495216559e+01,2.139027134695463772e+01,1.007135869141059992e+01,2.225010467662993818e+00,2.507084900981528364e+01,4.234523875677270510e+00,2.397249868260332661e+01,1.209749599280576149e+01,1.901758585999556317e+01,3.240621499712460007e+01,1.285281417715716579e+00,7.000096210451453693e+00,2.802483366327419390e+01,3.659716974941088719e+00,1.619110310257878282e+01,2.599344150918599894e+01,1.076536008333453864e+00,5.077444114555418331e+00,1.898770958851903146e+01,2.546336901584658463e+01,4.916909401767490806e+00,3.378237811000793300e+01,8.522285497535541765e+00,8.555996367927868107e+00,1.381572617815218074e+01,7.336715079492563518e+00,4.637820824340132653e+00,2.785853327194082141e+01,1.792719508950296259e+01,6.088417523825899735e+00,1.559063590095851204e+01,5.610765512756794138e+00,3.973267106287082129e+00,1.467787016137017275e+01,1.316621844808924457e+01,1.330622096772649066e+01,1.523734555254502077e+01,4.053763832525840272e+00,2.586051602116801718e+01,1.807505363967718637e+01,3.073583201658047415e+01,9.680178988559577036e+00,4.950530921130644302e+00,1.936489549384191733e+01,1.813615663397447264e+01,2.097392230838583416e+01,2.732216715285347419e+01,1.371661076053911188e+01,3.974187733648736343e-01,3.154461478174778399e+00,8.980720599902788592e+00,2.808478140943679868e+00,2.592831264105120326e+01,1.884561761877939645e+01,4.520663179876311055e+00,1.087048388652871900e+01,3.318046780855088684e+01,9.340725739825927576e+00,2.300623966122314457e+01,2.459465711016269651e+01,9.201444174975195622e+00,4.623141079442886436e+00,2.437054124188954418e+01,6.713082847582150237e+00,2.518917917569119069e+01,1.608628248497269553e+01,1.348838418433118846e+01,1.532476247183049622e+01,1.680176886752284560e+01,1.473450285896505818e+01,4.916311958500113377e+00,1.595386758985798847e+00,1.215349135513591072e+01,1.171828942836135923e+01,2.291824369986889920e+01,8.070541164248220767e+00,7.211894925591866290e-01,2.369698141919664636e+01,1.345969939032114127e+01,8.296216403989618016e+00,2.298706060409590535e+01,1.778742384814427879e+01,1.703691158565199260e+01,1.243433394948352166e+01,4.993161922595744429e+00,1.419783170215135293e+01,1.261362691173244066e+01,2.535735679947416443e+00,5.514403722388884210e-01,3.509685556404396056e+00,1.808289129420336039e+01,2.589427632153183012e+01,2.187688306126344528e+01,6.023183404695609866e+00,1.963321462864147549e+01,1.155791775067991267e+01,1.988163520865149891e+01,1.312636849406318973e+01,3.601253893259824590e+00,2.667454727140711412e+01,3.624968291492635331e+01,2.696370734055696872e+01,3.618778181293580332e+01,1.421619761530330983e+01,3.307237944868614221e+01,4.795696079838652537e+00,2.401265131507557715e+00,1.221404714156045124e+01,9.554737451345078014e+00,8.532227504846620292e+00,1.383954968792282259e+01,2.327346146867300902e+01,1.960814384565831503e+01,1.271703170088232859e+01,1.069769077575738869e+01,1.331268462957274856e+00,2.195401770301483779e+01,3.143112996932597158e-01,7.011586769756883442e+00,1.889180105390635944e+01,9.235471036070359574e+00,1.650859878623314714e+01,2.482733702226249761e+01,3.139855025597872284e+01,2.169100801502595743e+01,1.986415207351311452e+01,2.318398370993759627e+01,2.199224125345819658e+01,2.179145990691046464e+01,2.763338765344642667e+01,1.032932607563768101e+01,1.443794188074705831e+00,1.674457762510546743e+01,8.976235312150558698e+00,2.350595040034275485e+01,1.605024615433297797e+01,2.260322605688979358e+00,1.607768011070351122e+01,1.624232926414537559e+01,1.986670852071981486e+01,3.283758041424058582e+00,3.665253782634800217e+01,3.790527683328340203e+01,3.403288728950845154e+01,1.425051666187689392e+01,1.945329616483752133e+01,2.746344614625129310e+01,6.399737214262509966e+00,3.905186182683695773e+00,3.151839730168465217e-03,2.703435985536352604e+01,2.146977941635212161e+01,1.548527454052479335e+01,1.559043466942305578e+01,5.571359329295331619e+00,1.022430765731195201e+01,6.226070613798413866e+00,1.489847516832183416e+01,1.383093175054788304e+01,1.800010942448237472e+01,2.429203903895087890e+01,1.574836959745310905e+00,7.122448138223210101e+00,7.775237008281995266e+00,1.913040985807806749e+01,9.297295109422979209e+00,2.298423445749893546e+01,1.789625106486257522e+01,3.608807468131797425e+00,1.891049989266310050e+01,1.753259292835422301e+01,2.299574452532878155e+01,2.055579208169506344e+01,1.747025122676419784e+01,5.158920529489969375e+00,3.320879861443658854e+01,1.232644087373388153e+01,1.198448729652477596e+01,3.393574266780002802e+01,1.638587677767482376e+01,1.284935775628188948e+00,7.386606260300367488e+00,1.860591308026858215e+01,1.029892917094721128e+01,3.767833509024686833e+01,2.311757814302603720e+01,2.951212804289483671e+01,1.369630859305502923e+01,3.319128510112317088e+01,2.058310698786079129e+01,1.163748056894308158e+00,1.509413518635883023e+01,2.559135679980268208e+01,1.259008928735164190e+01,1.237017100148316562e+00,1.787891253062045749e+01,2.401366116874215706e+01,2.241546149364041085e+01,9.565391978027626418e-01,8.682317679776931030e+00,5.017044247250362687e+00,1.874044389165089797e+01,6.971682949947412666e+00,2.536798149788384649e+01,3.090847961942183630e+01,1.060930713624815880e+01,5.341665183352168889e+00,1.747097159958902779e+01,2.128258507987399994e+01,1.848394000621373934e+01,6.342249225788044953e+00,1.104633593805584013e+01,1.285906370212228822e+01,7.497885162582429430e+00,7.139148556348574814e+00,1.680225482240845736e+01,2.208518666986093848e+01,2.160169822187208410e+01,1.826316448649129143e+01,2.190054237696102746e+01,1.941416891394989719e+01,1.759392080605309872e+01,3.517489828791761752e+00,4.130479864744730278e+00,3.668538922537177616e+00,1.133494198048375168e+01,1.369542087896217097e+01,1.515244208083156074e+01,1.763935220259221381e+01,2.466882615155740055e+01,1.066742343916698488e+01,3.321972850034851654e-02,1.213020654741208482e+01,7.151787783452718372e+00,1.198003172394111004e+01,5.835789434890322092e+00,2.214911205909140435e+01,2.615830934098982752e+01,1.283547360770138646e+01,1.977323081944427940e+01,2.273020649203898103e+01,6.100938015946132609e+00,1.614333964006821276e+01,1.616009838533448573e+01,2.696548752788660508e+01,2.451235397196115429e+01,2.613286338390573604e+01,2.381137571595067115e+01,1.571462862700078178e-01,1.397075809921565437e+01,1.709996297056357406e+01,3.523457123950923364e+00,3.125634536197189917e+01,1.483470898253184700e+01,1.780101016229561139e+01,1.206622879685506078e+00,2.220097772628109567e+01,2.480144031350948808e+01,1.753143229781189660e+01,8.884709706991495537e+00,1.501100142222861145e+01,3.939581498275015292e+01,1.820153876903134105e+01,3.994865479495919303e+00,2.750982103900994247e+01,2.654762925106542326e+00,3.132250473876435137e+01,9.550000120398841830e+00,1.134075603002018084e+01,1.009422968203200627e-01,7.450311904330040313e+00,9.934454047402146770e+00,2.675657908599513846e+01,3.212364136919326540e+01,4.008470817668440489e+00,1.532216761485202916e+01,1.664167140622783947e+01,4.763565381022600853e+00,2.068615394970365884e+01,5.867608800327550611e+00,2.231953284191114406e+01,5.789087724900150889e+00,1.640785760593647069e+01,2.794107026397254501e+00,1.248460718279174708e+00,1.239703746903524184e+01,6.745493874132131751e+00,1.931172071365488208e+01,1.318488245744929088e+01,7.437350377094652742e+00,2.757728940887082203e+01,3.082327403805949473e+01,2.704805144891942348e+01,5.440623630228973440e+00,1.292512330556793998e+01,2.478370530757831247e+01,2.083501424753124454e+01,1.745805961727059952e+01,2.665979962616966858e+01,1.533915816831680523e+01,1.611719941715584170e+01,3.482790111828092172e+00,1.296695552003891549e+01,2.470758431517705844e+01,2.662816390769110342e+01,1.418075681765261553e+00,1.905969734006861671e+01,6.631973878021201196e-01,3.030070950268845920e+01,2.008147072371435637e+00,8.382560292841228389e+00,3.600558739640504768e+01,1.550977892530148772e+01,4.417994055464895986e+00,1.393803360538855785e+01,9.541182361009271418e+00,7.239638127877785934e+00,3.533915036209989591e+00,1.761516922676740293e+01,1.677271827710188035e+01,1.667235106683670054e+01,1.292870769730699010e+01,2.169891258471515538e+00,2.974712242116826388e+01,2.808867356050283348e+01,2.297700169097161904e+00,1.708872862296152206e+01,1.427195001508399841e+01,1.819262137961066728e+01,2.080992121946605877e+01,2.010656265194224090e+01,2.253068306691684342e+01,1.452836871329821555e+01,1.038507127791901397e+01,2.337952362149772867e+00,2.336248158857085855e+01,1.039297757509838149e+01,1.031022199664739780e+01,9.999781283227912709e+00,3.027467064040758160e+01,2.254817179072198030e+01,4.430661777513597244e+00,1.558921782468965489e+01,1.140628682355571577e+01,1.892391342440136981e+01,7.112797254912513800e+00,8.475446552593430383e+00,1.067650351162812150e+01,5.725868931837232445e+00,1.635486918882696372e+01,2.484207404087185012e+01,1.618867761581076081e+01,3.802006426095262981e+01,1.059520250398674257e+01,9.382591083728355486e+00,1.603630992399457966e+01,9.797219574279933951e+00,3.207578721620478746e+00,2.388768905001837339e+01,4.690075477840095708e+00,4.045554334043073652e+01,2.865767136941634874e+00,3.174623428867848673e+01,2.188444787898799149e+01,2.199849148563955303e+00,7.576324616763487896e+00,3.306460690849940676e+01,4.545250946449534091e+00,4.726241110420819069e+00,2.179884818652722345e+01,2.064792136331100281e+01,1.382074170558515469e+01,9.998630512537344472e+00,7.285034607252781846e+00,1.785294831208848265e+01,2.945737489267025921e+01,6.768484313724619561e+00,8.299603696994585889e+00,5.704670327548242881e+00,1.745217914853945729e+01,7.554924932736756027e+00,2.455858350345430097e+01,7.055205718048204844e+00,9.798769948843254696e+00,1.616806567458732147e+01,8.949072186732070833e+00,1.096143826011810773e+01,2.516239139847403550e+00,1.618241236656234960e+01,2.555021191072199471e+01,1.326730088663240892e+01,5.191705880343993940e+00,9.394382128101069540e+00,1.883530346519329157e+01,2.974942041187526698e+01,6.876783061471408942e+00,1.889772128949292451e+01,2.049561841993283551e+01,2.603371229178419100e+01,1.406240440121020185e+01,2.158643388272252039e+01,1.807745188091276844e+01,6.265197244208478011e+00,2.217388800787419179e+00,1.140623359576411389e+01,1.717148500284578461e+01,7.499784518858835014e+00,2.394191850735957061e+01,1.066312309665070046e+01,2.828562839584152755e+01,2.877857295519867975e+01,2.439767394463067873e+01,2.379778994224390942e+01,7.745590665774654049e+00,1.203785078289624799e+01,1.363260776395034668e+01,3.020121563972962164e+01,2.457420811722947906e+00,5.714496592440766243e+00,2.090930105624395452e+01,2.243521139598715308e+01,1.760153960375369309e+01,1.198709532731381522e+01,1.175798094126956883e+01,6.676310120186014885e+00,1.131948636337820391e+00,1.900000055378033181e+01,5.702625438040864303e+00,2.755589536665035144e+00,1.757575634451344371e+01,2.687260567247285437e+01,3.959180395596535895e+00,1.758865307663819211e+00,1.435494649984342175e+01,6.006433587545881636e+00,2.663552549120743507e+01,2.095131534932818695e+01,4.531007883345822052e+00,1.136293952228982640e+01,2.488497157876812338e+01,1.376611449032023238e+01,2.240521587690028937e+01,1.084930056568736667e+01,3.076558775888433317e+01,3.176382497555477613e+01,8.480569662412445808e+00,2.586115721010163782e+01,2.111872162534541530e+01,1.462904760595489151e+01,3.817698805806318774e+01,5.580041215712652658e+00,6.767343167858644648e+00,1.967742099196605920e+01,3.530826874757113387e+01,4.675503688180927320e+00,2.225987987111346911e+01,2.083373830814297634e+01,2.077902652482044843e+01,4.309200508156335374e+00,2.681552907730569402e+01,2.964349002570983327e+00,2.109716689862700179e+01,8.910833844294840489e+00,2.133007969726800290e+00,2.968869861776156327e+01,2.637480730866894874e+01,1.905412560196255356e+01,2.342822446290632854e+01,9.040076927861687039e+00,1.999860431491131862e+01,3.097743592284852454e+01,7.530968706852257277e+00,3.256402739378969358e+01,2.932597404194667945e+01,1.335565487061076162e+01,1.661690964992027020e+01,2.140632932728804505e+01,1.329259102018118277e+01,2.087177360148315586e+01,8.102559625187721437e+00,1.492761139278871418e+01,1.394420337905863505e+01,1.031217468097800349e+01,3.041107209589095106e+01,1.397407296130751675e+01,2.191995638314868700e+01,1.105335650686337701e+01,4.925495196235249118e+00,2.363632793624833539e+01,3.604220964732359089e+00,5.766187789388139251e+00,1.970174717041067325e+01,1.498045930892408073e+01,1.124965398960640606e+01,8.852862843807116633e+00,2.529327538733941694e+01,1.089166353015791877e+01,4.145553365800171264e+01,8.730554087984334188e+00,1.418873518409007062e+01,4.212949436130499237e+01,3.472451539543463195e+00,1.325124608077600286e+01,3.197583775162652131e+00,8.537293022251317254e+00,1.062098240852497177e+01,1.717537981584223772e+01,2.525524140026443831e+01,1.976366864864840167e+01,2.011496674090415837e+01,2.661612429227769283e+01,4.328893627573462410e+00,9.312625139504374872e+00,8.072487646596707478e+00,1.626861405509257708e+01,5.044985950364715421e+00,1.760018966058819956e+01,1.799923089514584973e+01,2.084334935592104543e+01,1.244684175261719261e+01,2.631967893233393596e+01,1.062285047709561958e+01,2.406502856812840818e+01,2.371037120995023884e+01,2.353587931909829223e+01,6.344312120099509400e+00,2.364044385637239287e+00,9.600782402340106714e-01,3.424018312312683943e+00,1.158323425011014152e+01,2.784428780544109827e+01,9.410045809523893467e+00,5.011530035045232978e+00,1.884796302444699734e+01,2.222767288022020082e+01,1.208620768080732510e+01,1.611369032947983015e+01,4.163862835571959659e-03,2.292373808509687905e+01,2.920606484252427748e+01,2.834913800627203884e+01,3.146114198393520667e+01,1.748454666923542788e+01,3.864878837897986141e+00,9.089753836943025078e+00,1.114758431900097690e+01,1.060940280333006491e+01,2.199294630286078700e+01,1.231987712548123781e+01,1.574364090638376013e+01,5.712765031244433800e+00,1.946409277788841763e+01,1.409555722367771935e+01,1.474402091915191271e+01,2.388176917789140674e+01,1.039906491651739540e+00,1.645822963262936511e+01,1.234234881658412419e+01,2.163932344427319876e+01,7.693860933259603740e+00,2.101918014891639785e+01,2.010242480415688959e+01,5.361632461085215517e+00,5.669102649498422686e+00,9.887109845761854032e+00,9.162639420551533576e+00,4.820338761456435250e+00,1.627311873857514612e+01,1.041977421961677308e+01,4.660992948090831867e+00,1.968773863528826995e+00,2.813214641312990949e+01,9.115032418710368844e+00,1.822776657350184948e+01,2.082174090687766110e+01,1.614779831028920043e+01,3.154266223206633857e+00,2.073938271401897993e+01,9.893722822139897843e+00,1.609104755054882929e+01,3.406280314681229271e+01,9.909750030710410940e+00,2.940252166273619849e+01,7.124412807962769989e+00,5.762025673784829216e+00,2.236781273517659585e+01,1.221243176809627862e+01,5.098368241881493290e+00,1.127633907012866743e+01,1.444319427245105736e+01,1.137520944238191412e+01,1.395342506916099978e+01,1.100239076394825055e+01,2.396290128433609823e+01,4.506070137797994590e+00,1.922658118144810402e+01,1.297338678547469648e+01,9.871102292529602806e+00,2.707962350764888626e+01,3.325367884197255375e+00,1.354101197368060738e+01,5.882033668542683280e+00,2.786327929057803843e+01,6.635163213689220463e+00,1.765638249125271031e+01,2.778949725825762584e+01,4.317343325060447157e+00,9.212422277113109459e+00,1.925363772067401058e+00,1.369121163676945052e+01,8.860791016716127899e+00,1.453522632689108107e+01,2.860061771488068949e+00,1.605662541315083303e+01,2.525740165559302142e+01,2.606734226456998726e+01,2.066483159593147434e+01,1.416918111143754899e+01,2.720683458469471017e+00,2.793753772776935040e+00,4.018421677451617313e+01,5.017149914525234067e+00,1.298530949581703453e+01,1.710033791302843298e+01,8.817786183667262634e+00,2.164729606725660460e+01,2.072191624634002594e+01,1.162012205362870709e+01,9.817715243037646644e+00,1.473933251808444389e+01,2.642467377882070423e+01,3.259539458703737580e+01,2.281372008651821304e+01
3.065372995702483649e+01,4.641461262031827850e+00,4.242264248269042248e+00,2.163996500576428783e+00,1.412086925686819683e+01,3.705679630004952685e+01,2.879334727463664478e+01,6.087460156949104473e+00,1.001621866757661827e+01,1.426888688972299946e+01,1.812805675433979502e+01,1.801212970981141481e+01,7.621409663206970553e-01,3.301849827537921556e+01,1.481305480675068331e+01,5.045337074945917877e+00,1.335035683890607139e+01,3.669450085937950945e+01,1.229094021426751304e+01,2.063403209308865272e+01,2.345309837455523194e+01,2.586254310920365995e+01,1.119293363290342569e+01,2.067663871742421478e+01,6.911414298892784913e+00,1.591439967671500888e+01,2.879800747124365756e+01,1.720903665535179039e+00,9.841487563646060366e+00,1.454767310862930962e+01,2.325893076807785675e+01,1.238187975980372890e+01,1.732273221880551617e+01,1.597664224916817766e+01,8.372461428768787073e+00,2.693351171708962255e+01,2.197396907931226906e+01,2.229836027168732926e+01,2.288991780079728144e+01,6.045279847319559252e+00,2.100414424648109790e+00,2.140629116096011231e+01,3.016069542641313816e+01,2.245395097377173954e+01,7.521344610639390638e+00,1.110832848389168781e+01,8.514584562652421695e+00,2.413251895188081875e+01,2.940695476676572717e+00,6.116849715203954041e+00,2.787241116034753929e+01,1.961457529650433784e+01,3.151166800060896733e+01,1.414867493104934404e+01,2.175491345730322834e+01,1.967742155291202977e+01,1.262432808077801116e+00,1.639300148302304194e+01,3.872682722647329712e+00,1.002358615130999020e+01,4.064008302291954422e+00,6.993043177540197775e+00,3.501543328948871903e+01,3.175971301702540472e+01,1.226196709297366283e+01,2.683368564537204293e+01,1.577681445504021340e+01,1.692301865152545304e+01,1.580230108866057526e-01,1.693629108154119223e+01,2.894258606901711417e+01,1.315136640248343625e+01,1.072714088853005121e+00,1.524865789035210639e+01,3.940835133288290493e+00,1.618720179159627293e+01,7.085547968321721513e+00,8.250602568408123005e+00,2.356324251188658536e+01,3.172997739746903179e+01,1.151380942401563168e+01,1.028226868954835105e+01,1.208871615670170740e+01,1.508118715941119703e+01,8.105121165197724409e+00,2.307799957359662102e+01,3.361930329398624906e+01,2.083962139419991644e+01,1.522249667280534524e+01,9.052446507959217570e-01,1.779907822418098817e+01,1.307081206802618212e+01,2.052285656978911277e+01,1.370655702397319509e+01,1.989180052740276139e+01,2.699293289822310626e+01,2.836186360067416867e+00,1.655534291716862061e+00,5.952421640662228342e+00,4.702370447071690940e+00,8.368743337774690261e+00,4.471767296258590818e+00,3.205983003561993172e+01,1.053285968640273040e+01,4.117387821263399417e+00,1.439306493267326914e+01,2.532025975224292225e+01,1.050352075269887209e+01,3.550154217976460558e+01,1.705106194410305420e+01,2.057036712444032389e+01,1.741966029901290014e+01,1.577665921786220693e+01,2.524115150131708774e+01,1.701945873758059591e+01,1.770846475468967185e+01,1.617181480314813768e+01,1.600041025300819442e+01,3.034215561616938395e+00,1.873821137566178407e+01,2.339855856380317078e+01,1.193069386217360517e+01,8.240284068126930705e+00,2.367101771383711650e+01,2.763766862674227553e+01,1.074838351470549114e+01,1.588445356392044161e+01,2.231197131801013356e+01,9.295863549022913119e+00,7.006877549038669883e+00,1.002951812606259274e+01,1.776900062322156160e+01,1.230777276911079454e+01,1.664499915477439984e+01,2.288929419195403625e+01,6.126206866811363838e+00,5.289818682480230017e+00,2.722260010468338542e+00,2.211855342469323205e+01,3.685860260058233973e+00,2.341102456203176629e+01,2.713332524018048986e+01,1.454415846643231980e+01,4.252042963551007304e+00,1.586557390015558155e+01,3.226389785099225804e+01,1.931793512544361135e+01,1.795179851016723660e+01,6.145620234143174265e+00,3.538287652422757645e+01,2.957439277925822907e+01,4.185837987250921088e+01,1.284784484998584198e+01,3.502331904370409887e+01,2.564431888146673799e+01,4.767974095833209525e+00,1.277811275128757984e+01,1.422467837216541220e+01,2.992233985066512503e+01,8.123282949979236278e+00,2.972974562228957396e+01,5.849391561683043861e+00,2.779331900357557217e+01,3.480793196613122831e+01,2.844206451225700505e+01,3.161380042346857877e+00,1.511303941838088782e+01,2.861974436767479801e+01,9.781732830601978179e+00,8.885566082507864394e+00,2.331034227113883261e+01,2.728710445229642900e+01,2.126419927330351456e+01,9.137709897668587544e+00,1.433568481056959598e+01,2.084929025707537775e+01,1.108442295148307943e+00,9.402964909672601124e+00,2.625660599538158024e+01,1.383131953066355990e+01,1.055662468507381568e+01,8.368842539916796497e+00,2.452140662704190177e+01,2.295637852081836527e+01,1.418691023985454436e+01,3.055248601194935532e+01,2.780496498687138995e+00,1.852916137759340742e+01,2.018071529936134212e+01,4.882430997750622503e-01,1.003284029493227436e+01,2.125864784195795210e+01,1.176843271424226423e+01,2.111477096095503470e+01,3.312419151162401043e+00,6.263717852471104131e+00,1.207195910253202520e+01,2.296372492527273046e+00,1.338348568999042776e+01,5.387294855227958479e+00,1.116813551476449717e+01,2.427105902242651680e+01,2.566600658751940212e-01,1.119813891560879604e+01,2.477957082579568748e+01,1.871782163842730995e+01,1.068997476654953083e+01,2.324665740854298335e+01,5.740572582941669388e+00,1.044298606406278118e+01,2.555622178433148761e+01,1.153711702715726339e+01,2.349069294560392862e+01,5.884424747618044460e-01,1.582986607903281850e+01,1.257651338889202108e+01,2.065392238859542573e+01,1.517675160335719298e+01,1.799712965413919719e+01,2.976355871569556300e+01,1.226317659246648262e+01,2.243438817700463161e+01,8.651349045900316170e+00,8.905182847345566310e-01,1.546330787927038308e+01,1.534244176314525632e+01,1.601501393592267730e+00,2.058857960046064917e-01,2.113792142243287486e+01,3.335493414888835773e+00,3.486681190766000782e+01,4.225815132259450380e+00,1.375588110505807826e+01,3.725555722742797116e+01,2.033227433309654941e+01,3.690183761723737188e+00,2.174628678410271476e+01,1.331481967845435399e+01,1.592612014212259375e+01,9.341284232274764676e+00,1.043415477261583035e+01,1.993637223571485961e+01,1.818966470302062532e+01,1.950067308989430970e+01,5.739730074604235455e+00,2.026879951097500765e+01,3.536674727107797622e+01,1.669247748951023169e+01,1.767010621607206033e+01,2.501663462510818192e+01,1.539058587664176692e+01,1.318129012212297546e+01,2.872860050421234135e+01,1.117940375045571599e+01,4.122889586994675226e-01,1.849386434729024487e+01,1.445806526859040453e+01,1.295072127038218035e+01,6.393182531064475427e+00,1.845454486519898651e+01,2.295169021552523247e+01,1.055404835213913017e+01,1.725475628577598997e+01,2.702297265107954871e+01,2.763757988097762297e+00,2.968128681466728125e+01,1.716655507982867235e+01,2.566720346638066630e+01,1.737806586819733212e+01,1.532855399398714979e+01,2.997341236101321371e+01,8.783315842371262505e+00,3.884048347710733484e-01,6.477238988329372837e+00,1.770740031585098606e+01,1.551807709276041169e+00,1.344363289257063876e+01,1.325979137948373854e+01,1.410853378187914586e+01,1.491408294644192978e+01,1.437772014343651428e+01,2.681238298547631516e+01,1.254459655747849034e+01,6.554573873920725546e+00,5.199087770516436002e+00,2.618305982046593172e+01,1.352883124267809478e+01,5.210805744982940801e+00,7.324507060927188284e+00,2.102468464085885813e+01,3.469994818631225542e+01,3.224621693798673761e+01,1.235150468972024385e+01,2.211819434364521797e+01,1.280789213908444424e+01,2.889200157213517972e+00,2.930252739383116634e+01,2.536920399355282907e+00,1.162743438158047837e+01,3.275970263312834874e+01,3.044094858527096381e+00,1.423868614910840869e+01,1.660403251120266788e+01,3.153803413721011850e+01,1.429945368730331090e+01,2.545923314518591241e+01,6.986095271734794387e+00,1.301774564167027215e+01,2.306932591404590838e+01,1.539595301486737711e+01,6.622821944479527545e+00,2.071717295959891914e+01,2.012763306691304166e+01,2.198078112458886224e+01,2.716169978266666618e+01,3.122355444345030051e+01,2.023028868103585509e+01,1.253261104277430249e+01,1.389223021196543506e+01,1.929069801295999298e+01,3.801941150756783827e+01,7.682567776004172178e-01,6.378648149844335924e-01,1.132255595372872214e+01,6.924712410950569108e+00,1.717717810134716316e+01,1.827352560918762236e+01,6.611397681078399202e+00,1.614966787512873481e+01,2.415608455412817435e+01,1.157688310267499787e+01,2.944412892179164132e+00,1.190672578274429583e+01,2.325731275415213162e+01,1.508154547077013952e+01,1.130684183277595700e+01,4.107110774646962170e+00,3.001299430706596638e+01,1.977510094457649026e-01,1.229497619359513116e+01,3.162655157773028236e+01,2.940300032900277927e+01,3.012575276745758401e+01,2.412615670132222334e+01,8.889720094413458895e+00,1.883249058694622491e+01,2.140052730351566979e+01,4.098784129298318391e+01,2.328558759160174318e+01,1.556085340156497132e+01,1.998352008868982566e+01,1.441122554606888073e+01,3.089521236590245579e+01,2.325883651468602054e+01,2.511353917522218282e+01,1.006414089623128660e+01,2.245447955631520998e+01,1.018465990616914318e+01,2.820421721342861332e+01,1.824435983307627751e+01,3.204765522792531129e+01,8.112751717283552821e+00,1.736440934646047651e+01,1.051988264295051501e+01,6.978710507012046982e-01,1.307027978675987789e+01,5.384947739943434897e+00,5.608195635382190680e+00,1.606225586448140774e+01,1.271622229438478158e+01,2.008823832242658369e+01,2.564839828130575938e+01,1.042587526322933122e+01,7.175685890391463317e+00,1.592758794784330156e+01,2.195659177664125217e+00,2.040413783793525937e+01,2.835185032077637857e+01,6.337978706288095232e+00,7.076922730038797127e+00,1.509324078927638269e+01,1.039760230047133049e+01,5.824227750243668567e+00,2.035414633530255202e+01,3.226402080015365925e+01,2.658438052058584944e+01,3.717653602101065324e+00,3.353574184472354602e+01,6.798598566237992746e-02,1.105842247798818256e+01,2.226858481923401811e+01,1.368172959726530991e+01,3.329034444005357418e+00,2.626383474653282235e+01,7.496519234053902192e-01,1.976427136036377163e+01,6.222115836952799128e+00,1.792861345679897767e+01,2.871730572168985773e+01,1.419980922537662593e+01,1.378317449604963052e+01,3.341660760606354330e+01,3.287729461992633384e-01,3.658738071269386882e+00,1.248639646294043892e+01,1.834277251755303340e+01,3.519768620764540223e+00,2.001354847942684145e+01,1.981243458177691208e+00,2.234414829923181500e+01,1.751301857436967424e+01,1.489185970424208705e+01,2.574997646345917346e+01,1.274475202224240000e+01,2.382882870289222765e+01,8.635362585047014150e+00,2.140178248484671641e+01,3.834215947029767868e+00,1.052468407484855817e+01,2.699882629360698116e-01,2.941292034045607906e+01,9.776411056953035583e+00,2.139099223775497904e+01,1.428486362895782591e+01,6.490951297599512948e+00,8.702916946842330859e+00,1.574216020150724704e+00,3.637030450497776002e+01,1.155994762101335915e+01,9.486183341966129834e-02,1.450243808694546921e+01,3.176149375642576089e+01,7.785016926748294708e+00,1.534421065824117569e+01,1.216746720304904805e+01,2.592681375934294863e+01,3.690540249711745435e+00,8.410369390647343124e+00,2.349177071204477230e+01,1.936706573307676393e+01,2.670302891330988615e+01,5.666711842311418224e+00,3.317171505562524914e+01,1.707656930046498545e+01,2.663134709244867437e+01,1.933364907389646348e+01,2.625506931195270965e+01,7.892789578814894291e+00,2.904039788272163136e+01,3.059828809731177302e+01,2.751296023936004786e+01,2.467481129980220089e+01,1.492976326223443273e+01,2.899964589830034356e+01,1.873382968885564637e+01,4.302529060368112113e+00,1.590134047957613106e+01,1.791141129086751249e+01,7.508570958935760764e+00,3.736188627190811218e+01,2.190391295781406811e+01,5.012562525739900909e-01,6.519148038475400142e+00,2.543416290372744726e+01,2.437784681635730522e+01,2.673563356368223154e+01,1.543215007899129532e+01,3.744372195977875517e+00,6.580745362595335379e+00,2.250203263307372481e+01,1.161896287693406915e+00,1.765041217543406304e+01,1.194605791698940678e+01,1.630335937462220386e+01,2.212455649807284264e+00,5.605539832760407570e+00,1.426822671262207720e+01,1.431084073439872917e+01,9.074594110396443369e+00,2.851030620310825370e+01,4.984234625215818504e+00,4.576488313984743983e-01,3.963382336995730615e+00,1.219742816951564457e+01,8.779920583903217945e+00,2.577161209996957858e+00,2.291301347360579399e+01,1.527341174775926724e+01,9.143657167006990605e+00,1.260254471675999000e+01,2.697028749323420271e+01,2.170878725252524433e+01,1.773798567086329570e+01,1.801252979292085143e+01,1.448826690749189083e+01,1.397330124485221070e+01,2.096810222746247376e+01,1.129215076228027570e+01,3.897166942617349861e+01,2.973344822607466753e+01,1.827385633769902640e+01,2.152831477067706345e+01,3.129807583312959274e+00,2.258286500518617679e+00,7.888326810596203664e+00,1.101848547270416923e+00,2.445079104227009381e+01,2.071591655011092925e+01,1.042587058954464574e+01,2.429013139543787858e+01,6.490238117463903444e-02,3.196203318596250043e+01,1.517863636122863014e+01,3.137954752113966350e+01,2.395152305853148889e+01,3.399320702133009320e+01,2.107887341666025449e+01,3.185838385459414113e+01,4.149486150001624019e+00,2.279165333018562389e+00,1.646686389313723708e+01,3.022407091683710689e+00,1.807288860892562354e+01,2.623703315285136384e+01,1.149143223143231918e+00,4.035220093538619324e+00,1.876841179901885326e+01,2.960302996380611873e+01,1.657998561104642121e+01,1.427123442031940392e+01,1.835726065753424763e+01,2.375649106739583871e+01,5.088880318420199167e+00,4.650946047395674299e+00,6.965189359240994804e+00,2.047462195035155919e+00,9.556049312214675240e+00,1.248779094001542944e+01,2.876693127775018866e+01,2.134133425371605597e+01,1.146255987499165663e+01,1.095563649501592529e+01,1.837058400300139782e+00,1.173952346129193458e+01,2.208966245464569411e+01,1.421124227904085657e+01,7.065187687843437203e+00,7.096769748429057056e-01,4.772674935178751743e-01,6.303651273715775716e+00,1.916173881338264806e+01,1.182089429338240194e+01,1.797511254058911945e+01,2.357476536453578575e+01,1.847057194420923665e+01,1.796076236068338616e+01,5.321100799845956963e+00,2.144654520902480854e+01,2.958166234373623382e+01,4.267501601593919780e+00,1.965700227184954585e+01,5.497001086197248476e+00,9.771861396538888300e+00,2.680818239309756823e+00,1.963894016724396607e+01,1.082257287382468647e+01,3.214043384589787422e+01,3.839979927364053935e+01,7.420545879938103440e+00,1.742786446395541944e+01,8.127128925525433090e-01,1.265845859818808705e+01,2.087345509328100590e+01,1.562196075756996150e+00,8.035603217533687115e+00,5.539068992856140738e+00,1.971085913324022698e+01,1.360479296904881075e+01,3.228642391608179452e+01,6.487606342820418703e+00,8.850124821837805911e-01,2.102143699238887464e+01,4.031952324740968763e+00,2.727595159209410269e+01,2.013855827628015405e+01,7.030686633698564947e+00,1.726160422308434583e+00,1.572834916190518229e+01,2.614296304832412687e+01,2.623189472256473920e+01,2.101437838273882619e+01,3.085813006898063549e+01,1.628495468604583607e+01,2.391105436141200258e+01,9.370397497820750488e+00,1.196412781287950011e+01,1.051751343530748528e+01,2.377848113931231211e+01,1.127204570992733501e+01,1.622991095134839057e+01,1.235935094992583494e+01,1.119486012217082127e+01,2.233876182064020099e+01,1.050655109956145594e+01,2.730910441546041412e+01,1.010403213099197117e+01,1.285946458313428131e+01,1.385176920151289082e+01,9.660162250083617508e+00,2.083221384410277821e+01,1.387401667948300776e+01,3.443792765024701197e+01,2.429386591674427365e+01,2.564610447087862610e+01,2.801162929064064144e+01,7.683569110711636618e+00,2.641501158077925382e+01,1.011587891385676485e+01,9.068132425278225828e-01,2.944494117825182666e-01,5.023798025017258695e+00,2.498225541314416986e+01,1.229201396918402622e+01,2.725693765963680448e+01,1.724576131162418946e+01,1.116633562070086150e+01,1.752885972232254730e+01,1.489825584474143483e+01,2.311618018679574860e+01,1.054681768721938617e+01,1.078864026433845424e+01,6.813665550542699734e+00,6.051871492799968166e+00,2.719969711733585527e+01,1.269671090157069671e+01,3.845372588606523578e+01,7.449890806729753123e+00,2.688996553244460586e+01,1.250981919161917588e+01,9.487749747346724050e+00,2.350521902289582954e+01,1.196905505741216480e+01,3.416051279412860797e+00,5.735971147718636587e+00,2.119382080405480906e+01,2.934035953209381375e+01,1.357095795382424264e+01,1.320335182774112326e+01,2.903637503472724291e+01,3.117534017102223487e+01,1.628530642825026575e+01,3.545130012780064277e+01,2.072781481266905246e+01,1.973915467969766979e+01,1.447594848016986457e+00,2.466427116847609824e+01,2.266764570415397984e+01,1.606908229353137330e+01,8.241688281751178735e+00,1.422410060639655960e+01,2.282661621576043842e+01,2.108518422503007628e+01,1.700676576435715148e+01,2.480593668096281235e+01,5.207432164451547330e+00,3.950364225060059908e+01,1.237515682962978225e+01,9.898972323616208158e+00,1.005075711206326616e+01,1.522673935418233171e+01,6.747962620411050771e+00,1.019700901210700472e+01,1.954247861246194873e+01,3.107731379458548382e+00,1.503218885227402657e+00,1.271417354995076821e+01,6.839014372642763462e+00,3.541057784993298441e+01,1.205218809307076810e+01,1.657642599759659774e+01,6.971378727733212877e+00,2.244399659382327883e+01,2.509372038091627566e+00,6.091212265716597685e+00,1.389129194484781848e+01,3.106971766894307052e+01,1.130799349755769079e+01,2.907605033712913567e+00,3.361339960612167665e+00,1.121948314830921767e+01,3.495473771975440513e+00,1.888817119280840728e+01,1.313351040638873002e+01,1.671562153922745875e+00,1.272063104182931781e+00,2.413394863821164193e+01,2.264425847573942008e+01,3.683558707480816707e+00,5.483850592583634054e+00,1.527960183077500034e+01,1.001992214126806147e+01,2.503419370844758518e+01,2.215772613319402495e+01,1.379287203897618497e+01,1.739113692963083224e+01,5.058653884243988763e+00,9.168308988984492203e+00,1.198154862384830821e+01,2.002087377413761260e+01,5.052210496374918591e+00,1.562554213783913681e+01,1.298997777439957702e+01,1.767737195761220192e+01,3.046743908788865696e+00,1.365000805627517799e+01,1.787598201313031154e+01,9.612208721081291429e+00,1.913807063721846191e+01,4.939675256906365775e+00,1.208302131100998267e+01,5.658694904156931216e+00,8.045651201027144594e+00,1.751652110374955029e+01,3.040559616387682951e+01,9.930690060974031397e+00,3.347423973149734167e+01,2.642121862653994313e+01,2.296178757996613751e+00,2.596678155623132511e+01,1.130833350962751060e+00,1.275800426442862978e+01,1.592480634510572912e+01,1.803108700640639483e+01,2.216078390365743900e+01,2.118692263216917127e+01,4.684338844190164330e+00,1.474228706170239178e+01,1.082410462867769674e+01,1.111349717576344531e+01,1.470916806244706798e+01,6.558755207710689206e+00,2.328858286327797344e+01,7.157456422849903355e+00,1.924042692404137256e+01,2.127592655829293733e+01,2.343541391968034304e+01,4.938329299887469048e+00,3.192390262936729783e+01,2.669348859614802727e+00,9.420353618016438446e+00,2.137328774069631621e+01,1.572739670992566552e+01,8.183764718145670969e+00,2.502581259673875991e+01,2.101938514377883749e+01,1.812864078754848007e+00,1.533328305268058678e+01,1.503129312682861984e+00,1.358589873467351872e+01,1.987151686460634892e+01,6.066929264162709501e+00,1.195333131283440586e+01,2.143400165609243402e+01,2.232553407448515159e+01,6.755022304657446242e+00,1.603848325284788956e+01,1.239849078017510742e+01,2.906424364475810052e+01,3.446791259256536932e+01,1.496254113527421836e+01,1.208220939847849706e+01,1.856171127567009904e+01,2.397578864179839897e+01,1.784018482876125233e+01,9.548766759267298454e+00,2.740121289902414148e+01,2.464247465729028619e+01,9.936312942423825234e+00,3.660765450313057556e+01,1.817342129350285518e+01,2.834767689006394065e+01,8.477496147402757032e+00,3.050340489124779708e+01,6.509935993859054193e+00,3.367381552512717491e+01,1.005126285609152603e+01,5.654945506036564318e+00,3.905554423962220412e+00,5.931886777523104337e-01,3.109558829535794189e+01,8.462691841399093917e+00,1.004215120208339052e+01,6.760183686183487417e+00,2.037433178277337475e+01,3.234759036966311641e+01,2.419054813613666255e+01,2.839340260794133286e+01,5.501744703115149626e+00,1.075178638916121088e+01,3.926285094221027006e+00,1.388722451845693406e+01,3.196439726978729112e+01,6.221029185221937041e+00,1.856859444800735304e+01,8.409656857719607359e+00,2.334195171146711800e+01,1.505147441947187481e+01,2.297168133550380631e+01,1.993116932687209086e+01,1.318556593384315789e+01,1.749714705347014032e+01,1.147496702158015225e+01,6.806378099433597839e+00,2.363302914908328844e+01,2.089989976848206421e+00,1.575780775846285131e+01,1.922161275839459904e+01,3.629790876398872967e+01,7.324215129594533025e+00,2.061128154757930275e+01,1.715051715067023252e+01,6.129318866289704681e-01,2.260368793016926858e+01,2.802684484538833942e+01,9.703036370476851857e+00,1.457440664058463753e+01,5.045702855476072557e+00,7.513277441914728350e+00,2.059949236197780920e+01,1.200164733007075490e+01,2.553220635472748867e+01,9.344569576910153330e+00,3.266223976735641088e+01,1.371001597823979345e+01,1.276684852721891161e+01,7.940245574610141688e+00,1.388901965234054892e+01,1.729157740762609086e-01,2.868461872676044777e+01,1.063779802776871719e+01,2.149934299198996968e+01,2.312838447502774386e+01,2.142179367172821358e+01,8.085095532420151443e+00,2.540445937126283127e+01,9.826416367441661137e+00,1.646177253704114207e+01,1.646348323685565518e+01,3.231315142632156778e+01,4.380898082567298957e+00,1.122424724038447152e+01,1.088121201431361662e+01,1.706813158591148039e+01,3.106806846485496365e+01,2.478481449043986018e+01,3.204662152639782846e+01,1.968097675625912757e+01,1.328042405071478882e+01,1.906150937896577968e-01,1.205342806711789727e+01,3.062582305613713984e+01,1.723157175727213897e+01,1.188950369041407562e+01,2.867186150168998182e+01,3.062437479473162583e+01,1.381496260753064220e+01,2.810334518384274838e-01,2.063066449604665209e+01,2.170795821343199350e+01,1.796069082541966466e+01,4.084194202724667377e+00,1.896190829677722434e+01,2.797732534754374356e+01,1.059435409673658413e+01,1.915593523943817544e+01,1.822129877944677645e+01,5.568028191660309822e+00,2.314989007815293576e+01,2.127739677836250110e+01,1.611284010795883503e+01,3.239141940998416658e+01,2.312406879014784522e+01,9.293516090497123017e+00,1.780831330460824802e+01,4.804343892408212469e+00,9.371450322067826022e+00,1.008465451861984796e+01,1.738624473426426320e+01,1.458298274375938064e+01,3.462915471213165119e+01,4.666670576795252323e+00,2.764046881593177218e+01,1.736998787806654221e+01,1.509878697024839234e+01,8.649179100364870365e+00,1.441297224150778966e+01,2.854005300766230135e+01,3.498255872106600606e+00,4.130893774946216901e+00,1.988628690355791306e+01,2.408775069300330784e+01,6.960929785145034465e+00,2.146789601998738917e+01,8.840883671644899522e+00,3.753527286513711481e+00,2.654485514928222756e+01,3.153664626633921664e+00,1.396053593480874966e+01,1.148406583254931057e+01,1.781983393607893973e+01,7.561080568590242024e+00,2.389004347228097913e+01,1.779790463077357288e+01,2.348853173735238187e+01,2.010360034865006540e+01,9.143558290821705015e+00,3.053988343522408044e+01,2.578605285606985476e+01,1.482629315083404720e+01,1.638785806719800320e+01,3.594158138169760264e+00,3.348657917169864362e+01,8.477604907498648146e+00,1.652186961786963693e+01,2.841072482267773935e+01,1.965885752232051686e+01,3.055052933466734544e+01,1.250982325142744322e+01,1.360046498667917803e+01,2.116421217638336572e+01,1.588871776305450823e+01,6.185132766877487143e+00,7.304138503710501773e+00,2.152277321499420637e+01,3.165529899408094749e+01,1.533522589274335246e+01,2.490559411813677926e+01,5.646087655109278458e+00,2.244660409142468183e+01,2.527675152828411154e+00,1.918163318247615212e+00,4.593111649093939874e+00,4.522028297690632748e+00,1.982715749578147069e+01,5.671798681215200588e+00,1.730156630635131165e+01,5.421672100013531725e+00,3.582695147453801354e+01,1.807704760850015191e+01,1.849877611406274625e+01,3.923389189124119980e+01,3.139621916145556213e+01,2.557784311970145907e+01,1.388111235456400294e+01,2.658808511669770525e+01,1.078997665771696468e+01,8.355567114317974386e+00,1.469852969810089327e+01,1.591055482034587598e+01,1.695705226000159982e+01,2.334908552226365952e+00,1.814851398463880017e+01,2.661617518620991163e+00,1.992253332796347504e-02,1.306908462583938935e+01,2.009886587586044726e+01,3.084061455634520854e+01,1.131094865795519411e+01,4.245835035842180361e+00,2.042427562831819898e+01,1.824713019542834402e+01,5.193000190046748621e+00,6.652945832914456403e+00,7.943999388314198384e+00,1.322317361413874615e+01,2.676243218428563608e+01,1.287291205558760510e+01,1.355848192821741272e+01,9.119424235283622338e+00,1.543157872154076671e+01,1.799539797968364496e+01,1.824179770466600203e+01,2.892024626372030127e+01,2.327196201068399262e+01,2.025175563892991804e+01,2.690931178087438091e+00,1.624487231331058368e+01,2.380349172603311914e+01,3.238324551558722675e+01,3.724522536459732081e+00,2.097963672166588722e+01,2.009300981751566795e+00,3.730698832896770512e+00,1.145088180167094905e+01,2.365454851865180785e+01,1.834933185653658150e+00,2.899799442839233166e+01,2.424616926651351889e+01,1.840985240495573194e+01,1.441813326635111636e+01
1.142146342902122669e+01,1.950574018132186183e+01,2.956997289690828978e+01,1.654853215267026201e+01,3.296515402357626812e+01,1.390586505009103746e+00,2.882958126836969370e+01,3.773984444265900606e+01,2.412803023396725877e+01,1.815259533548241322e+01,1.990786153379930923e+01,1.603986660660068964e+01,4.651757194262931705e+01,3.295383798307688039e+01,3.312434387150322834e+01,1.009660562333031208e+01,1.912020528589240698e+01,2.806248178249328973e+01,3.623925987499451384e+00,1.711605791512621266e+01,7.774085402852578319e+00,9.726550253181814654e+00,6.738034617709858232e+00,1.566930045870217825e+01,1.334362374091398351e+01,2.310392946735855446e+01,1.602487299853504510e+01,7.407630883025272617e+00,1.092198709017837999e+01,1.476568799898360851e+01,6.771186449611160896e+00,4.901460727686961505e+00,1.073420282598079467e+01,2.938537497611845595e+01,1.893552571174770804e+01,2.906171363973246358e+01,3.443194854276318040e+01,2.825215412985428287e+01,2.300478799241011529e+01,6.108246176367720714e+00,1.691788107623034065e+01,2.212657191671536694e+01,4.129279563973031486e+01,1.645582889844492414e+01,2.614837863863112233e+01,1.410928298517822377e+01,2.492131588137191933e+00,1.060605518985500062e+01,2.152880188496254732e+01,3.050063821629897642e+00,2.173578588219686480e+01,4.790761130453466521e+00,1.946339722121355109e+01,3.306588490605091835e+01,2.786001573979166324e+01,2.272779473106985648e+01,2.832213422793005009e+01,2.191349708905630322e+01,5.360431485668085472e+00,2.211221352023213171e+01,2.893124109767706642e+01,1.298438644828666666e+00,2.495243704167360121e+01,9.388542118001449666e+00,2.246990640283393503e+01,2.503013366944665208e+01,4.633291789751170064e+00,2.968243753422980191e+00,3.210474107387287113e+00,3.038128052051492745e+01,1.766229089814812525e+01,2.777630387315378258e+01,6.296087158621624269e+00,1.325321740918339408e+01,2.666095850016581892e+00,2.044753776427885583e+01,1.565783582928911599e+01,3.485215194769496350e+01,2.052709203458312093e+00,3.073300731650609308e+01,2.721291352240395423e+00,2.602659743985289253e+01,1.040612535610035216e+01,7.723695094486885182e+00,1.489617065576604915e+01,3.008096394719453315e+01,1.599512666351802181e+01,4.298410188324038650e+00,1.784012352474481133e+01,2.477940850551048513e+01,2.189598002728408588e+01,1.255736458704289404e+01,1.881914854091749234e+01,3.859767845580523726e+01,1.541023034737083464e+01,1.469286903482884554e+01,5.404713194765855100e+00,1.740056510880681628e+01,3.813085974368157594e+01,2.947366471194922344e+00,2.245210648570153822e+01,1.170870406867834568e+01,9.299350861659464229e+00,1.011362221306830378e+01,2.658227130124327431e+01,3.079519754056002512e+01,2.643932967193056172e+01,7.231598729137704851e+00,9.070680808174929055e+00,1.218733000499058150e+01,1.626416790195496986e+01,3.439311785088025175e+01,1.084681719788331122e+01,1.199746146848189632e+01,3.055247853036186001e+01,1.000272972701032259e+01,4.109416220361443806e+01,2.954545662326957256e+00,3.424504600180884495e+01,2.100217697848424692e+01,1.463709651650025023e+01,1.495879053493059985e+01,2.013715171638094503e+01,3.140771226178455322e+01,2.590802119377052293e+00,1.198703972120053152e+01,4.458769872131501444e+00,7.810743736680275440e+00,8.252503232390486332e+00,6.546379969839349888e-01,9.960609221061954344e+00,2.377832597847826435e+01,3.202204479896528966e+01,3.382881667918037039e+01,9.711777663023351437e+00,1.668013028031658251e+01,2.774006476471564753e+01,1.449595593987155162e+01,1.023943248073190659e+01,1.303366120906271064e+01,7.514649583150076140e+00,1.348216675534612463e+01,2.445928049000030668e+01,2.771949847839943359e+01,1.817745117825372603e+01,2.543615403019655385e+00,1.898595528994967552e+01,1.879049338243959966e+01,7.124152573142986888e+00,9.659452325047173105e+00,8.863075129272774078e+00,2.385644635403732394e+01,1.856591012160642862e+01,1.645414667787808582e+01,1.243937721129393026e+01,3.117195316088621482e+01,2.131518834155784603e+01,1.527637625778719510e+01,2.351437533276094172e+01,1.143983697966234614e-02,2.048633015964349369e+01,3.138143291458935380e+01,1.186496051489217329e+01,2.315396007122608069e+01,2.808831390181334697e+01,2.872667408574145043e+01,1.871794250110546676e+00,7.228319946641286187e+00,2.599869865812785896e+00,9.056726034503901346e+00,9.100645388148563830e-01,1.914858988249451244e+01,2.716785323875348013e+01,1.745918405948939522e+01,2.139174890666660644e+01,2.584556699154343917e+01,6.623177541480128383e+00,2.783937704390270440e+01,3.593151396902020167e+01,2.401322277702242758e+01,2.188572740325874832e+01,3.890745871894950625e+01,2.803412274629205214e+01,4.833010241105167637e+00,2.309423241983399677e+01,1.916456383363161819e+01,3.033571092777435396e+01,8.858560794260426974e+00,2.136388760174970969e+01,3.871358991652196835e+01,9.318353072175995067e+00,2.719847250685987650e+00,1.024454877990419099e+01,2.183588243242779470e+01,3.689907681439913745e+01,7.407795616752847145e+00,8.797333149320108348e+00,1.864931323079881054e+01,2.419195080562091249e+01,2.550416096192897086e+01,2.590085063699766721e+01,1.639977012085958208e+01,3.299740710696019619e+01,2.111737818966670677e+00,2.043680706399580771e+01,2.330669313187748415e+01,2.907007258023167751e+01,4.312588801663892468e+01,2.706812576086713307e+01,1.072427817556645735e+00,1.959333521177796555e+01,6.638915471826435377e-01,1.162922539276179990e+01,9.061083855927668518e-01,2.628829762505781531e+01,2.378524536759014651e+01,2.198665202260424678e+01,1.215994351346724400e+01,1.333986322875618669e+01,2.173358020592873174e+01,2.236923657663490772e+01,1.661087553874754974e+01,1.414220247995945456e+01,2.828336255514270547e+01,2.975283856104629621e+01,3.677506527823812377e+01,1.449010860771816311e+01,2.010643966919582581e+01,6.941923989583468568e+00,1.168995699932539267e+01,1.201522221467118356e+01,8.459707445194885267e+00,1.439345851696410250e+01,2.257121564924720403e+01,9.984497265983298675e+00,1.220548699347322241e+01,1.182700351612547074e+01,1.738512901892503493e+01,1.548704831404804594e+01,1.757796528261053481e+01,1.682765527771883995e+01,2.008230955550497043e+01,9.544219231087536670e+00,1.513800183182547343e+01,2.725569212964996524e+01,3.881061601266102912e+01,1.460833993878026504e+01,2.646909550107874409e+01,2.238246727269971714e+01,3.952180321710651589e-01,1.087217381671996108e+01,2.331935564330398591e+01,6.811991654473168012e+00,1.055293874271668741e+01,9.267879571881161738e+00,1.688301836987404769e+01,2.324095087805447335e+01,2.990911941291463449e+01,3.337396531000236877e+01,2.138733807773179763e+01,1.615846056444226875e+01,2.401248498803629872e+01,2.945940618104981468e+01,2.213009512251593147e+00,1.614044458185457387e+01,1.219641515495523798e+01,1.920064928547410688e+01,2.144323046923517850e+01,2.523054019004015203e+01,4.582696675489728477e+00,2.767333009554482715e+01,2.072641912021550681e+01,2.088238151538037357e+01,3.026769713707930620e+01,8.796578556263364490e+00,1.683663859876226709e+01,1.399969753930308203e+00,6.120225631842004077e+00,1.444379171310365528e+01,1.759128107011909137e+01,1.874247678980703924e+01,2.781099056561917493e+01,2.013341271430082458e+00,1.268121666401579795e+01,6.794557218584780678e+00,2.415853945484415988e+01,3.346310820444412570e+01,2.247635140278016053e+01,2.176987272569043341e+01,9.289924399490905316e+00,2.672743924151340877e+01,1.369245357084149717e+01,2.264175443099127705e+01,3.972692089222459533e+00,1.113547409590599990e+01,2.523076358000925978e+01,3.299034209705027365e+01,1.559302872952773633e+01,9.041219921529627390e-01,2.320354820737647117e+01,2.467389935391343414e+01,1.426661154481940663e+01,1.825929704505556472e+01,2.051382829817816145e+01,7.328198273941793239e+00,1.826867172759787294e+01,3.652675224265227172e+01,1.047310038819005307e+01,2.633369393924463786e+00,9.450587878358078342e+00,2.734046979831382274e+01,3.435842621477233649e+01,4.514648414410476107e+01,2.495031751511934814e+01,1.220186801934261922e+01,2.510127020860921832e+01,1.319729272747062421e+00,5.088238200636308939e+00,1.433614238360483739e+01,2.389194683576759459e+01,2.756647553121780447e+00,5.613181411125790277e+00,7.362931550297814098e+00,8.640200062203909681e+00,1.747739914022584440e+00,1.903180586425635923e+01,5.481201405848382668e-01,1.016079097683253707e+01,2.169077334050659189e+01,1.171273049204159911e+01,2.040849280797180043e+01,2.684647616324842545e+01,2.748550344410209334e+01,9.867313240200013880e+00,2.703328126046998037e+01,2.377962133661842259e+01,1.332598854856003001e+01,3.113362229953382609e+01,7.662803500878128560e+00,1.421078936385228175e+01,1.898975258615362804e+01,1.288780365363795610e+01,7.786523880862375790e+00,1.334255383340135215e-01,1.945762372988734157e+01,2.433272441827931942e+01,8.989178572490139629e+00,3.055174616134270593e+01,2.732562683449896213e+01,2.409652664400655553e+01,1.678093541769942476e+01,1.281972881320742452e+01,3.169815905818359880e+01,6.357814508841885370e+00,2.152302561021047467e+01,3.236917494763449099e+01,2.223490062419800140e+01,7.045066263029278630e+00,8.328727472548198563e+00,1.248430580668717482e+01,2.100862437750876310e+01,3.836217915791744204e+00,2.981726050706921427e+01,1.927114135537922479e+01,5.030245148002553179e+00,4.407273036793382204e+01,1.920559980881813189e+01,1.845184861137835952e+01,2.458319539244476815e+01,3.558241636911808570e+01,2.047648986984726349e+01,2.675406425949645950e+01,1.211087157853272700e+01,2.324350640066646534e+01,1.304486348752406322e+01,8.408456612618723014e+00,2.853620805766532431e+00,2.948141708225854174e+01,7.407140745835335771e+00,1.597360918263234097e+01,6.941261089444679122e+00,3.013804603160754780e+01,3.512518712803930043e+01,1.305693032213897808e+01,3.315161011333309204e+01,1.886110505932948556e+01,2.983845136860126246e+01,4.259681045461524818e+00,3.954314628275420063e+01,3.585843034349085912e+00,1.895719869766821475e+01,8.187019175062939524e+00,1.601677170429418950e+01,1.121610116014855718e+00,1.351471508219393769e+00,2.941850072050373655e+01,2.462689202148822698e+00,6.804798210182585017e+00,1.004002532308540019e+01,2.523823656715008923e+01,2.242836374590746473e+01,1.348722200233101454e+01,1.794840902630425106e+01,4.060700044911365048e+00,1.200790203209351326e+01,1.573815084588135171e+01,2.311035901430344097e+01,2.315786000829006319e+00,5.516430806132088804e+00,2.315001248038103032e+00,1.356362085506946968e+01,2.130260035104326732e+01,6.427374224975993755e+00,1.247192614290119472e+01,3.342506694139935775e+01,2.044937930353234989e+01,2.855691345147396376e+01,1.007029845729349482e+01,1.389666313944927456e+00,8.642043197077418526e+00,3.154804405919357180e+01,2.882487849535041846e+01,9.319887784205656445e+00,3.476075570983323360e+01,1.681006518052376464e+01,2.233422582024299530e+01,1.836849644693056050e+01,2.540331191641941899e+01,3.358702195583346395e+01,6.433586586583478706e+00,2.220629215412103719e+01,5.777803896742133460e+00,1.768686661869511667e+01,2.527836162171915291e+01,1.900527778111111488e+01,2.787734192332164795e+01,9.281236724212828193e+00,5.415710901693949531e+00,2.526656496302696553e+01,2.824496738433207454e+01,8.737431269301302095e+00,9.634100763761477282e+00,8.710774403054912796e+00,3.677826824193434874e+00,9.816264140440516428e+00,4.502941545288850378e+00,9.600860123955177627e+00,3.582683700828811624e+01,3.051668131367481163e+00,1.974653211504761785e+01,2.572145110284678537e+01,6.062320820086203987e+00,1.259564232847631793e+01,2.854268415085536859e+01,2.009325213428661172e+01,1.822914380940488499e+01,1.497133196258887011e+01,2.672469696595599942e+01,2.885678986009845204e+01,6.124661058959740778e+00,7.045550798828141836e+00,3.001089963703000052e+01,8.965533707879870917e+00,3.080660902220013853e+01,1.201855617441811219e+01,1.755369221872163976e+01,1.665217196772860220e+01,1.798993396432147662e+01,3.643286941784289468e+01,1.332941534535339700e+00,7.279832514532284193e+00,3.085229873332090023e+01,2.292282561712967137e+01,4.266589592886615989e+00,6.541637261718700636e+00,3.113614554404764334e+01,3.177245003727271566e+01,5.846049847986114489e-01,1.589412017674282041e+01,2.537174657239047448e+01,2.501887461395944712e+01,8.646125288416444121e+00,2.613021553443488898e+01,6.573179719839885138e+00,1.634660958915468854e+01,2.444493172430831152e+01,7.209689971912704110e+00,2.100694760862587529e+01,1.502275614072960153e+01,1.798465423254689100e+01,2.012133746849512850e+00,3.108915695614607344e+00,3.198479054582649184e+01,3.085848315737688097e+01,1.317775974115331294e+01,1.794233093804770718e+01,1.000509594510645428e+01,1.844461458124406406e+01,2.312390015305587099e+01,1.041071572517877541e+01,1.270870955726183560e+01,2.100774960781907907e+01,1.897080811734532801e+01,2.463846223158876469e+01,1.465126194101202017e+01,1.543598193250666206e+01,1.481610344124011824e+01,8.178824762592727282e+00,1.439534621786109625e+01,7.894409036927319434e+00,3.985261210963307121e+01,8.402759812654732485e+00,1.975541143030429936e+01,1.117559895183848617e+01,2.257698018145754304e+01,2.546758346870674572e+01,3.532082694325005434e+00,5.353553118731965377e+00,1.571663092383103333e+01,2.066521634357449066e+00,7.516586449642294276e+00,2.455982717874145038e+01,1.560800881729373479e+01,3.363622366073445136e+01,3.578331351227754453e+01,1.788731846969628592e+01,1.561319600491555448e+01,1.060610680655383042e+01,2.234506724698415425e+01,3.104245258297613219e+01,5.445881262447297644e+00,3.498323815260620506e+01,5.271768559931893527e+00,1.343824558693505722e+01,4.643108737904377836e-01,1.670122742733270105e+00,1.430201622590187682e+01,9.548106664579437464e+00,1.731720099667530022e+01,8.512735011220190273e+00,1.494621199686521962e+01,2.647782150943980728e+00,4.990768435663976987e+00,2.141205469019545671e+00,2.224808687736669910e+01,3.664012868468748962e+01,1.117570884673511067e+01,1.765710080813036953e+01,2.082029997874438720e+01,2.402313111190283834e+01,1.752556131317202670e+01,9.973497850323930436e+00,4.863146535219043720e+00,1.506502985814074691e+01,2.551256184918744196e+01,7.387426137095294720e+00,2.709671861391727887e+01,1.085087610848369977e+01,1.789521419980380657e+01,3.736992199019525884e+01,1.392572726623163071e+01,2.097596636263190817e+01,3.143638619134747358e+01,1.967225299033919228e+01,8.835273643130429733e+00,2.585838403276286357e+01,8.892298426047311466e+00,3.256256758328311207e+01,2.122033170127530255e+01,1.247028760611245524e+01,2.077440099794129225e+01,1.235246757373133164e+01,5.369223883407133080e+00,2.774648645522030677e+01,1.821806184974670373e+01,2.839538030639093158e+00,2.466265485315272343e+00,3.118949983812371585e+01,1.964583235280251472e+01,9.299946351236719977e+00,6.616123197888088114e+00,1.895712014288996627e+01,5.784898786081842381e+00,3.790452289281338238e+01,1.654076875641833055e+01,1.010201198842667125e+00,1.714145371903476445e+01,1.010998316218108783e+01,6.500606105919226607e+00,1.275476765274661517e+01,9.355324465010369295e+00,6.227344282221070060e+00,2.905499006508690485e+01,3.470000196094576239e+01,8.254622987777427312e+00,4.414807056628524684e-01,1.303893832418473409e+01,2.999451290864744735e+01,2.822370960368061077e+01,2.973728840208525881e+01,2.765977371084965597e+01,1.780326169152507276e+01,2.575188797608849711e+01,3.966089219162810764e+00,5.764893719810457284e+00,1.489835127083451027e+01,2.684095568672212551e+01,3.281922008207594388e+01,1.783139896242248668e+01,2.373909145056403958e+01,3.052468936561902879e-01,1.829403382883595341e+01,5.049312074409959550e+00,8.756633948030351888e+00,2.191502063589119942e+01,6.545520775384320089e+00,3.707135381779914951e+01,3.631295066546648087e+01,2.921817107755271437e+01,2.563262050682418547e+01,1.250063418562233153e+01,2.370473951699515425e+01,2.585346361194868692e+01,2.860511068266066914e+01,1.894705331393765491e+01,1.715937029855505358e+01,2.353954680938188915e+01,2.399899649549038827e+01,7.977231669717352425e+00,2.251434486345812047e+01,3.484974265111073066e+01,1.152497646963547062e+01,6.226884925078664423e+00,1.590902811762094871e+01,1.238767737289541593e+01,1.262910170347957184e+01,1.151906769650351592e+01,1.823583602789337021e+01,1.555649988566710817e+01,2.021633147036281741e+01,2.782509463113605364e+01,2.757570514631657588e+01,2.603318793349446381e+01,2.831855963222934491e+01,4.494155670716917683e+00,2.244257910480741103e+01,2.048442424762304981e+01,1.190133563463126443e+01,1.250880994723795148e+01,1.996431854253349769e+01,3.814991012195300613e+01,3.039008326535869742e+01,3.149710366016449115e+01,1.346293822500895665e+01,2.175753611489885486e+01,3.463631272005218698e+00,1.227448589451741157e+01,1.390348568420329833e+01,1.875649539985804637e+01,5.329637729609946639e+00,2.211730223904783443e+01,3.442045934255644113e+01,1.742224670868214531e+01,6.249924379402106212e+00,1.344059406775474663e+01,8.574106659672047215e+00,1.733094842199345065e+00,3.527237716597142025e+00,2.421074762795052493e+01,9.697948280409390165e+00,2.147069501257094970e+01,2.978972594728639578e+01,2.001785374013372021e+01,1.440824316769240454e+01,1.880967460228682242e+01,3.251733185907828982e+01,1.976101363812684397e+01,1.770712855022395615e+01,3.064726950684036666e+01,3.153339157585610408e+01,9.107526401476407685e+00,2.913569026121723482e+01,3.319364211089199301e+01,1.661610813905085138e+01,1.753810987665723786e+01,1.747918300606660935e+01,1.328499799678681548e+01,5.486618701968922984e+00,2.008075390798510540e+01,3.973370350579690236e-01,1.820617323908246377e+01,1.388523035816857565e+01,2.125888475332694938e+01,2.485030150598324994e+01,1.829468666091477047e+01,3.217290328502599550e+01,7.462010239023213920e+00,1.940454914831533628e+01,3.040076148789928112e+01,2.616671064477056885e-01,1.807082606607293584e+01,1.037174560783374666e+01,2.163469592100943828e+01,1.540554500654733872e+01,1.827588943469151062e+01,2.129404675965192695e+01,2.727265687364603508e+00,1.136353742521528787e+01,3.581481572940064950e+01,2.419795999203044801e+01,7.299747597276835531e-01,1.946016552293551172e+01,1.884603181699179686e+01,7.619641881245390991e+00,1.807219564863477146e+01,2.709448427309984364e+00,1.906181413473876418e+01,2.949045971825164258e+01,2.264094627628730905e+01,1.235676264539395497e+01,3.467173691019431203e+01,2.264607507065576542e+01,1.267233568483307593e+01,2.761068578329527412e+01,1.139437086991116921e+01,3.000403828649451299e+01,8.536928659348301807e+00,1.656356190190149036e+01,1.743586317070042924e+01,1.696541657988895224e+01,9.479298993952420815e+00,1.049466927712138675e+00,1.544142434481474879e+01,2.704016279874364770e+01,2.352428601011024512e+01,3.337695946628773225e+00,1.510810633690635285e+01,3.605356261500411552e+00,2.408413192676066927e+01,2.993443365684432678e+01,2.154278955553483588e+00,2.268495748305592485e+01,9.194206298942239286e+00,2.613343281550972463e+01,5.169560829107378019e+00,1.825596753028836972e+01,1.228921085395952417e+01,2.467075364243668290e+01,1.340387631544860980e+01,3.198235505615788554e+01,1.956976593018825739e+01,3.058335546566483032e+01,2.156402273075690346e+01,2.116131661165443489e+01,1.681327168878602452e+00,1.250253053865217368e+01,4.297188027858385162e+00,1.856352245231137488e+01,1.939107728968286182e+01,3.439229851481919553e+01,2.059300939351901505e+01,1.523522273624166523e+01,1.463458978355041218e+01,1.878222120602069722e+01,3.282315297575330959e+01,5.757688845417963108e+00,2.296706764632688547e+01,2.767808655310327026e+01,1.082536212955403343e+01,3.211567915129388240e+01,1.737963253778072570e+01,3.676722934577203716e+01,2.006503863278085120e+01,1.855989251646868121e+00,5.831954133704233989e+00,6.371578946380698660e+00,1.922319250050119521e+01,3.472756973970087557e+01,2.924658746467726900e+01,1.712562835595725375e+01,1.725292234248819057e+01,2.213035508418379393e+01,2.365067901325824806e+01,1.548325083816002135e+01,1.284231775285185151e+01,1.311989671663395640e+01,2.040833795627006353e+01,2.207922352169689795e+00,9.908086542327836810e+00,3.212148609802322596e+01,1.288127889861396014e+01,1.672481889401474575e+01,3.201456305425402604e+01,3.111629388415112984e+01,1.398261468223687487e+01,1.740322080655765191e+01,1.316946820172451282e+01,2.330455323401091761e+01,1.153189275451827811e+01,1.778449932412376810e+01,5.290718018622151853e+00,1.662518039196237041e+01,6.262420174571635023e+00,5.253536666476068540e+00,2.530235752195844512e+01,1.980478782813103322e+01,2.021820527169122528e+01,1.377409667339344068e+01,2.065353518472756633e+01,9.940014314242315407e+00,1.847370595921040959e+01,1.650294262648749921e+01,2.309974764287155580e+01,1.125598640068178558e+00,2.085890296747049177e+01,3.236621005118877292e+01,2.209356542706353466e+01,1.247027149730942952e+01,5.457335107624981418e+00,1.741596572549916511e+00,7.287736946965036822e+00,3.707018917133942182e+01,1.968655693332997458e+01,2.521681921012490335e+01,1.514316817085121336e+01,1.902887723354094263e+01,2.275231961577261330e+01,1.628772263624206573e+01,2.349955423250773379e+01,1.342487050055440712e+01,1.571379646234664662e+01,4.564943687203478540e+00,1.504706419168689990e+01,3.497771862279656574e+01,4.270008247782241639e+00,1.837343877168730089e+01,1.852245514630915224e+01,7.728273332523874828e+00,1.365015664618436375e+01,1.761927347677544731e+01,7.857165167114764870e+00,2.353359853046080730e+01,5.651409928069849542e+00,2.136655716943299765e+01,1.905605845888001681e+01,1.446697726093304404e+01,8.138064916922843617e-01,1.413769489577626892e+01,9.595614098158186778e+00,2.645690630747874650e+01,2.164973749446117424e+01,2.664662399593764519e+01,1.945285371818455999e+01,1.615952887562399454e+01,6.547922076267673752e+00,2.551113732507501908e+01,2.459795693645483539e+01,4.422718381069490334e+00,9.272243487982040122e+00,1.855350932933857422e+01,1.049176178247916758e+00,3.325844971318598908e+00,1.391883284251758823e+01,1.097741389114545996e+01,9.162470332095344006e+00,1.245007939379404860e+01,1.314043363849225621e+01,2.036664280057838283e+01,9.826516653984381122e+00,3.957515743317166113e+01,1.436139249358241976e+01,2.355034495042933074e+01,1.664430296665146614e+01,1.777381728370149716e+01,3.654841698112144144e+01,1.250482104984242060e+00,2.890590602371631235e+01,1.254059026074735073e+01,1.219775413928860885e+01,9.689729512113054000e+00,1.176941162548772901e+01,8.004090017232572407e+00,1.198224041921853056e+00,2.086703136782592338e+01,6.525804938051757986e+00,5.080440181657734477e+00,1.735743457571186354e+01,1.985156764340415236e+01,3.954993063802138664e+00,1.346598772385778275e+01,2.117363461686625570e+01,2.220594224750955448e+01,9.370984201738565389e+00,1.492185841864539952e+01,3.369556320723263099e+01,3.135937703328514914e+01,2.349793461086645863e+01,2.287489145729176698e+01,1.322748635087348745e+01,1.245275689171239186e+01,2.564816253337719942e+01,7.926710135384752220e+00,1.292924943784540659e+01,1.650736120000042462e+01,4.241122578461277826e+00,2.846406111890248880e+01,3.128013402056769809e+00,6.860735147247915222e+00,4.808554313864658702e+00,2.108690830902575186e+01,7.778439234146708792e+00,2.895590763909138232e+01,6.231586644455852309e+00,1.760731182772879677e+01,1.041833474679487104e+01,6.148274258741532883e-01,3.479533694329747107e+01,2.231909596177968780e+01,1.722837531223366980e+01,1.841102682495246157e+01,4.975690354841722396e+00,1.650642536169027608e+01,1.332416485307870602e+01,2.019982854501773772e+01,1.490189831840737433e+01,1.828903699093046953e+01,6.422939226603056717e+00,2.264931806600965558e+01,5.118227920591890800e+00,2.978078796074024837e+01,3.020525886536910676e+01,2.883320601655569959e+01,1.793716277174969065e+01,6.216011930935212426e-01,1.382190927668849101e+00,1.345672314819776361e+01,1.082631514164278919e+01,2.218971889530095609e+01,5.944647074394273645e+00,7.087944476680101857e+00,1.254060094141064319e+01,1.133278063031267457e+01,2.200514668472348134e+01,1.923025358990173217e+01,2.072532059200134569e+01,3.256927660815647130e+01,2.766598333032467938e+00,5.467704174684552498e+00,2.631985892308668795e+01,1.557811665052162375e+01,1.942729928030196263e+01,2.527050152832861940e+01,4.004334602766150830e+00,9.437594861599034601e+00,1.545465932757623762e+01,1.912729798654565627e+01,3.578730089853181795e+01,2.967633542992756901e+01,3.442506256890423799e+01,7.011513752137621402e+00,1.692153743848514580e+01,4.932642114279188306e+00,1.469386750046583856e+01,2.292256793507128165e+01,3.108595774788942734e+01,3.798452752486287665e+00,1.571752077302486938e+01,2.751296525282765515e+01,1.461564064624397474e+01,2.508988056281309298e+01,4.677663376639613624e+00,1.989971198281431697e+01,1.495727692109320017e+01,2.060519983573481539e+01,6.576018881927581106e-01,2.734864825687919421e+01,7.071376101609618381e+00,2.580827245828008487e-01,2.937185279761699164e+01,3.557082711501173833e+01,3.054850253697460438e+00,1.043482146434793556e+01,1.400290560436233456e+01,4.189696950916763996e+01,5.604599062874187965e+00,1.562503058888962570e+01,4.713754175794279355e+00,3.133351476958168647e+01,1.157290836284842150e+01,1.755141565019531669e+01,7.034376075365657677e+00,3.319282334699420911e+00,8.634195320136813123e+00,9.072216615356314406e+00,1.653833394028634984e+01,3.134005173495832963e+00,1.667254003689141229e+01,6.711311695809536459e+00,2.286113184689261502e+00,1.438119506332495234e+01
1.245669596102955579e+00,1.275830694170541513e+01,7.299906527746726326e+00,3.811189455923185143e+00,4.241685456825766209e+01,1.067730073520849388e+01,1.062918711030988739e+01,2.771999807681863359e+01,6.926809768028785452e-01,8.041086893449483242e+00,1.930795256721846043e+00,8.456699239189378048e+00,2.506869993640154348e+01,2.101965612631697056e+01,3.028561329814817071e+01,1.754138139086672155e+01,3.947131757922468509e+00,6.207468413754193115e+00,1.181666870492892407e+01,1.642939654472566247e+01,1.625929417756734807e+01,2.370471601234383030e+01,2.813107676841172022e+00,4.130444108030704164e+00,1.871912976281408447e+01,2.452141745037274845e+01,1.341175842841601806e+01,3.545254702799216950e+00,5.349080093089554566e+00,2.148857620551020364e+00,2.001987848820283489e+01,2.159401235084693482e+01,2.615030739588402930e+00,3.442179187622324665e+00,1.397351591337611865e+01,4.216848025883602524e+00,1.315151632487950906e+01,9.540976653908954219e+00,1.754837593036034349e+01,3.373585024367393004e+01,5.207508993476290371e+00,2.521652049921953420e+01,1.659962915650604742e+01,2.646131203741793669e+01,1.170685351443629507e+01,1.335213985464028852e+01,1.731193500672619123e+01,1.831768339513626387e+01,3.761659757917878011e+01,4.226364717183664688e+00,1.489271144962953919e+01,8.306659358146943006e+00,1.327942632564197822e+01,7.653107028615385943e+00,1.264676675047530630e+01,1.651559073437576686e+01,2.715935339887864330e+01,8.078113785314572581e+00,1.766974086974336222e+00,1.046863391307749680e+01,7.671118681615730850e+00,8.405779323277471349e+00,1.370733898214200153e+01,7.232908145872655403e+00,1.363989171027353819e+01,2.745198924497871928e+01,1.523720515405079112e+01,4.998897627075972183e-01,2.256127434765141615e+01,3.060023827850443023e+00,4.917189090091650172e+00,1.297406902213564095e+01,9.065663033774898238e+00,4.231055093452564364e+00,1.427307523151351987e+01,3.693722660673324754e+01,8.256444917877726608e-01,4.563342491806128720e+00,6.654063645746248312e+00,3.488407437358806429e-01,3.608508215866850666e+00,1.185892236752170170e+01,2.338247984531655277e+01,1.484994667813255065e+00,2.076005257809679705e+00,1.682600553547974798e+01,1.196792606872576492e+01,2.564358893044019183e+01,1.594101080899956280e+00,6.560616808374789777e+00,1.126471608259099355e+01,3.120847328775363749e+01,2.252051312802098693e+01,1.252924691140537838e+01,3.475628877743996981e+01,1.094491226570227660e+01,2.247187132589275294e+01,4.284041813773468022e+01,1.325457151920154431e+01,4.547623650187879285e+00,2.887618309003357098e+01,2.775919569028548750e+01,2.765567560204046771e+01,1.415543412505911469e+01,1.308458444858661274e+01,1.697027531418136803e+01,2.712311386455505158e+01,1.175286054140772407e+01,1.058921831462096641e+01,1.298493912413342555e+00,2.424943410893551743e+01,1.447643863493680172e+01,1.269998279829925103e+01,1.207130115223839084e+01,1.134809669498783258e+01,5.713119169431067235e+00,1.810865779629432026e+01,1.199028292333152201e+01,1.275882442480515699e+01,4.701470156749378404e+00,9.523325982299219561e+00,6.867581895913922096e+00,1.492523733880968528e+01,1.806937182779687134e+01,1.842777473137669730e+01,7.167014280463972931e+00,2.069014149962598026e+01,3.106331897270095066e+00,1.974783809965228798e+01,1.631238441234126313e+00,4.768868568207276226e+00,1.094099912612069225e+01,1.246357360293529482e+01,1.019294012094283097e+01,1.863752339789057544e+01,2.086543116513824359e+01,8.962641582434283549e+00,2.328588483793736685e+01,2.893333120051321927e+01,1.021590759504567814e+01,1.522325234041029596e+01,2.368893370816140731e+01,7.328701315353526091e+00,2.047617527797976678e+01,1.204249398011030259e+01,8.576257159817940234e+00,2.230875738710975043e+01,6.520625581437062834e+00,1.531452296218727227e+01,1.329274416709816720e+01,2.877525991237639857e+01,2.935610340300859633e+01,3.459209911469199206e+00,2.347128789485239508e+00,2.972194458247848114e+00,5.531100758382420324e+00,1.838327251521692318e+01,2.501338435581671149e+01,2.304478633595317305e+01,1.999424595273104899e+01,2.654336417858570485e+01,1.187571324718999399e+01,2.838912777303375634e+01,7.214741961926949720e+00,1.267966817602373375e+01,1.236513254334351153e+01,1.808533986322220244e+01,1.984704017910051377e+01,2.013998858905392808e+01,1.673547424867831168e+01,2.327255818605593163e+01,9.694692111422012815e+00,2.677020024666233056e+01,1.400497349726812146e+01,8.439078903600302439e+00,1.514914611569039238e+01,1.504187537936381380e+00,1.376752821732240584e+01,7.774250117178153729e+00,1.409342051945904473e+01,7.518771648356001314e-02,1.981106876120423133e-01,2.291684758928180354e+00,1.512611040023903364e+01,1.973926515293237216e+01,1.082591307571102002e+00,5.693860047830078486e+00,1.128863786910638112e+01,7.326026167002003930e+00,1.909391701535519914e+01,2.759474626957305787e+01,1.291263727627729807e+01,2.430688335181325144e+01,1.748169074422335001e+01,9.752393275991373400e+00,6.291085156682748591e-01,1.568867149735287470e+01,6.529377654379019624e+00,2.406035916906296990e+01,2.204886740691850644e+00,1.858014391217045613e+01,2.699399982282870525e+01,1.124044224531777836e+01,1.105029400830695607e+01,1.785604813053196693e+01,1.880749813703663342e+00,1.376075019609301364e+01,1.289209264142447608e+01,7.211195592818748779e+00,3.024137957423616285e+01,2.499689987621222897e+01,3.254552508519577447e+00,1.279322567802482702e+01,1.631219091127746168e+01,6.156582975938378333e+00,6.682850408504807938e+00,2.625321831216245272e+01,2.316004232875588187e+01,1.405312989365667597e+01,1.436847255401402279e+01,6.273845703870386536e+00,1.013421284003069545e+01,1.974543528248797486e+01,3.891571773753121022e+01,1.827560513829546451e+01,1.742457475224495766e+01,2.081087406609630541e+00,3.136649013238719874e+01,7.763774283484112804e-01,4.282890142389910615e+00,6.872483541961885933e+00,1.694228253019227282e+01,1.838244052438232146e+01,1.147938537276799842e+01,2.381458242619288157e+01,2.052691170063712534e+01,1.291010265554083780e+01,1.787656885625870018e+01,5.272594877053875528e+00,3.361004602838228994e+00,8.845598709903745416e+00,2.313946610489293221e+01,1.554935393597389393e+01,5.234340654690349481e+00,3.149281988094739582e+00,2.402196105468036524e+00,4.331534063664472711e+01,1.445408846178071016e+01,5.983146127070444464e+00,5.374380133774229407e+00,8.433961967622069622e+00,2.679333034352978871e+01,2.282067240197052627e+01,2.725425447401353551e+01,2.012627412881039035e+01,1.850242770436992501e+01,4.597141072989841426e+00,3.210171885290915839e+01,6.290070785097580774e+00,8.564093584365227940e+00,5.036624084661477374e-01,3.147739541823400700e+01,2.652694205075747647e+01,9.746604382507035425e+00,4.246444668259887578e+01,2.057056586465509440e+01,2.093315754483543145e+01,2.670454452624565889e+01,1.557038366734902723e+01,1.130061316532255056e+01,1.387546798975043139e+01,1.749603021566942473e+01,1.164992021638356867e+01,2.167995084225702840e+01,9.525837514722933719e+00,4.760714423799299766e+00,8.254848784467389677e+00,1.072247729987722664e+01,8.775136185619009765e+00,4.202858462884474733e+00,4.423651706368902481e+00,3.039199240935188229e+01,1.165886081133411878e+01,1.328548663011042485e+01,1.538287524126133476e+01,1.429070729411320961e+01,1.190933535626951034e+01,2.550967558432814641e+00,2.062136147310698941e+00,2.470002115377026541e+01,2.439773710215115798e+00,1.456123539736556394e+00,1.484408444339656086e+01,1.011614189811470155e+01,4.881391751786049227e+00,2.190118314557851331e+00,9.365959399296391652e+00,1.678321398985189816e+01,1.495406767919439872e+01,3.315922625772964238e+01,1.654004809290337974e+01,1.924904128765543021e+01,3.649195219647779709e+01,3.765252459136868568e-01,2.075386806360762293e+01,1.272805689802210694e+01,1.444516897865521798e+01,1.634158656790082631e+01,1.123386923697895767e+01,1.840054605527435783e+01,1.502304918805299483e+00,9.265419920680356469e+00,2.477784187449801934e+01,1.363112456532136818e+01,7.316617452395846044e+00,6.277435998148485297e+00,1.000167238418476678e+01,2.076954831419683245e+01,2.153380977495461934e+01,1.149214813063631624e+01,6.617296014621138589e+00,1.444759036534034280e+01,1.588336883991888904e+01,1.536700818508079003e+01,5.581769005943198358e+00,7.048039533213076302e-01,6.361071066886600178e+00,2.234979644911360808e+01,6.062631238781692744e+00,2.986697717574113753e+01,3.090641274142492279e+01,1.591407060959592812e+01,3.074656370343199896e+01,1.019388344861372886e+01,1.579418572378949293e+01,1.664629257880492119e+01,1.920282386508808514e+01,2.488179096218324204e+01,1.616875880485176165e+00,1.277607947645728359e+01,1.775287354726789957e+01,1.947906048525177880e+01,1.379548706523497925e+00,1.694638903025312615e+01,4.072971942919244803e+00,2.872862233712230307e+01,8.415842247406745136e-01,1.594808413294899196e+01,1.965876841727647317e+01,7.447042076893914953e+00,2.096204824089398144e+01,1.074283776653027767e+00,3.905106502418723124e+01,2.106253519000912888e+01,1.802071461060830870e+01,5.299534422827241187e+00,2.008499513215287280e+01,4.573460263743687193e+00,2.462655032786954479e+01,1.203826396902943863e+01,3.379574412950002937e+01,2.285034288307195993e+01,3.148102564936613845e+01,2.715220427057229546e+00,2.413062238097897705e+01,3.318408991391889717e+00,1.206425739087333504e+01,3.135592118204809253e+01,1.651110555341768915e+01,6.270998009952298169e+00,4.538453080913099846e+00,1.948948371697938331e+00,9.440842193315795328e+00,1.738379360691900644e+01,2.395455470384158758e+01,3.284839878319116480e+01,1.347017220988827546e+01,8.714214779115716070e+00,6.962111398894650360e-01,9.974467769297183040e+00,1.585341435614746075e+01,1.525404450579836713e+01,6.950895330972135078e+00,3.205757454250421290e+01,7.766227574564262603e+00,2.382377171884815326e+01,2.479586131756385470e+01,2.574964038297500935e+01,2.194410311723692431e+01,8.618256106129448924e+00,1.587738822037697339e+01,2.202608767260581857e+01,2.135755007392389970e+01,2.032737131172411083e+01,1.670030421987553382e+01,7.693696828659532194e+00,1.316640449984958572e+01,1.590906260828434782e+01,2.790761269736231398e+01,2.561661387243996657e+01,4.631483093248207616e+00,1.038808071446620218e+01,1.176294817265692316e+01,9.412004357187878867e+00,9.296888112882600197e+00,1.977159552974386258e+01,4.882677292728471841e+00,2.398673086889983708e+01,9.567300550106656587e+00,1.525480824052886497e+01,1.567675248018665712e+01,8.255800446190795228e+00,9.749014381501856619e+00,5.509096518339202220e+00,1.731038293587949539e+01,1.588117814527180549e+01,3.213002605073244666e+01,5.772154119628404523e+00,2.757638548739281603e+01,1.610798535779812823e+01,1.259836536160302778e+01,3.971423835389244061e+01,1.660691815261245097e+01,1.531829875406961605e+01,1.079365726782028290e+01,2.926369265045824619e+00,1.831847675132300779e+01,3.157005623790780646e+01,4.499355116407792454e-02,1.627683618400998711e+01,9.608202773364773464e+00,1.936919130485164686e+01,2.450930200519638547e+01,2.107392707863745329e+01,3.009796604313751800e+01,5.168428158455484756e+00,3.288248729333984954e+01,1.798988271318799192e+01,1.402067915309562629e+01,9.617631936893465294e+00,1.731022914673437185e+01,2.870448975087662902e+01,1.774007289533748022e+01,8.181089692256849233e+00,1.426599464618408497e+01,2.360337289928684612e+01,1.978566138687371989e+01,3.374545182057154147e+00,2.739897489903462713e+01,7.082749289753367705e+00,2.247600853032062673e+01,9.754951272985583621e-01,2.085254366627911793e+01,1.381354754036705579e+01,1.468370196551608586e+01,3.054522264187354708e+01,2.304618124256654355e+01,2.539543909762917551e+01,2.030784675776923720e+01,1.194913897736213215e+01,1.660315401930591506e+01,2.691968289653815560e+01,4.368691102832114481e+00,2.113141097679351077e+01,1.332270146968395608e+01,6.471230155505049098e+00,5.301017984012529993e+00,1.232160184315136675e+01,3.940253719599954518e+00,1.692860943041817379e+01,1.561714313625550155e+01,1.311396069691757127e+01,8.196904690120607739e+00,4.729616702008170859e-01,2.197359737059516149e+01,7.623125213979331072e+00,1.030111516414407902e+01,8.528102529299296464e+00,9.063499779713186655e+00,1.231128230454930694e+00,2.523599897568654171e+01,5.131173449690322741e+00,1.299099385400234929e+01,1.963969927048434272e+01,2.650489551006290512e+01,1.453118832252135562e+01,1.481389990716577465e+01,7.884067263093816891e+00,1.997657605655107815e+01,3.969046630709661372e+01,2.633024112340085487e+00,2.221345428294044666e+01,2.748203645562368735e-01,9.308744877728868161e+00,2.427702718550533767e+00,2.063714466062590347e+01,7.586811924133678886e+00,1.525865202716800262e+01,1.044127548945972705e+01,2.327612426301701021e+01,2.077548250655354423e+01,1.765226274263869399e+01,1.616012630166397557e+01,8.093997735476490263e+00,2.314520017964626319e+01,1.074215458348790619e+01,1.556791538147176190e+01,2.317955943781040418e+01,2.107164902558815456e+01,1.481050031265812805e+01,2.603682321882079975e+01,1.894834975931793508e+01,1.027698257154328942e+01,4.856696423786361017e+00,1.946444116589967521e+01,6.913315089641471900e+00,3.464307891530346240e+00,1.623150664383358333e+01,1.618142357771914064e+01,3.487406857897013435e+00,1.419349915980775734e+01,1.524911486663252802e+01,1.637370426065258400e+01,3.106979188205596287e+01,1.851807685648342527e+01,1.806148954929283512e+00,1.174180509427471186e+01,2.099537462511228725e+01,9.182448623324452441e+00,7.800956158954740260e+00,2.088961158030339149e+01,1.107508528764748768e+01,3.029933752403596969e+00,1.322149855070751334e+00,1.015963742196719188e+01,1.482204962508927615e+01,3.550575136831924539e+01,1.060507931872608012e+01,1.050120932355012116e+01,2.150429524356957600e+01,1.655336779783479528e+01,1.762617420377875987e+01,9.154024252984852339e+00,7.064504947987099825e+00,1.888658608931113392e+01,1.313093536603923894e+01,8.972139463376160862e+00,1.730872675711759401e+00,7.208508569969021451e+00,9.942536884374025163e+00,1.816735836918517677e+01,3.122605961434176347e+00,1.667421991361557332e+01,1.082697930765858274e+01,7.376281765152513659e-01,3.521784032240142803e+00,1.385821555574796449e+01,4.755779872268991681e+00,5.062575097581515138e+00,2.468936756100597307e+01,7.559659926993654189e+00,7.021121264279592822e+00,1.507974572763478882e+01,1.363234047109465052e+01,1.882309936188161359e+01,1.003686481553172705e+01,3.280036663171591726e+01,4.251385170735577645e+00,2.767921259486799457e+01,1.467750619301263093e+01,2.318343935911714837e+01,2.600781568124014598e+01,6.007126981945842381e+00,1.523079270830197096e+01,1.546072449026701534e+01,1.993535352193741872e+01,6.681493822638158164e+00,2.922411354348438550e+01,5.899070174521104271e+00,2.311119130496074092e+01,1.245464515711421072e+01,9.606682458878832875e+00,2.458669059634333820e+01,3.450148298986603379e+01,1.426480624603619951e+01,2.449922819868943336e+01,8.403981788269891950e+00,2.021087277368539858e+01,2.047292349856289384e+00,8.001143310593272773e+00,1.599735751904902514e+01,1.909628405406466101e+01,1.449713857705164477e+00,2.434451748989713504e+00,3.526774965506085824e+00,2.476149885348377921e+01,3.043942363666861439e+01,1.020922720253170013e+01,1.347098959081733760e+01,2.435753891513525815e+01,4.768232219837279295e+00,1.544286558501732287e+01,2.893813439150018763e+00,3.509601226812168129e+00,3.392601392161476159e+00,6.271502723892147024e+00,3.030577391141221355e+01,3.129838816022247272e+01,1.861556321763114852e+01,2.917737723190370858e+01,3.486691133167580858e+01,2.165492057949598248e+01,6.195132567484836983e+00,2.015696446309147660e+01,2.657091533632882729e+01,1.165812336438692931e+01,9.056213474772436101e+00,1.126973033151802639e+01,2.338940446217537072e+01,2.530370614570105303e+01,1.761320953622239216e+01,1.628904888458505784e+00,1.166322570294974881e+01,2.910503495013117714e+01,1.134023192194851326e+01,2.549195898705647423e+01,2.682904473730902595e+01,8.655888327510769642e+00,6.971978017217918655e+00,6.567676512737328665e+00,8.218305695149787482e+00,7.777188745821347560e+00,2.930077303501738939e+01,7.440532654879683960e+00,8.713617654506679244e+00,2.334834931759804988e+01,1.931529673776553224e+01,1.412237300345856994e+01,1.122203993266784572e+01,1.272531919348506291e+00,4.991527421468782144e+00,1.574024800535450019e+01,7.826861647006539968e+00,1.124358338738093899e+01,7.320634835700193577e+00,1.989926656144997352e+01,1.807289099525670650e+01,8.478628208074091788e+00,1.267404027557496526e+01,2.604121397852801678e+01,3.011186760565091447e+01,1.062193644930041003e+01,1.937976475037514845e+01,1.903545750834925343e+01,3.628061180201193725e+00,7.726981340536804410e+00,2.404563591831177405e+01,7.164691458033856541e+00,9.218107745179414891e+00,2.398090595649393109e+01,1.650516749827482244e+01,9.485891725680486886e+00,5.237330558865175512e+00,1.746254105398154266e+01,1.192663301623575123e+01,1.007848062285018287e+01,5.663190173431817520e+00,2.015578923646220488e+01,9.395796787241248893e+00,1.767445422460641780e+01,2.408926517273446777e+01,6.695082795691489785e+00,2.128403483010082908e+01,1.170817439665341020e+01,1.271428593133492768e+01,3.655581600371650808e+01,2.343786205823825597e+01,1.387066229823089003e+01,9.282047824826999971e+00,2.632989944828028328e+01,1.834519027256158807e+01,2.318935878341154577e+01,6.227951602445398471e+00,9.136255396640288851e+00,1.891861998364992914e+01,2.969834540897192099e+01,1.862352301653391251e+01,1.137081743097970232e+01,6.031337963118227563e+00,1.636751341243042646e+01,1.327967225433705067e+01,6.644258512297156472e+00,9.552313681255212074e+00,3.514939433426055970e+00,2.442659124421221506e+01,1.085272384110492183e+01,2.078931546109545536e+01,1.451775908600482090e+01,1.269799776479774422e+01,1.694642372036058475e+01,1.346720850030826000e+01,1.799967363637477646e+01,4.513584317212719910e+00,1.039567889424900216e+01,2.561993542158862169e+01,2.809916080522127402e+01,5.303260557597769598e+00,1.913776917339558636e+01,2.260879438487114612e+01,3.308605033307413379e+01,5.461223284552656487e+00,3.342925316545172620e+01,4.589041527874439530e-01,3.766483652688808359e+00,1.541394671142302997e+01,1.615577725061641345e+01,1.018545551764077928e+01,2.168554585500746157e+01,3.676451898834265108e+01,2.018546124566710276e+01,2.778457996574703515e+01,1.636743980168356982e+00,2.098502856717722054e+01,3.626567417662117521e+01,1.165554878996884014e+01,1.148922095394117604e-01,2.470683077571258934e+01,8.342858425794187127e+00,1.794779145750419502e+01,1.257311727697013737e+01,1.640854674998543317e+01,1.711899314226733182e+01,2.309075315607213597e+01,1.628478557432115537e+01,2.640151505391211728e+01,1.553479009461569937e+01,1.434871450061179132e+01,1.129452979604913132e+01,2.125516375086451148e+01,5.697285366886037039e+00,3.608730117839625162e+00,6.347515182915420162e+00,3.383199552468470728e+01,3.569148664504448476e+01,8.760834499556553467e+00,2.956644236206930643e+01,8.367277472922891590e+00,3.076454720635118267e+00,1.713206952370183345e+01,5.912775596131915279e+00,5.459656460265187583e+00,1.833320212477610411e+01,7.847723966796196216e+00,1.326783377442658285e+01,7.971239627752876866e-02,4.376065012613134542e+01,2.080981692686419393e+01,1.725797976902809694e+01,1.148660199396960380e+01,2.268454801431975199e+01,1.675897758339446764e+00,3.166591135784043587e+01,1.159209196110457363e+01,2.258713970492197376e+01,2.667592225676410678e+01,1.401237765072677988e+01,3.638810854141056694e+01,1.949029788472246594e+01,1.522332440425691047e+01,2.757122536514781430e+01,1.781204434489723099e+00,1.000595149139478890e+00,2.771741706508774428e+01,1.022994157461179121e+01,1.532469423266563169e+01,1.919794924752106269e+01,3.767124653845430604e+00,3.061497295961172327e+01,1.907313986643439563e+01,1.184866331091382818e+01,6.102021505999031703e+00,1.654505437844638394e+01,2.519824227971505515e+00,7.399875697588496948e+00,7.237207185924961372e+00,8.245448735190846534e+00,1.363523023770265752e+01,1.373611834190575465e+01,1.819873880749415562e+01,1.367821322381197291e+01,3.105320485204196856e+01,2.418254573410080255e+01,1.045618722676005252e-01,9.022131281017829352e+00,1.024986625072767588e+01,8.664671325572401273e+00,1.610166620123010617e+01,2.155844835641113377e+01,1.001544369034619386e+01,2.891654265139318447e+00,1.663453668356681803e+01,1.971367816343391643e+00,1.016909210852184309e+01,3.205825680176754133e+01,7.618521704865290012e+00,1.729605337946775023e+01,1.979380791890542568e+01,7.344655156430210496e+00,1.289012573336891165e+01,6.438015448341420921e-01,1.395651251138709803e+01,8.713838937328091561e+00,1.250036958007867760e+01,3.058721260225222949e+01,2.004716686668117021e+01,2.442533556899119773e+01,2.336654747973556567e+01,2.260988811036335022e+01,1.079728838620693487e+01,1.160251354250301858e+01,3.514002300605905305e+01,1.059754325455175206e+01,6.932411961702499070e+00,1.686807233201115253e+01,1.944194046609797866e+01,3.691283926501961332e+01,9.511518294575440180e+00,3.181260911438581473e+00,2.441482702824582063e+01,2.799501788120912593e+01,4.922981549711284543e+00,6.823236825134667782e+00,7.701708619307791714e+00,2.576762238993465104e+01,1.896921668969772412e+01,6.671319333827100628e+00,2.168737580113574381e+01,2.578767007589356908e+01,3.343867487088517976e+01,4.217186530507036402e+00,2.800826648083799952e+01,6.689629481172008063e+00,2.696345405180626997e+01,2.404720774994605037e+01,1.347623942949156017e+01,1.369948672785781874e+01,7.295736963997771163e+00,4.953539971204201642e+00,1.699830780429471133e+01,4.695525892233556320e+00,6.808563477825282817e+00,6.825121914088633446e+00,1.624777161197647501e+01,2.703878330209884595e+01,1.045570232280658018e+01,8.861778020225662189e+00,2.111151423563689988e+01,3.072625207006741732e+01,1.277268711697694181e+00,7.575453098033838373e+00,1.889143062291567432e+01,3.706862106058304107e+01,2.097595943780931194e+01,2.702209887672569977e+00,2.516091622740884937e+00,3.132806835525834188e+01,1.880519598159300898e+01,7.471930477219636657e+00,6.683937058038738499e+00,3.561063363008832283e+01,1.734489991022274324e+01,3.378419967385671185e+00,2.034232113515010099e+00,3.079161878510425510e+01,6.366385386950206282e+00,1.297344797684218776e+01,5.779485899844910568e-01,8.011408080745514582e+00,2.575541278729643224e+01,1.425795429877229914e+01,1.378113974752390547e+01,2.948293355783465941e+01,2.961241128143258550e+01,6.446502494854506438e+00,2.905993851556180285e+00,1.547398609424738325e+01,6.721585717770588886e+00,3.066898145201804482e+01,2.173843819394962651e+01,3.762337360177850254e+00,2.453813237524848034e+01,1.467688305048541153e+01,3.672614330662813131e+01,1.872024799574556653e+01,8.346513783343086246e+00,1.918191162143341799e+01,1.399083249679061680e+01,1.660544189084413702e+01,1.421573745004544032e+00,1.850457358527170371e+01,2.469242797660082900e+01,8.863267239349736926e+00,3.237050684240767140e+01,2.253139718665975977e+01,3.381818335656078744e+01,2.797852299269098708e+01,7.531704066911587780e+00,2.183191123891753804e+01,2.399002466873616513e+01,1.369450231629776527e+00,1.903165271734891562e+01,1.185443054466037482e+00,8.815594636342868995e+00,4.501112838334040411e+00,1.587410757943819384e+01,1.080356590344632828e+01,9.445972100762201507e+00,2.219038478751009791e+00,4.789093144424332316e+00,2.369203397540160339e+01,1.660501055207681631e+01,9.758308276996510600e+00,1.015608975140773573e+01,2.540574963779307183e+01,4.398661325221033813e+00,1.250199798016113739e+01,1.647333056065609469e+01,8.108324517741269943e+00,5.012481416448080651e+00,1.556347476366025617e+01,1.357214159267643794e+01,2.014314427180301692e+01,1.274969956512475733e+01,2.343600413332209342e+01,2.607990177674859567e+01,1.227141907282412348e+01,7.205114797355831158e+00,1.127032340400842614e+01,9.794908553792078365e+00,2.335268301174071226e+01,1.027438452794295110e+01,1.867129727235746017e+01,1.382394911303431861e+01,1.223405574806763063e+01,1.385401581177127994e+01,3.554203530099823638e+01,6.015103598859099066e+00,4.823561968328939464e+00,1.991982691019255114e+01,2.950827922158743633e+01,3.379896472199171598e+01,5.594708355314380377e+00,3.132097207009321949e+01,2.397996644090242668e+01,9.802681679859750474e+00,9.256278822032006914e+00,2.970573630369619522e+01,1.152950526831657285e+01,1.168839530892689282e+01,8.092403249812370802e+00,1.910839340739944348e+01,1.485384883712327131e+01,2.284793249414489225e+01,2.958740390657665387e+01,1.152014950579914121e+01,7.525146861762212147e+00,1.990739767200649268e+01,1.451378814426607100e+01,7.922741732345028431e+00,2.498573774642574818e+01,1.312934732856357734e+01,3.185554345760513328e+00,2.034904520648441206e+01,2.236984922980017387e+01,3.650388722945265840e+01,2.883227928848640431e+01,8.026423496572675731e+00,1.506400290804800868e+01,1.496006849833301189e+01,2.061032122414654921e+01,1.778078268030952103e+01,3.011825845146581671e+01,4.656133521288383648e+00,1.418903531386373729e+01,1.865320833995951944e+01,1.434249597718678260e+01,1.813003211097497314e+01,9.509913300484736709e+00,2.906163419508401846e-01,1.743380267509755654e+01,2.681930339471621494e+01,1.349553151947689500e+01,5.185852765400227327e+00,1.648029733172646871e+01,4.784910058400246413e+00,2.733660995005833172e+01,1.279250748780964919e+01,1.441948831432100953e+01,1.940574689606433267e+01,5.943888888604860199e+00
1.957433599195014295e+01,5.416385635764044970e+00,1.388167413523389548e+01,8.945613206701926501e+00,2.120686540774853768e+01,1.322732894175942953e+01,1.770206353716245218e+01,6.480853821341095999e-01,4.435102595858788632e+00,1.446554604040383829e+01,6.900908541172366739e+00,1.484466786598162891e+01,2.966258743815827970e+01,4.890717526205573762e+00,2.132549106380083970e+01,9.333682489866763632e+00,2.274133083972960634e+01,2.818771027279600716e+01,7.849869487105509691e+00,2.611654586417536095e+01,1.835253710976548325e+00,1.116546615343402493e+01,7.744191428009715494e+00,3.500277685259748495e+01,3.792089173894335374e+01,1.543519730942613144e+01,2.304620718724750272e+00,4.974453512095533547e+00,1.659354834518357436e+01,1.756778508022373586e+01,7.834606954395043843e+00,1.442129774852990387e+01,8.960146186934919044e+00,2.025101867644400144e+01,1.745655005895142153e+01,2.716116380897416960e+01,4.298947934940808402e+00,4.104204146143478837e+00,3.025716990099811543e+00,2.351058971754687121e+01,1.289970900888644678e+01,2.013776757587041999e+01,2.101337935186605321e+01,2.187841664549570808e+01,1.733767093979390239e+01,6.150645620143343706e+00,1.995487345217737030e+01,3.922737895063664881e-01,1.481154116439088675e+01,2.503432345289585115e+01,1.179785203431155871e+01,3.793536563945734130e+00,2.307891938611707516e+01,2.800569018953468259e+01,6.415440576385893934e+00,2.170650141871754712e+01,1.128272697664208835e+01,1.353461748417234745e+01,7.137754168202899763e+00,2.081426229254130433e+01,1.452771159066833739e+01,1.410386512728103980e+01,3.609481123685367265e+01,1.042297177768185534e+01,1.956226675751626942e+01,1.310378336354030537e+01,1.466718021725007048e+01,7.010822309520516882e+00,2.480711915024864211e+00,4.368388589708918524e+00,1.891948983922245020e+01,4.003648398578214973e+00,1.167605435186779061e+01,2.712174802347192326e+01,1.665480453247544901e+01,3.111790187281301101e+01,4.301279238195824917e+00,2.684971071468408610e+01,1.815127760788140776e+01,8.230813613690422414e+00,1.703131285698894359e+01,5.103337902517091074e+00,7.861687804467880625e-01,6.924709009591545339e+00,3.156263858310737191e+00,1.144264035836442162e+01,1.155668068525289449e+01,9.790463791996568688e+00,1.628604965518031911e+00,1.855895827959100686e+01,2.144417980619867237e+01,3.794376903138962032e+00,2.544404399095370195e+01,1.228098120237364199e+01,1.849023569392606703e+01,1.821950783375879368e+01,9.578627735028099721e+00,1.715797251872067264e+01,8.348007700172061618e+00,4.339624559817746530e+00,1.829135965179848711e+01,1.230481520660435990e+01,3.378607555445189803e+01,4.675609238078966001e+00,3.122459215021839540e+00,1.617473345950201313e+00,2.779201880040510719e+00,3.662436853576038764e+00,3.802308903462941458e+01,9.665107831976677000e-02,2.889873510302742687e+01,2.006915161941844872e+01,2.076992705862637401e+00,2.003029184197722401e+01,1.651307272939676052e+00,8.107317449438102841e-01,1.004436116467875095e+01,2.124123102889835835e+01,2.087488466100801077e+01,6.458442646887514016e+00,2.335100691293057906e+01,1.433679308504843775e+01,1.940548565662329139e+01,1.405308829429815276e+01,9.619719666614745535e+00,1.383119873056385174e+01,1.135291177925676109e+01,2.733029359000517466e+00,3.838726018959410236e-01,3.609852428148725423e+00,3.071628367228020462e+00,3.881824892349532430e-01,2.800790519054962235e+00,1.647213496419034939e+01,1.338393660365604809e+01,2.618111737098043790e+01,2.020525805078418280e+00,6.652196678853064427e+00,2.822241682261364559e+01,1.880378351471166809e+01,4.631513136567261268e-02,2.452955068818335249e+00,7.706033055787912645e+00,9.731143987152663044e+00,1.789757376299024827e+01,2.455271847605093072e+01,1.185253342302488733e+01,1.795295962248870936e+01,5.122768196810806529e+00,9.274695284486202951e+00,4.074036071643021728e+00,2.085811627392353174e+01,1.506848004752554893e+01,1.649249371199747216e+01,1.198989518646964747e+01,1.583866389500911254e+01,2.651414495467017129e-01,2.583700654935239527e+01,1.819438034362168466e+01,2.378176952913955233e+01,7.555174621182871419e+00,1.294808888177292161e+01,2.818971753555078230e+00,5.761910044575517809e+00,1.989003804883903470e+01,1.465687790763708698e+01,1.429218716218334961e+01,1.428984096476523113e+01,5.437071162441495353e+00,1.628127438128552740e+01,5.444314809772559105e-01,2.581173873717598610e+01,1.473133682974168579e+01,1.003693564427688223e+01,1.724905544394503920e+01,3.119420102432996345e+01,5.287503955381058773e+00,1.289132320842154300e+01,6.634926705884713449e+00,1.009019387155042935e+01,2.738841026716522364e+01,1.313816082368253468e+01,1.911051850587032774e+01,4.087809525628311569e+00,2.675217097449941051e+01,1.970147440950065487e+01,8.021334771813927844e+00,1.991810100866383237e+01,1.310383671054765919e+01,2.010153281042999396e+01,1.226556051942044334e+01,3.668771564923973383e+00,2.359174279772987859e+01,4.398851560544749795e+00,1.896376201801934158e+01,2.352884166096169949e+01,7.983359342619063881e+00,7.534356695002186299e+00,9.277330265129926090e+00,3.068963604885061258e+00,1.288513062509273333e+01,1.367335305709596049e+01,2.500226230625237633e+00,1.397814948025336967e+01,9.645637769126583549e+00,2.023416011440107098e+01,2.327806301466108607e+01,5.077545560317795470e+00,1.043668863621593168e+01,8.589649498318090437e+00,8.164327728773008275e+00,7.590811222803282909e+00,2.241134797345927154e+01,5.969214693471652566e+00,3.189960522946633148e+01,7.000661255857730803e-01,1.551843141110446922e+01,3.061671566259675714e+01,1.824231282174418922e+01,8.537788921942842890e+00,1.913387026771226829e+01,3.396340274877645982e+01,2.231528916957945441e+01,3.297192691518980467e+01,1.474063186039844808e+01,2.092311522165213944e+01,6.246666021105188094e+00,1.277676582145399475e-01,1.148947742793869153e+01,1.272731692233787726e+01,1.877756548662326352e+01,1.241887759445266148e+01,1.899448840877001032e+01,1.536327407915769072e+01,1.953355390650445145e+01,3.182347893950294448e+01,1.443113672455504926e+01,6.494692737896724521e-01,2.385032752574661430e+01,8.373904462201991805e+00,1.972605534077703737e+01,1.640971902235629898e+01,1.747400171364165544e+01,1.365264331333623993e+01,1.148469151970002294e-01,1.929566691243444865e+01,2.323287827613871315e+01,2.224326877594038621e+01,4.513457049739360016e+00,1.212899356406823337e+00,1.727849844351517561e+01,3.356948636781281436e+01,1.401526034496165884e+01,2.021185776970826797e+00,1.258996726954946466e+00,1.635815380414264553e+01,2.047305644630087684e+01,4.562309461362881180e+00,1.843779261246640289e+01,1.418930837377662968e+01,1.331176227638303899e+01,1.942820138264855956e+01,9.032291281641944281e+00,1.709960645080566977e+01,9.854240136648558135e+00,3.469175254952479914e+00,1.305040292674484848e+00,3.381968638434425856e+01,8.034746989886208723e+00,7.061305153114489919e+00,5.146223067085292868e+00,1.037979343859595716e+01,4.151340431335578174e+00,2.481912358772756022e+01,3.978602958224836783e+00,1.353105891172078579e+01,1.134964005665682762e+01,1.169749350582236325e+01,6.394217487907045694e+00,1.980781876969304633e+00,1.141337636369503450e+01,6.111340910197731624e+00,5.795139781638454224e-01,9.774510997440724935e+00,6.032892920334447240e+00,3.928163844506553204e+00,1.259501766770217124e+01,1.861084148021292251e+01,1.966803983958602231e+01,7.713115890139251363e+00,1.085484437900333887e+01,1.775130172599156353e+01,1.084085473444965508e+01,1.142200004189257356e+01,9.959355921979350157e+00,1.090144029508416423e+01,1.661484698628555989e+01,3.023973061485320457e+01,1.116310440041952035e+01,7.518268269718425323e+00,2.627706630396597376e+01,1.953941480733265479e+01,6.512125265514195682e+00,1.421111305806307357e+01,1.472231067200627486e+01,3.174824152626801776e+01,3.996483691982428255e+00,1.558119198374265579e+01,1.454943105505641654e+01,1.332586527571452351e+01,1.353104802328880929e+01,4.503666564700863795e+00,1.679746015014937299e+01,1.165418020750907502e+01,1.567970500503747644e+01,8.711860747204706712e+00,5.311523921323985320e+00,2.308928231171885415e+01,8.636631224600002099e+00,2.392893270091533964e+00,8.155366365277730623e+00,1.041292880790548026e+01,7.011717974922945018e+00,1.046733522221110135e+01,2.285340225621472854e+01,1.906062180035895892e+01,8.160323989825339908e-01,2.426746875674409409e+01,3.822300371928895935e+00,1.044103129801963803e+01,3.660955947932860965e+01,1.857894352690635031e+01,6.939155652679128039e+00,3.082231563440706701e+00,2.724150934333775709e+01,1.880117837954008664e+01,2.948521928111502888e+01,5.739206571592998074e+00,2.760767971354010086e+01,2.244842914072666318e+01,7.927876930006398482e+00,1.039574787871670658e+01,1.285101045459798819e+01,2.058692634204051686e+00,1.925020479362487080e+01,2.440732076006160511e+01,2.122501908558325567e+01,6.231490085010249480e-01,2.481839036451952296e+01,1.066861761899630778e+01,1.279600270972927056e+01,1.891192608430027278e+01,2.178851986019444098e+01,1.892861821608606476e+01,1.209851335034799291e+01,1.186264184898313623e+01,7.280741258970677698e-01,2.562207372391146620e+01,5.421343001020989760e+00,1.784852028909496724e+01,2.503065634760834435e+00,3.394947022495103539e+01,2.157915764635570355e+01,3.309550708985781142e+01,2.017503188545511605e+01,1.694049234215408006e+01,5.014588219071237418e+00,6.465916144752942962e+00,1.385104068489249052e+01,5.601045648627434037e-01,2.111663919666728262e+01,2.009379924020944941e+01,8.826660536234244958e+00,5.668322523851820449e+00,9.419404958593609933e+00,2.605714965956876483e+01,3.864927651837775979e+00,1.125471944484657705e+00,1.407368038049640191e+01,1.285259711982421393e+00,2.952343385202522796e+01,2.637044553607882591e+00,5.383267384516292609e+00,1.789878623073241926e+01,2.383329902984700510e+01,2.500456911502938695e+00,1.248290854621469137e+01,1.552606023304094052e+01,9.284885464414637468e+00,1.863515711431284316e+01,8.622665467761557068e+00,2.588518353232253943e+01,3.197053054008893724e+01,1.854544516884030969e+01,3.231606484820555458e+00,1.197950620407846323e+01,1.599055657480114867e+01,5.503647390260187677e+00,2.641007683208696477e+01,1.575973961461582817e+01,6.427708626417703019e-01,5.308980813469279525e+00,1.303021970914392202e+00,1.825395374188120456e+01,1.795194309977327407e+01,1.832789654647318400e+01,1.029807382337495447e+01,1.395863564629182818e+01,6.693155035462072355e+00,4.329711032165750595e+00,7.522051130231790950e+00,2.060387300497752250e+01,1.140228389619693061e+01,3.909927984446925464e+00,1.010618349167688024e+01,1.258111403118097016e+01,9.313737096554971728e+00,3.001321289885563104e+01,2.507752038123859961e+01,4.602887509312623138e+00,2.339613082111128506e+01,1.722909356567813077e+01,7.368028950653462417e+00,6.629099358618200100e+00,3.126861775536212695e-01,7.446877429571506113e+00,1.533448208730277607e+01,1.200253537711332896e+01,6.468619386183022790e+00,2.009981735451839313e+01,3.007805879709163932e+01,1.381089662088566072e+01,6.529358877613475443e+00,3.225117449649869883e+01,1.845901973594476358e-02,1.407594078692837236e+01,3.978518782121808783e+01,1.744491660191107130e+00,1.255053107840262605e+01,2.275833173077424121e+01,1.613445823005628199e+01,2.180431894213552368e+01,1.102014130169590977e+01,2.139118764437967002e+00,2.730373098557554812e+01,2.170700073696377785e+01,2.455762000634197051e+01,1.979963832230983556e+01,7.487589973945072863e+00,3.104447278346406947e+01,1.101830312622894859e+01,1.649229400691984893e+01,1.308481174514210110e+01,2.116629793483309641e+01,3.032944983024411556e+01,4.092176214194075357e+01,1.377650636128915629e+01,2.136701202882466788e+01,1.546389029022602024e+01,8.421926205121200937e+00,2.099228278523579405e+01,3.000676239100095088e+01,2.836090550208555783e+01,2.230302914819240812e+01,1.882274681361144530e+01,1.644594720223589590e+01,2.768899235085780219e+01,3.088738941160916074e+00,9.863833245983524733e+00,7.852845936487645950e+00,1.428350717720831042e+01,1.455446621494895432e+01,2.510118403386935881e+01,9.791633691383452742e+00,1.496906233937611752e+01,2.348571400706560119e+00,1.377752867808951898e+01,1.366009496601023221e+00,2.061010338349529647e+01,1.455937505411115040e+01,3.216185974567380423e+00,2.005713859488102813e+01,2.309110490338118993e+01,2.310655977955756768e+01,5.170092296030292189e+00,2.554273879999474772e+01,9.071763689604653180e+00,9.717320620652968088e+00,2.773671947491428469e+01,2.607706577420017169e+01,4.370524594663964812e+00,1.048651025947111215e+01,3.899927317781491265e+00,1.063076195497478693e+01,5.641360320813217477e+00,1.532549098908085661e+01,2.092099746990205489e+01,1.112368747379553646e+01,4.380174189369047610e+01,7.845001821991175461e+00,4.108199056600657428e+01,1.988941155607999889e+01,3.478471640310437873e+00,7.894152466001274959e+00,2.828047553553192728e+01,1.559220157970800713e+01,1.981298447118202688e+01,2.989380033538664705e+01,1.503496029379260435e+01,3.961882575322707822e+01,3.542708568573107009e+00,1.404496796702804673e+01,2.709385019335137201e+01,6.125295542746719946e+00,2.713025872817706130e+01,3.088668831712064744e+00,5.815748069696359046e+00,7.785684704211530693e+00,1.906828256184840242e+01,6.628769831230761689e+00,6.690633448657210991e+00,1.036817149935032667e+01,2.081830299072300505e+01,2.045930159211384236e+01,6.503774322287716458e+00,2.799417014193110376e+01,4.905692125153122696e+00,1.150429313274838528e+01,1.505494383980388129e+01,1.253718196862521772e+01,1.860166804736653035e+01,1.099939585358346505e+01,1.660874580845513293e+01,4.286440098403958565e+00,1.371572953272056949e+01,2.031672189168252274e+01,1.917360657689369319e+01,4.427796327146987565e+00,3.102485375189603900e+01,1.276275447345954284e+01,6.795451337918697376e+00,1.083199182695691221e+01,1.588567377217102283e+01,6.816156582740083181e+00,1.430957169549881769e+01,1.286470751937317658e+01,2.745942948084329771e+01,1.427503700151561361e+01,1.970678030622012500e+01,3.708136610237685460e+01,3.134227778935369102e+01,2.471531921453675729e+00,3.978047278645376217e+00,9.578183798313528285e+00,2.886750661227915771e+01,3.046127015899342894e+01,6.912905415505127493e+00,1.241985051370305904e+00,1.010132721380648846e+01,1.927680419036040860e+01,1.523118650389869799e+01,2.472568312210897190e+01,1.062243187362708063e+01,5.312657092985173080e+00,1.721065052714813604e+01,8.067411295236837532e+00,1.005566968333845068e+01,3.982815636585603780e+00,9.757372851202317676e+00,2.226540741038690285e+01,6.493159581392788482e+00,2.650614330138893493e+01,1.007620337066612137e+00,2.509236156476660895e+01,2.361190530110999930e+01,9.195555481642545104e+00,2.025517743691382933e+01,1.514631514986668748e+01,3.535520559445171074e-03,1.896797286199493726e+01,3.328488117644674560e+00,4.931807394709513542e-02,2.210144642787661873e+00,1.878218340858075308e+01,3.872419559239300213e+01,1.611723996654566093e+01,3.205808739618464021e+00,2.192808341606532707e+01,2.404536251601549068e+01,2.446014289112488171e+01,1.478250076077272546e+01,2.230835689133373823e+00,1.268664841124773623e+01,9.084108737981335224e+00,1.286499093020995588e+01,8.576233831027662902e+00,2.546499891206931210e+00,2.704227824782661926e+01,1.252124656255863444e+00,2.076705992812788537e+01,1.502471135650076839e+01,1.889728378058736613e+00,1.821757497217269517e+01,9.448310547959662742e+00,1.266776531365911573e+01,1.536131897317203965e+01,1.794473895066539981e+01,1.082898948632196223e+01,2.131518432217933068e+01,9.410176687668004192e+00,6.612537874588646503e+00,1.880771818449873578e+01,6.012168923044814761e+00,6.036723721498054793e-03,9.895131461013647822e+00,9.725385986651817749e-01,2.850212872758895699e+01,1.781052837274148004e+01,6.029781299379612491e+00,4.989594232750540037e+00,2.097087977638168788e+00,1.487140262252311018e+01,5.934923097886696475e+00,4.366182309181394494e+00,1.035530184604167792e+00,3.108273637455271743e+00,2.467120471428208894e+00,1.918029914923412349e+01,2.047850364157578440e+01,7.418771369156661188e-02,2.035767373248966905e+01,1.386311767503510417e+01,1.019354786339927088e+01,7.645576299244292606e+00,7.557654189552277302e+00,2.628214230060518020e+01,1.327034167230946338e+01,2.919078836633632879e+00,1.238285409853905605e+01,1.233180507214835409e+00,2.556220736268007343e+01,3.091464744233771711e+01,2.435510684353889843e+01,7.897556247042592403e+00,2.747234147312655583e+00,1.176527702104449347e+01,2.024038627276268443e+01,1.106278011088677182e+01,1.254462207894276382e+01,8.925770257241662620e+00,2.795703538258466025e+01,2.694050793636655428e+01,1.352076428867149005e+01,2.825978178417560116e+01,1.957661770881229657e+01,1.259590015186551248e+01,5.672294117304090832e-01,3.796503692508128580e+01,2.051278537380002476e+01,2.352491755333784340e+01,3.620767068038325931e+01,2.999043798148777995e+01,8.557638243727973659e+00,4.669796579673125336e+00,9.024282020954846217e+00,5.743831084784286389e+00,1.664794672074928528e+01,2.354358364267945092e+00,1.956178284210320228e+01,1.907139853239289806e+01,1.170135785015221508e+01,1.753117180719945267e+01,1.468964427788665539e+01,2.540731705351657510e+01,2.818312732085203010e+01,3.848680636303003411e+01,4.390672569031898398e+00,2.094477956121012951e+01,1.456133527318729826e+01,1.588785769484822641e+00,3.418163731503568670e+00,1.066321030908193457e+01,8.344522462436666288e+00,1.518579794603642341e+01,1.445426798938186508e+01,1.278659396808483706e+01,1.888320736580989134e+01,9.023173398602693851e+00,1.031978904939368746e+01,1.803493861998458314e+01,4.776162100046924541e-01,2.494302769880579973e+01,7.870192406826051368e+00,1.218146407690579025e+01,5.230396336387248546e+00,1.525340706144326752e+01,3.952071404050625070e+00,2.768866976439905869e+01,1.433490777957503681e+01,2.208406886366861599e+01,3.839085042908616074e+00,1.328606202003449965e+01,3.095881659400248864e+01,2.823678001518467440e+01,1.683867254302930405e+01,1.880975488176138199e+01,1.099259075473903557e+01,8.156171701419557829e-01,3.389876408210043213e+00,7.846741658079434245e+00,9.344006584351568279e+00,2.212594692433795629e+01,1.577741761134233123e+01,9.378576813727240946e+00,9.314449129772187419e+00,3.251834328684306996e+01,8.966859463928642526e+00,2.224086885913691702e+01,2.573046157416386759e+00,7.970411951611284795e-01,1.768858468207834989e+00,3.819023943518740083e+00,1.169843393498974926e+01,9.249626388219516215e+00,6.907771896697417091e+00,1.375679059161944195e+01,4.379974666595667365e+00,2.001099160578999303e+01,2.186249692735303185e+01,1.247040122674965801e+01,1.168908246741083268e+01,1.202368682381269060e+01,2.289474122092504871e+01,1.288613783161151716e+01,1.797133416595580968e+01,1.903978161748735687e+01,2.776762644995305784e+00,2.046773166597822424e+01,2.909260199000414460e+01,8.965698322439873635e+00,4.769521349224639550e+00,1.359691776484211267e+01,2.862550859241770951e+01,2.133913183564395055e+01,2.892268111030529454e+01,1.575576189263702176e+01,1.239816172870858502e+01,1.560962398022587294e+01,1.825114715270448329e+01,1.417259608724511821e+01,2.478997937840172838e+01,1.771443618209393023e+01,1.666398592995826933e+00,1.035140155071511359e+01,3.147326247313144876e+01,5.248608256174237319e+00,9.423740179226774316e+00,7.069214151650072608e+00,5.079735880369498524e+00,9.458738623385528399e+00,1.269636118182472018e+00,2.591516836595940987e+01,4.195576416755218752e+00,1.010977673557506407e+01,2.191528397687201846e+01,2.227943549109797416e+01,1.529066135639134849e+01,3.088977755476770071e+01,3.047787372436522091e+01,1.873252424266246763e+01,9.348366847806733659e+00,7.650793340647554786e+00,1.205383162938420583e+01,4.637209879610873386e+00,1.460205758660077535e+01,4.111929823395161065e+01,2.144107888598005829e+00,2.999153414200815249e+01,1.647427723913387609e+01,1.698937049351092909e+01,1.260285040980733662e+01,2.993271618786774724e+00,1.484053440324750284e+01,3.060629004188699098e-01,2.025055863703992287e+01,1.435081096300325498e+01,1.921401041987650160e+01,2.348740468292765726e+01,2.914282047563239786e+01,9.303780927669873080e+00,5.894311585766669914e+00,9.219918083385003627e+00,1.715491500412461789e+01,4.130487030950634519e+00,5.179683979093125501e+00,1.259070719535021077e+01,1.913442263156861856e+01,1.709279305685160111e+01,2.050487384558989845e+01,9.270559404199557818e+00,2.566752497948652945e+01,3.215434447260651041e+01,2.537626375894463848e+01,2.536316544478738066e+01,9.708712190048784052e+00,3.655847655560976506e+01,2.629055517288915667e+01,9.760442006974662021e+00,4.311743776489047164e+00,1.362238113519606486e+01,1.307477526527564038e+01,1.377788954424754131e+00,2.094386754850679466e+01,4.589826921346177535e+00,6.318433650462867313e+00,1.894055771472001481e+01,3.147889505513208519e+01,5.899404827653099481e+00,1.222962257935114216e+01,1.825238629239471777e+01,3.137661148627521879e+00,2.644387129029156469e+01,9.839142079965887078e+00,2.714745654418117482e+01,1.924634000482571139e+01,1.171739034832981119e+01,4.488030949901776090e+00,3.311836719098388215e+01,5.713022735098088667e+00,2.123498123567922136e+01,1.004056516238580876e+01,1.742623526400514322e+01,6.269114567287912720e+00,8.770594793225745534e+00,1.702287553902574047e+01,2.623232949479971765e+01,1.884246119814172360e+01,2.266572697402662584e+01,5.524537581742758441e+00,1.269034155474167314e+01,1.861829796070960663e+00,3.092248296162299681e+00,1.653533260321133724e+01,2.874075837899103547e+01,2.979231874330390184e+01,9.983959119756235623e+00,1.476294686443878490e+01,1.050804299513900375e+01,3.244840193023627251e+01,1.743602285043994016e+01,3.062041982592538503e+01,2.758510500779340546e+01,4.026697348984345837e+00,1.297318983556075978e+01,1.976487562219320182e+01,1.113900760445303284e+01,1.736469772781987686e+01,1.658228033745341534e+01,2.805364736802604142e+01,1.958928864685344706e+01,2.604365621744670989e+01,1.692137192430900328e+01,1.961512657963614714e+01,1.151350242834431015e+01,1.945445977373384139e+01,2.369542965309283744e+01,1.012835044220394209e+01,1.346491440513686300e+01,1.284147386184733719e+01,1.120329942021740877e+01,1.694093445669567899e+01,6.056910124382245186e+00,2.950413082942694842e+01,2.119147572399845814e+01,2.020413799430893675e+01,7.880672128275496569e+00,4.573944470636117643e-01,2.626317478098958347e+01,1.007840681672380967e+01,3.853195153986448851e+00,8.716832118687548814e+00,1.331019290934280619e+01,2.658323651817957511e+01,1.503381998417436582e+00,7.742957288182720887e+00,1.888174585907871617e+01,1.078795844913276625e+01,2.011697470503808916e+01,1.063298226491956555e+01,1.973374675266397915e+01,7.343148525743521837e+00,1.430123869709532158e+01,3.736062029543925433e+01,1.531543033670142684e+01,2.717609323182094982e+01,1.760648313525300068e+01,1.315778821837704626e+01,1.523152895479358016e+01,1.516039748908494289e+01,2.078342156093059945e+00,1.910218997505495153e+01,1.957551885395150038e+01,1.838059618549329954e+01,1.533318489675718865e+01,2.801350201514838645e+01,5.193131005704038294e+00,2.559049624965487268e+01,5.349870031029705153e+00,5.361550189927437593e+00,1.453388324780515184e+01,4.534395701201240136e+00,1.594404248473381713e+01,2.596697091132448776e+01,9.611023716638410264e+00,4.361336762865863914e-01,2.269290178128736457e+00,2.615900246451256095e+01,2.759744570255326579e+01,2.048194948524994174e+01,2.036028478251615326e+01,2.525328343672485687e+01,1.986175500278767814e+01,1.690650379628977973e+01,2.779167431020916723e+01,8.172092431800317414e+00,1.592589884869659578e+01,9.344693707301150454e+00,2.707859535207396107e+01,4.719616128059501037e+00,1.910229167500362024e+01,8.330695683146057462e+00,1.563889817159739692e+01,3.048980755573380463e+01,7.929323885103868541e+00,2.618428032447617682e+01,2.303576892131877685e+01,1.130464438033949470e+01,2.293181016818873985e+01,2.828539287411862446e+01,8.979542567257149388e-01,1.052671266993858712e+00,1.392341962988850845e+01,1.111471335241338387e+01,6.352200770879099068e+00,3.350413842620319116e+01,8.896218554187123928e+00,3.186007838309893980e+00,4.153019445098419027e+00,1.089668873347029177e+01,1.907945861084609618e+01,8.065654141341830341e-01,3.487001180418560864e+01,9.078134756634170799e+00,1.246729984401995495e+01,2.401136436759782100e+01,1.084145728847827783e+01,1.488081878901578214e+01,9.034580950593037230e+00,1.694365088902919647e-01,1.259565876465090994e+00,2.446420397513165312e+00,2.150893226456140539e+01,2.707719697760654753e+01,2.358793524637959216e+00,1.271244475947629837e+01,3.747143643786277067e+01,9.856868906385174434e-01,9.624449198095591740e+00,1.226836561347916010e+01,2.883053494954929263e+01,1.543726876087784916e+01,7.136995743326327357e+00,1.925439296599206784e+01,3.828276463998569312e+01,1.132774382988971063e+01,3.032427106846201870e+00,1.115976425406087102e+01,3.752364619132620049e+01,6.543883409545844465e+00,2.368490609814228520e+01,1.360928665268161453e+01,1.234022473408282572e+01,1.405750333397393304e+00,1.437044442804875644e+01,2.179754865316364842e+01,2.217942615650382088e+00,1.108842067398182074e+01,1.615727296266770452e+01,4.163991168543787147e+00,2.201903786191715184e+01,3.339597811230472946e+00,4.441214960174094983e+01,2.498504843705067557e+01,2.225877539704224617e+01,1.193510644005486476e+01,1.237167479781586366e+01,1.819394245140945898e+01,1.859536267851516200e+01,1.056175703718898262e+01,1.742323138429902940e+01
1.606982980817408801e+01,1.504568407305716704e+01,1.664810557924467860e+00,2.052384876134307845e+01,2.739737599199530749e+01,9.022257130035244543e+00,9.265665850757025979e+00,2.947057596467941298e-01,2.907427286210833017e+01,5.484312725480429584e+00,2.166580845885524020e+00,2.414901969702894036e+01,1.167159815573338832e+01,1.540317921972759940e+01,2.039579442118077068e+00,2.017774491194080255e+01,1.039588837556457612e+01,4.213873450219576000e+01,5.203637324987030688e+00,2.391857960146576545e+01,3.303629472502274211e+01,1.380687455811021991e+01,1.224813509617681717e+01,2.219507225481990886e+01,1.629461658529577406e+01,9.367170853581601619e+00,6.127384624473659613e+00,1.534963670842269501e+01,1.560412093371563458e+01,1.513761203311799974e+01,2.296289736680471805e+01,1.806718324234316242e+01,8.893760299396251678e-01,5.493511469009689563e+00,1.769043731110032525e+01,3.323923949411104672e+01,5.820550799473319437e+00,2.420276497791056514e+01,2.132866296486697522e+01,3.177516411374194938e+00,5.007562488279168278e+00,1.512494600562697400e+01,1.830583641695781250e+00,1.003527256939779555e+01,1.927316332394996223e+00,1.195231069288744230e+01,3.253683727206095000e+01,1.411822766594999834e+01,2.402454352519970726e+01,2.275907876583851674e+01,6.376044686210185830e+00,8.946195100096625552e+00,2.092579404851871772e+01,4.952856627929680400e+00,2.733926188002482149e+01,1.974418674713568223e+01,2.672716198382746100e+01,1.628932722732330696e+00,3.210728403261817476e+01,2.302300551074116797e+01,5.975361043872265299e+00,7.958053406756585346e+00,3.698634024219040128e+01,1.366332915255540215e+01,2.062390544682068505e+00,1.552476381419678697e+00,5.081363158265792990e+00,3.462093421489831258e+01,1.344625976196763517e+01,2.468708460580811703e+01,3.055617584007294774e+00,2.813761393221804141e+01,2.542539145067890871e+01,2.490773590661528658e+01,1.437610861042647459e+00,5.135737186746333727e+00,1.974049708758376909e+01,1.232787953228320177e+01,3.852023203925942774e+00,1.717783875634994573e+01,2.668153500953553348e+01,1.095161682831146699e+01,8.601529609288013134e+00,8.628369913679032166e+00,3.251117030736078561e+01,1.397992012866870937e+01,2.329200509585221468e+01,5.068393567009407796e+00,2.574816064365020196e+01,1.466249858772024695e+01,1.892913948868607221e+01,1.469190035234183256e+01,2.036364648520880749e+01,2.023342208332550740e+01,1.694522088983059760e+01,2.280087211560817195e+01,2.088518416694038393e+01,2.127160094919525335e+01,1.144447888564032567e+01,5.819303109295821841e+00,1.937244689483484272e+00,9.859761810794051229e+00,1.941646005206566983e+01,1.405880685597806057e+01,8.811304774338363899e+00,8.176167572794081906e+00,2.225600645816093959e+01,9.183252475165051720e+00,4.457958864343681271e-01,1.426906458961411595e+01,2.978832684578846113e+01,2.020244812184633432e+01,2.490530972013376498e+01,2.582888684897107012e+01,1.634256864135331710e+01,4.727683996560784863e+00,6.175356132860059688e+00,2.194637006803096924e+01,1.325970958336183791e+01,5.255249158128590281e+00,2.185025370598842898e+01,1.332841984996980322e+01,3.786860609873708938e+01,8.312579176105220569e+00,9.179046198668370238e+00,2.483550743854197762e+01,2.521748274313051041e+01,1.271544519131228457e+00,1.390413650127396750e+01,3.228160994886857083e+01,1.944807721585100069e+01,1.621884155458177190e+01,3.048279160341165905e+01,1.737276843554870709e+01,1.012137719461974505e+01,1.487512101751151761e+01,2.096125335853565730e+01,1.142765399757135114e+01,2.187722413116884113e+01,6.985343391762663501e+00,1.675833914380298140e+01,1.180605538327346338e+01,1.682704198012907781e+01,3.806594371830225754e+00,1.547225935398417640e+01,1.696850719898972670e+01,1.502128111806853639e+01,3.129521635799698132e+01,1.633862874274720056e+01,3.454616574634096438e+00,7.145434570997307944e+00,5.612878326542940499e-01,4.457123281731046660e+00,1.131527665836064855e+01,2.124422346715514109e+01,2.077095256902660836e+01,2.929687757348156296e+01,2.014886066765398454e+01,2.370846241729467963e+01,7.942221709006104469e+00,5.559485173441025552e+00,1.867983473570103747e+00,1.326251243311436490e+01,1.105013519645076947e+01,1.077404814579858616e+01,1.389455803694757918e+01,9.431917128310265852e+00,5.227919815246203861e+00,9.143915532104591293e+00,1.588783689927366893e+01,2.668368477941410788e+01,1.085838997851831778e+01,1.143225469584000997e+01,4.515420843503152870e-01,1.508693900675874211e+01,7.057881926430543906e+00,3.276044042934456968e+01,2.998894930319312735e+01,2.322920524564369060e+01,2.886033113586858434e+01,3.672829923679594799e+01,5.065969496292376917e+00,2.351733543968610718e+01,8.797204936963678890e+00,1.735472846409798819e+01,1.091976400365412303e+01,1.526381087109144552e+00,7.248507917929895683e+00,3.087673346865003499e+00,2.130249657613122594e+01,2.876159270471436713e+01,1.907000285563060160e+01,4.561691670670541932e+00,9.515546582503516149e+00,5.406423008827530019e+00,2.251862982270830926e+01,3.288298108350190319e+00,1.421874965979919203e+01,6.327337214590013303e+00,1.423064154054685204e+01,3.484889203904771904e+01,9.136168899600248139e+00,9.271703862555016329e+00,7.573256620510864678e+00,2.627469398973112646e+01,3.326477078084940331e+01,5.095342076611861337e+00,1.951240665930293261e+01,1.573776818548846268e-01,2.357062176729333203e+01,1.206120884894537859e+01,3.176534099972246228e+00,3.001750485175292482e+01,1.252148195203335135e+01,2.048260298695297976e+01,3.454899273618018185e+00,1.273445970593261123e+01,9.409907939356513040e+00,1.619427138605953331e+01,2.942990871751084470e+01,9.213107907715208711e+00,1.353392548687972941e+01,1.793651090131273307e+01,1.031017735382352996e+01,1.586077940314407186e+01,1.247877983282326930e+01,4.266522137822476246e+00,2.562242040108543506e+01,2.847861003595139096e+01,1.266061348990399438e+01,1.513074708111153299e+01,3.459347307281576800e+00,8.507073677553542268e+00,2.399864159345236203e+01,1.274184603208020583e+01,1.228026528317828081e+01,2.834712849844655480e+01,1.261604300490174424e+01,9.974649739178426344e+00,7.489967712178486892e+00,1.067750398231448017e+01,3.132488849719401447e+00,2.920349326553936198e+00,3.362434932354916306e+00,2.634141437147179232e+01,1.925921528997216470e+01,1.220933958413450426e+01,4.539235493918579500e+00,1.985735099099004231e+01,2.917838496164007367e+01,5.340490509428847510e+00,1.975957251867715669e+01,2.216532464690678594e+01,1.654972956224338176e+01,5.807111841380199202e+00,1.061235254609938039e+01,2.571158535111800258e+00,5.234466409517449570e+00,2.117598949051891211e+01,5.737819915151735728e+00,1.444208040499602141e+01,2.477949511119386727e+01,1.933907148709268498e+00,2.197260265737894969e+01,1.197319946095417542e+01,1.387020537135713560e+01,3.345958223998860603e+01,2.158695316119302277e+01,1.309183826712910914e+01,8.787816525898040965e+00,7.874733012820120948e+00,1.478429564586929246e+01,3.962873033045867799e-01,1.767620944283303075e+01,3.254858855070073531e+01,2.128517625874899366e+01,6.236811728678713251e+00,5.458872101027740342e+00,4.440219228740406088e+00,1.795721156753761605e+01,9.204660021324567509e+00,9.465076379894604486e+00,3.499503124964488165e+01,2.090589592390297735e+00,2.366271690797375093e+00,1.361005762116153051e+01,9.511784956787863621e+00,8.946080259083815989e+00,1.602009680707210038e+01,2.758200401216395647e+01,9.604292405411625211e+00,2.404044462092701195e+01,3.088128904180350887e+01,1.031231821172369045e+01,2.525661089843151963e-01,8.818001881365407968e+00,1.342186861560086797e+01,8.879609231557735072e+00,1.817076390811167030e+01,2.248812733345877035e+01,2.187630878186779526e+01,2.232813243158963790e+00,1.794994643814759172e+01,3.470315330699094147e+01,8.185762595506592021e+00,1.462111227207677011e+01,1.111457202307048320e+01,2.422508488612517397e+01,9.853342777369292094e+00,1.755036918193012596e+01,2.203647042915853405e+01,1.667378093636309444e+01,2.243274044783811050e+01,1.114748369371831416e+01,1.007686888927067415e+01,2.183638282016307386e+01,1.900097718049812556e+01,3.059060604307328646e+01,2.744405001068121663e+01,1.203248173163675183e+01,1.500064519278899766e+01,2.857919518050575203e+00,1.931451305219278103e+00,1.394717602736263906e+01,2.004640721654632074e+01,2.712275597325229981e+01,1.466289790591869924e+01,3.350126576620415619e+01,9.428964192082968765e+00,1.181627311425993421e+00,2.323422087387459101e+01,1.047242943741592569e+01,1.948800149893287426e+01,1.541696534315251021e+01,1.724930044241822813e+01,6.913978768224491311e+00,6.223714545069080728e+00,4.612389505622705776e+00,7.820439395973747487e+00,9.855598827454420174e+00,8.283227979094028859e-01,7.424668074793470574e+00,1.642956414931200371e+01,2.282742855702920792e+01,1.195758249718461741e+01,1.950972198471210106e+01,2.931016683888728735e+01,2.468207498304028746e+00,6.013342390628832135e+00,1.085048180603413570e+01,2.195979749385820190e-01,2.553371129029028452e+01,2.858496973991682921e+01,1.891421608726308534e+01,8.084999761858506773e+00,2.644566199120118100e+01,1.805763184835655366e+01,2.326757019584462327e+01,2.805462589074015156e+01,4.361185054761954838e+00,1.955840285469947659e+01,1.829473819706517190e+01,2.510902036962599837e+01,3.555927128516466418e+00,1.236696381575187154e+01,9.313845534351862909e+00,1.531542152825059944e+01,3.091458995695595036e+01,1.268104646963481485e+01,1.262777265670524951e+00,1.551310634430773128e+01,1.072384418875003220e+01,6.190069773156883670e+00,1.549899654122472548e+01,2.691289284101617341e+01,4.896351752421772119e+00,3.311523937031347486e+01,1.056690489969776436e+01,2.372550131500276649e+01,2.312420927602168330e+00,2.422551509107371714e+01,4.598276291372997981e+00,1.703723734309368965e+01,1.211330364271550764e+01,6.679245026861764245e+00,2.644388469151426335e+01,1.217803461990711433e+01,2.194034362220382306e+01,2.405001239094113430e+01,5.955755874094139202e+00,4.428849506635952338e+00,2.078252303773335186e+01,1.755447384581957238e+01,8.557718548111852286e+00,7.022168182454916696e+00,1.965241808640723775e+01,2.344675715567520058e+01,6.896950411420136540e+00,8.965526772725256777e+00,1.026010815608372084e+01,2.188884699786153476e+01,5.289531016747348602e+00,1.707305529131109978e+01,2.177136264104102636e+01,3.604203343093723255e+00,2.177718066057092727e+01,7.927575861738596963e+00,1.878509604878663097e+01,1.050219600029990907e+01,2.579546813931750116e+00,6.950536484266812920e+00,2.088081992749475546e+01,2.187711925463485585e+01,1.711771448685841079e+01,2.730636554290628126e+01,1.336502137085778941e+01,1.313703754049114458e+01,1.801279685374122153e+01,1.565679868906197214e+01,1.956382333669338180e+01,3.391558306608026641e+01,3.033701528321715202e+01,2.717877786020031294e+01,2.606763864715223633e+01,1.449167681858002865e+01,5.371470414187820452e+00,3.443231159229316063e+01,1.876653139596123410e+01,2.660671120764313358e+01,6.054128185849896759e+00,8.042407931720317649e+00,8.197611336273009641e+00,1.579710138885376125e+01,2.223164331226691814e+01,5.121680423613844013e+00,1.192583952830004179e+01,7.319446341557408475e-01,3.165776997755161304e+01,1.627443825636343533e+01,7.104992591196132246e+00,1.052591665120395703e+01,9.773987765049817256e+00,1.383473490929074678e+01,2.141788704424566703e+01,2.378096004795899177e+01,3.034522724217418954e+01,4.684129372393336155e+00,3.378557605312580137e+01,2.738942103880296131e+01,2.419436392013334114e+01,3.440004549911928677e+01,6.900158861657788911e+00,2.019411560303069919e+01,7.149735935948278609e+00,1.624726862552525963e+00,1.722616932138681989e+01,6.121326379086138303e+00,7.532149206625791571e+00,8.036897202266032991e+00,8.213288494390674543e+00,1.403875578511511790e+01,2.222132212236840232e+01,2.187529239894647048e+01,2.096665011696487824e+01,7.768152116755484116e+00,1.160569072185638717e+01,3.074964531529202461e+01,1.090784887540355186e+01,6.115525261237114485e+00,1.708219165676369755e+01,1.855725539290839521e+01,3.226514713635988585e+01,2.178604658351013157e+01,3.618802357877001885e+00,4.013189850263430003e+01,2.731628657641803670e+01,1.815255585731273769e+01,5.699136551209193158e+00,1.634739686533909264e+01,1.692947287820439017e+00,1.191829592196149079e+01,8.657263321870136252e+00,1.643950183391540065e+01,1.563169847709068705e+01,1.700829614630132269e+01,3.105674565247485930e+01,5.166861220692325674e+00,1.224272171798718034e+01,1.931265772879190834e+01,2.341963061021228398e+01,5.002185373681804492e+00,2.122291147017901380e+01,2.584924539451986192e+01,8.862577174582067840e+00,1.837764995792543932e+00,1.209809232111388688e+01,2.276314486775111590e+01,3.836474282667248303e+01,2.534932388532520164e+01,5.171270335201978874e+00,2.111569354216416272e+01,4.884897413764458740e+00,3.625825333626463731e+01,1.278323081876458822e+01,2.903874650730777418e+01,2.076681296795995735e+01,1.041350125993716347e+01,1.262278748938956241e+01,1.962457748758420450e+01,9.035580332867438003e+00,2.465291672173660231e+01,2.027947529563750351e+01,6.720769204747969461e+00,6.872944063622214550e+00,7.308381253951854006e+00,1.404905949369574003e+01,1.270888785973196766e+00,5.985779911205851178e+00,5.016427500716714505e+00,2.098627969766494417e+01,2.371903901846142304e+00,9.752412487855529832e+00,1.886480018411002391e+01,3.048028761973972767e+00,9.217787437501527847e-01,1.151765720284180894e+01,6.551840946630584028e+00,6.675926467592683267e+00,1.317829104785325534e+01,2.127520026549247945e+01,7.326795187523147845e+00,8.357586298229579214e+00,1.522862657570111722e+01,7.348861537815968070e+00,1.768112007342644887e+01,1.139468910673510749e+01,9.516755049861085780e+00,8.550948749025584661e+00,1.274882344853444494e+01,4.379159290608978239e+00,2.189395815164845871e+01,4.405374476230203840e+00,3.806270091861158988e+01,2.375155016669566521e+01,8.241240363094032517e+00,5.250922172851187675e+00,2.766872074712821217e+01,7.116737436332673639e+00,1.948519101507463347e+01,2.514527816702343799e+01,1.421273249151814255e+01,8.109882057559655522e+00,1.192859959903755041e+01,4.646539846342133018e+00,1.651659011714984615e+01,2.095361274576703181e+00,2.521315633578980808e+00,2.786400198438886733e+01,3.023695845958964679e+00,2.621699357525670138e+01,6.346799742971264813e+00,1.564950347608716896e+01,2.895089969390545193e+01,1.920106983691390568e+01,1.854635601784989651e+00,1.208069027345596425e+01,3.609648791591848482e+00,2.286166648113984223e+01,1.512909159971023065e+01,3.044027712343928016e+01,2.357078359649670318e+01,1.845046505239086088e+01,2.111212735357188919e+01,7.907842220775706643e+00,2.219330207232267682e+01,1.407053734815453616e+01,1.911819002081938557e+00,6.671833374963432206e+00,3.126833674914231587e+00,3.111979204261747234e-01,1.573681891882951867e+01,7.510229581900794038e+00,1.159928083900798379e+00,1.728252125808250739e+01,1.983766785381909159e+01,1.410951094869667521e+01,1.740892821588158057e+01,2.416279118370065859e+01,2.508170421626645208e+01,1.472207047621334830e+01,5.322562583488984700e+00,3.849405446892085525e+00,3.272043844325783368e+01,3.374917238762422045e+01,1.231097495986521517e+00,5.972036131903116107e+00,1.329375701501441043e+01,4.212758054894448634e+01,8.810225865398919609e+00,2.221208994973656559e+01,3.185423237868620561e+01,8.765695119416818670e+00,4.189674899718640155e+00,1.800743391972326535e+01,4.349241577870170516e+00,2.052079418529910271e+01,1.555083783612785808e+01,8.429200517427274164e+00,1.901642931852760654e+01,2.323623721674393039e+01,8.507707226270985856e+00,1.617951714823428233e+01,1.114090549396909546e+00,3.068009209283250982e+01,2.673288212881805848e+00,1.826794657566900781e+01,4.541730366761575155e+00,9.335592269564354950e+00,1.335557516161306246e+01,1.054276769340621023e+01,1.566251256711499229e+00,1.208270614861613801e+00,2.861722642002219530e+01,1.563336294123133818e+01,3.858795311293744845e+01,1.293264587420993905e+01,1.907101259654198699e+01,2.045064226768428739e+01,6.808803117751182299e+00,2.674693118904551881e+01,2.408872000327709628e+01,7.445550775180535652e+00,3.104233341730985529e+01,3.048516882260367655e+00,1.960991162346437378e+01,1.496923936812336153e+00,1.530224167007211911e+01,2.418683342669979197e+01,8.606319828160321705e+00,2.492520806323102533e+01,2.490298167473602220e+00,6.704326569691520632e+00,9.871667919603492436e+00,4.117529953841530421e+00,6.240446968494723912e+00,1.630162823812202788e+01,1.249882843457631232e+01,5.929131690071955951e+00,1.265636915089596570e+01,2.805926412762239153e+01,2.160870462869570829e+01,1.937140434201986849e+01,2.324886490870893141e+01,1.250898039987318100e+01,6.145113337953175936e+00,2.617688756500587743e+00,1.345099980659921890e+01,5.538622351320415582e+00,1.558659250509683902e+00,1.848953807167894681e+01,1.649376729210611714e+01,2.230001713876779235e+01,4.478888915677949889e+00,1.248765770808817166e+01,8.804661125087024587e+00,1.483990093516432829e+01,3.264000619267811931e+00,1.834021241246571776e+01,1.290311452636958123e+00,1.154739427721388623e+01,4.874299007821343288e+00,3.129564646488981694e+00,1.580665740555802579e+01,1.129301897191846571e+01,2.106076783796212837e+01,1.481510964087367910e+01,3.305475801533253133e+01,9.694914348041033136e+00,1.915791712171337835e+01,1.726805960879181612e+01,1.389958132814173020e+01,2.514433548531063600e+00,2.660247706549360203e+01,6.259613804762782507e+00,1.666779581756400219e+01,1.332593288241537444e+01,2.229150355003899620e+01,2.807775516099046964e+00,5.704057273908938797e+00,1.339935250085625285e+01,8.817615421563003153e+00,1.447624430972121168e+01,6.150927171940164584e+00,1.525222862631783372e+01,2.101156194068817484e+00,5.372968172464331005e+00,1.112669113229701878e+01,2.155922008038987414e+01,2.614111354723045366e+01,1.779733786945719842e+01,8.400847295077007004e+00,8.215289554645540449e+00,3.996166811537622099e+00,1.965289190599190761e+01,4.541227405331792255e+00,4.290565895998347479e+00,1.282158366946586092e+01,6.177342074098219449e+00,1.185908983672831241e+01,3.525209994173894046e+01,7.148647403141838552e+00,3.350192051958922690e+01,7.079316798415648648e+00,1.643255991048196663e+01,3.831112302095071698e+01,2.178001114102766067e+01,2.322131772231989189e+01,3.213105735716684563e+01,9.295625058298107035e+00,2.344420039840968428e+01,1.623232417830168473e+00,2.971393575732920667e+01,2.193329684335562746e+01,1.631254073406775618e+01,1.062190543299579915e+01,1.391417110170430860e+01,1.233695677684603709e+01,2.018934943423196415e+01,9.551350448289888107e+00,1.371393778672403485e+01,2.099821127870906423e+01,1.641522314849090058e+00,7.047811064882715471e+00,2.004783372449045231e+01,5.885503395360029977e+00,6.471021543696485745e-01,1.254414840771902107e+01,2.146655278427630265e+01,7.327346778320629639e+00,1.049461780492909169e+00,2.400141881973604541e+01,1.813198581291628386e+01,1.872310193839692971e+01,1.712767100314992064e+01,1.385463555615880082e+01,1.215074191973605000e+00,1.737746362907570230e+00,4.027437727452940486e+00,9.791111258541763007e+00,1.684800892675843897e+01,3.502685961366780010e+00,1.478013719339079302e+01,9.609999929999407442e+00,1.192145802724457582e+01,2.639067808783847369e+01,2.403986792256284488e+01,3.787186530188239697e+00,7.816828408250292348e+00,2.028756897972195716e+01,1.087378894452221800e+01,1.112663153224560908e+01,1.333909625867231341e+01,6.103578232649061519e+00,9.436103732997983329e+00,9.084863675060740107e+00,6.851958852751904416e+00,6.392906330247141611e+00,4.015153859610891551e+00,1.974993312821630553e+01,7.525370443246215402e+00,4.054760429401726896e+01,8.490006061911401503e+00,3.169977972535288657e+01,1.832538172222102091e+01,6.932421523687471776e+00,9.481236238043873499e+00,1.887202549836691290e+01,1.690170751444659203e+01,2.034825651096654298e+01,1.284117077503518267e+01,4.210098571632826747e+00,5.971228247688419088e+00,7.706629998490465816e+00,1.832871515899873183e-01,1.839951156534445431e+01,3.601723892673875937e+00,1.680022333930061151e+01,1.879769128748201013e+00,1.845597988039339299e+01,1.954799480813856505e+01,1.576132827707115425e+01,2.083754874915709099e+00,3.282980950610466575e+00,7.056469063483658211e+00,9.239056610351841670e+00,6.140789825442871219e+00,1.137807894406368092e+01,2.143031774542371437e+01,1.991769554576312728e+01,7.789763151064733604e-01,1.905656844645684700e+01,1.373147609056460894e+01,1.684911750423561339e+00,6.953103636855992420e+00,1.922298254024269015e+00,1.131991447622708158e+01,1.639033383339950589e+01,7.196751497645263562e+00,2.215953594797370840e+01,7.145650797993913450e+00,3.439571763045661612e+01,2.604947396583987285e+01,7.585489480377868077e+00,2.211626039164918289e+00,7.870533788755020410e+00,9.147735738784449566e+00,1.286515549243693890e+01,1.604000452826572953e+01,2.109330625964275185e+01,2.254808604150930762e+01,4.653771361414828611e+00,2.677101706204487286e+01,9.488849204319992126e+00,1.588879193076541441e+01,1.474124188492522869e+01,5.215746979741075151e+00,3.186047882508901097e+01,1.692797671057283537e+01,1.814383354692743033e+00,1.110799030048334579e+00,6.520668931017814529e+00,5.035202091452506856e+00,2.300126020274523597e+01,7.978224391100640744e+00,5.676092465432193812e+00,1.923120082049241830e+01,2.149148235747218028e+00,5.091879568906928499e-01,2.331367442120804867e+01,7.477215566898092192e+00,5.172641106943767220e+00,1.393449772017220489e+01,1.050636715926354547e+01,1.141791322485481786e+01,7.988981199445823300e+00,1.130862059032844513e+01,1.662548206463628730e+01,3.308739698066394652e+01,2.634495340144966136e+01,1.154325922689181994e+01,6.071407557893343743e+00,2.062028077868421860e+01,8.226299109118759390e+00,3.230814742957635843e+01,2.000037016159868486e+01,7.019390570423655440e+00,3.048495165183573885e+00,5.555039282829719482e+00,2.287906101283871863e+01,5.058840069841654241e+00,1.076320064694904666e+01,2.118897872523208292e+01,8.591742037981905611e+00,2.091742295446687194e+01,2.020832215836427181e+01,1.560207159559609913e+01,1.083882349001101986e+01,1.879876622193113533e+01,1.576112521602292915e+01,3.014794032074569685e+01,4.243202407725839720e+01,1.557793289132918879e+01,3.508300399304866701e+00,7.625764264982502816e+00,1.638877070640623757e+01,2.651437804007900922e+01,1.665400931340894530e+01,1.008542503349909802e+00,1.387291586714062319e+01,2.051653675327355586e+01,1.071668844933339360e+00,8.881203124859212039e+00,6.995084618542026789e+00,2.652975656707638663e+01,2.541167986797546163e+01,2.002219759705579349e+01,5.187303655764512911e+00,1.668659902608014178e+01,2.621720736507811012e+01,2.673536832365161153e+00,3.800035361185216676e+00,1.723621261563768670e+01,7.265119778807014761e+00,2.011844428477203195e+01,6.696527264229167109e+00,2.259770319524933768e+01,1.622866666032790306e+01,1.515625389790899646e+01,1.335589587363118946e+00,2.107475131981904504e+00,8.855277263852492808e+00,3.007748811527664401e+01,2.392454074455852897e+00,2.990987582835646919e+00,2.719713214540988844e+01,5.259674855199774512e+00,1.070009210233345875e+01,1.982713102464708754e+01,2.198493838676885659e+01,1.457570458088807719e+01,2.211876473585411773e+01,1.252203445474561150e+01,8.482996907931498853e+00,5.720395194997953681e-01,1.709402757605070278e+01,6.531563490760091462e+00,9.603217679676786744e+00,2.428603356429356097e+01,1.517886942781719561e+01,1.465593663527849344e+01,1.593946778751435644e+01,1.185622144337537165e+01,2.433006697061187396e+01,2.158197900124329038e+01,2.755338925699346575e-01,1.658305456269935974e+01,5.227891752661638414e+00,1.467476829871565513e+01,7.687795274226878917e+00,1.163841158162169442e+01,1.978129316208368493e+01,1.261750449965694543e+01,1.058400126086417536e+00,2.965662448965538101e+00,4.519227494527879863e+00,1.756804816538740099e-01,5.831759976507518317e+00,2.256691805277340368e+00,1.226583738603084228e+01,1.203994209631208356e+01,1.731953200270959314e+01,1.995739450367658918e+01,1.610766854737942921e+01,3.644383615324079528e+01,4.204454388427319778e+00,9.143762023138165773e+00,8.921195039858766052e+00,1.120049347791812799e+01,1.894834412188495776e+01,1.338956298004606893e+01,1.560031890390848019e+01,6.542275958696385452e+00,1.609833406879999274e+01,4.837007534795992214e+00,1.441259584983578357e+01,5.201015786380280836e+00,2.309401499207777064e+01,1.462300086226583140e+01,9.864042657587265950e+00,2.322460123277059196e+01,1.701784112137698202e+01,1.310904091972543206e+01,8.842710438345527280e+00,8.401733948591530776e+00,9.983623233252226115e+00,9.221037738500765357e+00,1.571608409432344544e+01,2.419900114144924430e+01,9.310614041414957853e+00,2.422881272253881590e+01,1.427226096084848095e+01,1.196006223396570078e+01,8.127247365473257545e+00,1.082782167404655915e+01,2.043238830347419377e+00,1.966595966201575862e+01,9.722416631677278431e+00,8.290552988768638443e+00,7.112121978241892961e+00,8.819120025997884582e+00,4.598146991939011108e-01,7.487122824665515708e+00,1.847960403957029740e+01,4.616271636428312064e+00,4.314703533814912007e+00,1.707346156018278194e+01,2.152927492989058678e+01,7.932805462568586208e+00,2.523119924749988030e+01,6.179996589998792977e+00,2.064143591960384327e+01,4.544859158225668772e+00,1.199398347727072078e+01,4.161305539542537346e+00,3.231715652504114189e+00,2.600518159541675978e-01,1.351197459236160903e+01,3.693415384475311214e+01,7.105427944890345682e-01,1.010130605524328828e+01
