4.812155356762076508e+01,1.363617998739550785e+01,2.376864643135917277e+01,1.991410367797241321e+01,1.154587817975293120e+02,1.196508745349586746e+02,1.426045080796079390e+01,1.016022629561336430e+02,1.700279226286590699e+02,1.479324965348834837e+02,3.093801369533866819e+01,3.652967426182320398e+00,5.847375152315578362e+01,6.149811266577166258e+00,4.648966743865284457e+01,1.837819776716035491e+01,2.037092435867742495e+02,1.731721353696998449e+02,5.034564869445440394e+01,3.095627227011156890e+01,3.457059312734315171e+01,3.033846671377519044e+01,3.960470493615514620e+00,1.071925193206701010e+02,4.889691969473596345e+01,8.831978463920524547e+00,1.617193926640476036e+02,1.822318897370784541e+01,3.168563329216334434e+00,6.948555763734022150e+01,1.422593959808751418e-01,2.846480350904534617e+01,7.915673361916249462e+01,3.039334580969948352e+00,4.638675308602451253e+01,9.038170325684768613e+01,5.315085106263062187e+01,1.860851969076634660e+01,5.074221384800365087e+01,1.274593300508191049e+02,5.026367321398054600e+01,1.868146436421963870e+02,1.810350508815160708e+01,4.195110150329696808e+01,2.564100932797405807e+00,1.953604302170241738e+02,3.776037603589180947e+01,7.640272870230161573e+01,2.131942277296651511e+01,5.609069551020078137e+01,6.878481988857851093e+01,4.376917636938173928e+01,2.837606849741032278e+01,4.420714548951215050e+01,7.021548430603780844e+01,7.528959856622763880e+01,8.732905151109203246e+01,9.310406896989452719e+01,2.069985221460498437e+01,5.364498623586565706e+00,1.128968953512186317e+02,2.763073258953115285e+00,1.772753711772342555e+01,2.028310528675079283e+01,2.047513102764237480e+00,4.855435043181418386e+00,1.266201231748875955e+01,1.794296987762775331e+01,2.245802559227834649e+01,3.747069673656775457e+00,1.090102809939620556e+02,5.906650215018973427e+01,9.967421590659741071e+01,1.189083780637598586e+01,7.136082988457788190e+01,2.586985019731788427e+01,7.886205148157046985e+00,2.089977847731575267e+01,2.737883946502237098e+00,2.218988468645779832e+01,6.070515734038696110e+01,2.325088966828380421e+02,9.954539385551269959e+01,2.506867160658364924e+01,1.250465144951555772e+02,1.490520764032476109e+02,2.269322107599825245e+01,4.188366826599149717e-01,3.009684872133108513e+01,1.507835403723040884e+02,1.962203889919868516e+01,1.882272458844999008e+01,3.330256912478493803e+01,1.643176903017014823e+01,1.866466032664690999e+01,4.116229236767642163e+01,7.339399954030919560e+01,1.685491723239591177e+00,4.153376167847668654e+01,1.243729770393510137e+01,2.124908984269441987e+02,3.000442477791409033e+02,5.736438481319062532e+01,8.514148575096017169e+01,5.244558981637204198e+01,3.102888177786298343e+02,5.847188826928457672e+01,1.206179309270634370e+01,4.613428534989697027e+01,5.053971385706966402e+01,2.694030440036747720e+01,8.923290265436046198e+00,4.262662147139784707e+01,8.097209651144889619e+01,5.578246353850414607e+01,3.578776777314679691e+01,3.069345465367934978e+01,1.728842850139667675e+01,6.328463091380200467e+01,7.939253234252008440e+01,1.386025509987757403e+02,7.333165709372751451e+01,2.846253848501046946e+01,1.657604912685816032e+02,3.430659767598043430e+01,1.143586914125751797e+01,3.644972816759072032e+01,5.192678006554779557e+01,3.882621897856417092e+00,2.999070496126249452e+01,5.129445651177841370e+01,2.116292106590094591e+02,2.313411982738453432e+01,1.658746855980883481e+02,3.722683543959654884e+01,4.204278823889000449e+01,9.177285606347852820e+01,2.117316195842914084e+01,3.940329509164485700e+01,6.573508064016075991e+01,3.171408146515459947e+01,4.333645672636632185e+01,8.288415593817674676e+00,4.996113360153891136e+01,1.211480069638058588e+01,2.762489593739878160e+02,3.279385596674814707e+01,1.483559742105670765e+01,1.428515052633665228e+01,5.778213175605493035e+01,1.791460710261815947e+01,1.952848391516815525e+02,9.950579538578329775e+00,1.124955946829210340e+01,1.695496696627003530e+00,1.077904382324657284e+01,5.662360127264229703e+01,4.496627263097431104e+00,3.536160778345105626e+01,2.122853672766796933e+02,4.302689650127630472e+01,2.034713117134242566e+02,4.825757488357385228e+01,1.352004471342656799e+01,5.866321058967798763e+01,3.890929086589667207e+01,3.728938111123880361e+01,1.739570949201587524e+01,1.883447798370896464e+01,7.070984842430592998e+00,1.047571375439463282e+02,1.483727416350537887e+01,5.307094124996829976e+01,1.967406793088691686e+01,3.334257277160961053e+01,6.321107554610897239e+01,9.120344085176689930e+00,9.178898389492358945e+01,5.739775474424221535e+00,3.113543766449686245e+02,9.334571222276865399e+01,2.955403718748929265e+01,1.810849090952530105e+02,4.516452883461779066e+01,1.707811923831219474e+02,5.464381601554551082e+01,3.177053384816062120e+01,1.716583804939039339e+02,9.423052583708562580e+00,2.447461690521718936e+01,2.247203413275461159e+01,5.248604111128284622e+00,4.160029292570833093e+01,2.824770007813722472e+01,5.680720453014252058e+01,1.331599781313165636e+02,2.667353878169899772e+00,2.350282313688242919e+00,4.260702381156998086e+01,2.928724891651530626e+01,1.520461253543057500e+00,2.402725883400900742e+01,2.206276895521101267e+01,1.527679719831669161e+02,3.018473659496305217e+01,1.891013818696353965e+01,4.989221326222332920e+01,8.149257696408221818e+01,6.068879766733986258e+01,6.174613550884062718e+00,4.800046769984504635e+01,2.136783264020280271e+01,2.969957893882763642e+02,6.593151020254337880e+01,6.240534658716111238e+00,3.971295533029482527e+01,9.731441996633544989e+01,4.015259708038722231e+00,6.501103160845192797e+00,4.899069627151696693e+01,1.988482996342828324e+00,1.684744419021104704e+02,4.001911083220576160e+01,1.133554275332217820e+01,2.405347908029465387e+01,6.920109232682830402e+00,2.809258316607416006e+01,6.720799439759458949e+01,6.633232307384220405e+01,3.739999725281364817e+00,4.188916601347386859e+01,7.990189038032886515e+01,1.174242061344293653e+00,5.290882084937067731e+01,2.595744104169193278e+01,3.921712771912053341e+01,1.978153522786904261e+01,2.944501678366819775e+01,4.004324271150570880e+00,3.160923585616184806e+00,7.805863350078431573e+00,5.486148736222006939e+00,5.479853946593975422e+01,3.579516229000453365e+01,3.282193954793506951e-01,2.289086498585454876e+00,4.534221044799241440e+01,1.105156179922301796e+01,1.041675995893828777e+01,1.809818602888145733e+02,7.178248498485045559e+01,5.977085964835001164e+01,4.760386914368202582e+01,7.744315069398274431e+01,1.299999555925293926e+00,9.340830818366436361e+00,6.187459777529169713e+01,7.137730193313008442e+01,7.825718882093029549e+01,8.238986962242817569e+00,1.322320502792100605e+01,4.516134819212066986e+01,1.485998501869028132e+02,9.579741866333610290e+01,6.604030816337520093e+01,1.081378794852650458e+02,1.390186566427191117e+01,3.034823840228968095e+01,2.484784617954616337e+01,3.441555019971371365e+01,1.767687271513676421e+02,1.397770322744665350e+01,6.276093295967832830e+01,1.344239727587459470e+02,4.986385475345724672e+01,9.010080996073578774e+01,1.754985984440313374e+01,2.397468284025616292e+00,2.958989214572586590e+01,4.415789201989736767e+01,4.299202844883097185e+01,1.134871290804776436e+02,1.229924212802051784e+02,4.684334285510828266e+01,6.281439444976557240e+01,1.058011173898424317e+01,4.401232337260329253e+00,1.209125748079624572e+02,2.616944228809723771e+00,2.102749500188303600e+01,9.994811835282597201e+00,1.652602456734181047e+01,4.302327926413348536e+01,6.261016450514760123e+01,3.461739165587043487e+01,1.854466842846002521e+02,2.398994532291077064e+01,1.217044621572156728e+02,2.241118176610602930e+01,1.095292627434797339e+01,5.373693663415038735e+00,1.555223127040047670e-01,8.287802726811706577e+01,7.986729284842577670e+01,3.823635979105635840e+01,3.253444965165631686e+01,7.322926384843826852e+00,4.837641765417717465e+01,8.836298635384693512e+00,3.471879220085823903e+01,6.139114546958439433e+01,4.700537427945571523e+01,6.474949878310773066e+00,1.584410965024977180e+01,1.481598183515932021e+01,2.408486149144639654e+01,9.831987975806767110e+01,3.661598537689314981e+01,9.820529353709942200e+01,1.680820582907634275e+01,4.175444503636581572e+01,3.046364561458118203e+01,1.095274292228137227e+02,8.706198669889948860e+01,7.556985652896736383e+01,1.817738321350688224e+01,1.198789765517922348e+02,1.494644776037405798e+01,1.074894672209537134e+02,1.056526808207373591e+01,1.113336842515711709e+02,5.610148163633304108e+01,1.355922046248292929e+02,2.777000958215742443e+00,6.426963515651591763e+01,1.417721313199658084e+01,1.036722543028365351e+02,4.172110261928025032e+00,3.924249194461413026e+01,2.422934582026653416e+01,5.447453410717650257e+01,3.246840571597508784e+01,6.309681079934627945e+01,1.581159633171844980e+01,4.781165326127989346e+01,2.261443750889015192e+01,8.955113921220684858e+01,8.606168871788624131e+01,5.996519265865480719e+01,1.030065613678313667e+02,1.713123917209072289e+01,2.666815313569574997e+01,6.194110765612812486e+01,3.061299727686080985e+01,2.009431908316728865e+01,1.722107857931851527e+01,6.729635279874300124e+01,2.256287247151274400e+01,6.736032396989172355e+01,2.521311483649335727e+01,3.088041414004269214e+01,8.470725160773947948e+01,1.216526251643331769e+01,9.878470847154956047e+00,2.493378512187394236e+01,1.315775003619297445e+00,4.331259622148009925e+01,5.821157775024366998e+01,1.764299643187352828e-01,6.287450012808825761e+01,1.827876014816946082e+01,5.349170696136258130e+01,8.795150410242997907e+01,1.021424301626761775e+02,8.542509754109586240e+00,5.766679746798041073e+00,2.330036454003953565e+02,1.593801695250331534e+02,3.681483166445999444e+01,2.124103026210450196e+01,7.740559699290497697e+00,8.170399145244856243e+01,8.019483159206558298e+01,3.697840431037568720e+01,5.931189435595327808e+01,8.800727354170162187e+01,1.630998456899654627e+02,1.039763517832716246e+02,4.209959875926574391e+00,2.307351200983450568e+01,3.632871670623562466e+01,1.675652579772525996e+01,8.634089847698486153e+01,2.165936858722927809e+02,9.996114851081571828e+00,8.222131627873599413e+00,2.905179676528247512e+01,3.245247503157344937e+01,1.820698944978556426e+02,2.072595592273257523e+02,1.687070880563887556e+02,4.931194485132056116e+01,8.459353613645234304e+01,6.293790768352990739e+01,3.480677982336533205e+01,2.570809395669875244e+02,8.056210667146180171e+00,3.334209967467298252e+00,4.025309213202535652e+00,6.205570370695463467e+00,4.211674922467282478e+00,2.706802788847366692e+00,2.080969593134328477e+01,4.770751415744206980e+01,9.306083269556655324e+00,1.679420142860012533e+01,7.445632209865691209e+01,7.986944595817677239e+00,4.999653200454903867e+01,7.315736085732662985e+00,3.509617362346630642e+01,2.809668394545656511e+01,5.562399930121134162e+01,4.069038315322993782e+01,1.848259261414590426e+01,3.354468096352998430e+01,4.486775387692072314e+01,2.105283101631929128e+02,6.145157356883944999e+01,3.147741089104019352e+01,1.385911422756047955e+02,6.765676669036722934e+00,8.431755459538999276e+01,2.722778042247785990e+01,1.111728265848537411e+01,5.677539229397808640e+01,2.262445938541842168e+02,9.380599473651514586e+00,4.014837935996107632e+01,1.474464562431949446e+02,4.979382608236223717e+01,4.356138819142292817e+01,6.570364703684548147e+01,6.337557430879971143e+00,2.550338669970819012e+02,1.892397126990254108e+01,8.083395392620504083e+01,8.943118200869358603e+00,3.200987354721923595e+01,8.760475956761572647e+00,2.438285199639727452e+00,2.777661439894788842e+01,2.138470248976122789e+01,1.293685339457232253e+01,2.991740093423462454e+01,1.291694078628591313e+00,8.505515395055310535e+01,9.271269791805990224e+01,1.969842123113026844e+01,2.824897602358238302e+01,1.267645417067807934e+01,1.146534962832989777e+02,1.451354106087566436e+02,2.986087545031903545e+01,5.181734853657716400e+01,1.410116380235349709e+02,2.646930217675829056e+01,1.167995489575631183e+02,1.699868295675077263e+02,2.493798934075616458e+01,1.237796047803537647e+02,9.964581723676602110e+01,1.826659238017855102e+01,7.561053225712606718e+01,1.000289304320305490e+02,9.879384711409487352e+01,2.907181747830559004e+01,7.956657432925652529e+01,5.986367834435021251e+01,5.573954196381893667e+01,1.831706397987815294e+01,1.978869838364846601e+02,3.611604257708926458e+00,9.397883444705722411e+01,9.384030939722663334e+00,8.694065610836480573e+01,1.491090190551948957e+01,2.843889758266598378e+01,2.409781361076357484e+02,2.659970944329064668e+00,4.252175181374830260e+01,4.352758156297708325e+01,3.723408690462538573e+01,7.209956512894906666e+01,6.737382849592441403e+01,3.811469483309459605e+01,2.775553671521159913e+02,1.952783068557540247e+01,4.635212836791585689e-01,2.468572970920699206e+01,7.734747192775191849e+00,1.256166887835762083e+02,1.514856519763118854e+02,5.431358934610415901e+01,6.527973315823528822e+01,1.860481374329967252e+02,5.924292978247491703e+01,2.102778376750240952e+01,3.933226269990874613e+01,3.322822474880091193e+01,4.907330557019010797e+01,3.676441776675190454e+01,2.855738061168400233e-01,6.192516074971926088e+01,7.741346038377424854e+00,1.844183127764960872e+01,4.252177801493116505e+01,4.929812461860260697e+01,5.929456038721661493e+00,4.471329927321753672e+01,1.477765087358880010e+02,7.200490930149826774e+00,7.984849588168553680e+01,1.358540248279078071e+02,3.393534168664830819e+00,9.692349416925252115e+01,4.334571397822981709e+01,3.607588615864904824e+01,7.975734032068699264e+01,6.881483732582827884e+01,1.270650363764259936e+02,4.488230731630008741e+00,1.000815534065101673e+02,4.257624285486772209e+01,5.051000375865274350e+01,3.702014594132285907e+01,1.392320727602269992e+00,3.414406259714319702e+01,7.903681208731486940e+00,1.034398192432860384e+02,1.609716991736377167e+01,1.891163352415933474e+01,6.310402079094559014e+01,1.163201277117842238e+02,2.723833579147401451e+01,6.954549273789326946e+01,1.136061522272891899e+01,1.226965640801158628e+02,4.480610414960708709e+01,2.282652339785666484e+01,1.163599300312741036e+02,2.581052775244776942e+00,1.406454183428811859e+02,8.212696848058127941e+00,5.557282360033574520e+01,1.437914744092243780e+01,4.467461239869692946e+01,2.576950021092034304e-01,8.145248689466544789e+00,5.198763866801898104e+01,2.295118194882082463e+01,2.241566225698314341e+01,7.344358672873267047e+00,1.409290554608872696e+02,3.862106462367486159e+01,2.204751961340493782e+00,3.313149719904973267e+01,2.499883335069385648e+00,3.301894466986108512e+01,5.153781308050725585e+01,5.251726373347786847e+01,5.390617980716599789e+01,1.034864279666578426e+02,5.068909080951473101e+01,3.836907693095754013e+01,5.566174943253328955e+00,3.071858243069787164e+01,6.520500218153875949e+01,6.630953753436044451e+01,4.386775563487275775e+01,8.092586413532572465e+01,9.422642019090007182e+01,2.707312372096883735e+01,6.307771868927761716e+01,2.307651040085773175e+01,3.950544918449310927e+01,1.166359545591052296e+02,3.708931950890047347e+01,7.426414317658124098e+00,8.963081982938437875e+01,8.006921756990705319e+01,7.053518095941070953e+01,2.935507905117412975e+01,1.582908019936777144e+01,2.418138730370864309e+01,2.550058473747940369e+00,2.701501063302664374e+00,3.853381397901251404e+01,6.032718913754307977e+01,3.548240195554050302e+01,1.340757724250526017e+01,2.035335793608613386e+01,9.315857593418071758e+01,6.376071574012576804e+01,1.177103867415296037e+02,9.559875781132907591e+00,6.965989840224706597e+01,1.372451607228436217e+02,1.351676223691347190e+01,1.025490004738971521e+02,3.840942472757073745e+01,7.483084581519514700e+01,9.022661727436174317e+01,6.107994489825215645e+00,9.221701862355394042e+01,6.934463734860281647e+01,7.135895400575293479e+01,4.315926430759380850e+01,8.044026010693050566e+00,1.560647294215290799e+02,4.643839699478746752e-01,4.093231867117659561e+01,1.282260265495513067e+02,1.313534938081827192e+02,9.046873297844271633e+00,7.609513572465847808e+00,5.359137410881680097e+01,5.113418731965850128e+01,6.336659651156014483e+00,2.818166156414293511e+01,5.298682572513143185e+01,5.008930610353182544e+01,1.542580586045660311e+02,2.224004779703861701e+01,8.352323755411152462e+00,4.492414204638770059e+01,1.671391951241527707e+01,1.522415016258264764e+01,1.608862670530297967e+00,4.614025007738376871e+00,3.217549507560568856e+01,3.598129135966751591e+01,1.947298286828347003e+01,9.985949727491261285e+01,4.757833369250590039e+01,5.253433360844638855e+01,1.114321314665447815e+01,7.079211676244675289e+00,2.910448920819355223e+01,8.298545304078312768e+01,5.758664907434264535e+01,1.913663699931436257e+00,4.921815430064121699e+01,4.265490473808114302e+00,6.270423497031338655e+01,1.476120326949161381e+02,1.325300800760815605e+02,4.210407988506971577e+01,2.321877096000480734e+01,4.903237603199023908e+01,6.370145205115082376e+01,1.196223577951742527e+02,1.597006656897448629e+01,6.692935366790449869e+00,4.584811355161797763e+01,2.593383472451975180e+01,2.608697816720102480e+00,1.307652152035639936e+01,4.239194606744931804e+01,1.955795106028170949e+01,2.559498881304609696e+01,4.222767406727786010e+01,1.194857620501923918e+02,1.770070192249605512e+01,7.092989852847794374e+00,9.632123223760613939e+01,4.055838483404727981e+02,6.699587017786383569e+01,2.518851479505314828e+01,3.784206203864094675e+01,5.077725087427466377e+01,5.798590715335024015e+01,5.788471752375278889e+00,1.965925322063690999e+02,1.595872718660642136e+02,1.661073282963173270e+01,1.347613086703942820e+01,2.224895011533292006e+02,1.902840148976842727e+01,1.295541604667318758e+01,2.133955636884539615e+02,1.679999622019929006e+02,4.717974451298160687e+01,3.258779508662022550e+01,3.194293920263117315e+01,4.931716958587855260e+01,3.305519311184838926e+01,5.546178238634418989e+01,2.272207772105808132e+01,3.456834267642965131e+01,1.014789740241450886e+02,8.377494741084248631e+00,8.614937991318636534e+01,4.798294095365992007e+01,7.505040375787886830e+01,3.192439543412998759e+01,2.175177295144005818e+00,8.245365256136453525e+01,2.231848195304701505e+02,2.516885730566105295e+01,2.295599051564245130e+01,8.307495901853949150e+00,1.868851269495707967e+01,4.629434329854845487e+01,4.262893282638597725e+01,4.024683340740518034e+00,3.793110277913616102e+00,3.163346230490206779e+01,5.329262397164740861e+01,2.962661325327233044e+02,1.907257785438103070e+01,1.045733702583011926e+01,2.067389598344164270e+01,3.561310333833091590e+01,8.856934281304687318e+01,1.022848132431828150e+00,2.979448179829732979e+00,8.013001593747491214e+00,9.882544821608844643e+01,3.710671296388033369e+01,1.585002493122088474e+01,7.506349068571766736e+01,4.411935729118111027e+01,6.633499579396195145e+01,5.033459904860336565e+01,2.126209240129877855e+02,1.861097410732254787e+01,3.869010826993613250e+01,4.344716586404715741e+01,1.196510285949106560e+02,2.970263869124315192e+01,8.936330650870214498e+00,1.149285085551152292e+02,2.469073530854186345e+02,3.671463118435043071e+01,3.011390173840954887e+01,2.737495158143070171e+02,1.035416158856964017e+02,1.170577672670715508e+01,3.001500924032556838e+01,1.204861458768420022e+02,4.087278954656192553e+01,3.524959471742115369e+01,6.160115845430339299e+00,1.235211009273021610e+01,4.388513037611780021e+01,1.010937357799115119e+02,2.391839473840900343e+00,4.199741308805061912e+00,1.083890634228101568e+01,3.572923938666335175e+00,1.546469857578161395e+02,2.299815651028142938e+01,6.014738772416158952e+01,6.178881668248961567e+00,6.619487688343666321e+01,2.379163300183805063e+02,2.709329209404734939e+01,8.411619074683068220e+01,3.809271070231976353e+01,7.261862097795558668e+01,2.737716722076331877e+01,1.223820094658040070e+01,1.528581155553022768e+02,1.002265079865195645e+02,1.691164665725231586e+01,6.970509564641886868e+01,4.599057442853243316e+01,5.569781133018950214e+01,1.686606113312709709e+01,4.047001434334437597e+00,2.491438151150225977e+01,4.383344607106102409e+00,2.042262774309624618e+01,4.681663562825249159e+01,2.439578240851875890e+01,2.206576162624922066e+00,5.429173533871309587e+01,4.316614013069560940e+01,8.681267620751524916e+00,2.195740836276155150e+01,2.260045135744812228e+02,2.463030283771642814e+01,1.621566294545107212e+02,7.636575530634614495e+01,8.940456402276161896e+00,7.463197813981368256e+01,1.130388783514979139e+02,1.033692782695186452e+02,8.987012532249185170e+00,6.785992678662707078e+01,1.250215022238114848e+01,7.585141473368707032e+00,2.843511074952667173e+01,2.498928857962563477e-01,2.908094012306686693e+01,2.973172614461400443e+01,1.941394765009572509e+01,1.045228473449873263e+02,3.492249321244425175e+01,6.924473893774653277e+01,7.587377381677784172e+01,3.191639181237881573e+01,2.282983554583279062e+00,1.546004731563727042e+01,1.154792215163649338e+01,1.098105573457415218e+01,7.529999876444625784e+01,8.454843278818925967e+01,6.751281992954653788e+01,2.034070311203643300e+01,1.602349249271732958e+02,4.952344325943613512e+01,1.437888442323972349e+01,3.565051530447173889e+01,1.595626680581758805e+01,5.520867016141204431e+01,3.323703007212746741e+01,7.318104229316064391e+01,1.864713094188474258e+02,8.958293516046489380e-01,5.825738242516555943e+01,4.758256246413142776e+01,3.553104417340519072e-01,1.244534294356854787e+02,3.507401718701523663e+01,1.472543268825522773e+02,1.771761474497737083e+02,5.250853798303234754e+01,3.782214152945888586e+00,7.815242699093701617e+00,7.177365099450820907e+00,8.872737669116078507e+01,1.743449883330827959e+02,6.415571640210218618e+01,5.648599230385126013e+00,2.371720040818940163e+02,2.828474076387223590e+01,3.044240507399633255e+00,7.696116244683770091e+00,2.247911899357347920e+01,9.945662975058867517e+01,4.610817368540057259e+01,6.528010603315954086e+01,8.402870359825225677e+00,6.457005161804615057e+01,2.515458416774144368e+01,1.130916868665212327e+01,3.555693645588235086e+01,1.643799857576515677e+01,1.855380499700052610e+01,1.220177741214854450e+02,5.824282616799379753e+01,3.197252209182478566e+01,2.151653684345160116e+02,1.945944243855410321e+02,2.523002276022002022e+01,4.582781971027142731e+01,1.380242845167176569e+01,3.534857017466116957e+01,4.420529803617315956e+00,5.833010294867036549e+01,5.573016808491428264e+01,1.939744295766096727e+01,1.178085883608405169e+02,2.612625032408586279e+01,4.614673903852405346e+01,6.660137304326460139e+01,4.003269687379117414e+01,5.060117532445769939e+01,8.755250142323598084e+01,5.960946307709448888e+01,1.824000160366157530e+01,1.046411124245082505e+02,8.502041955456083144e+01,1.013758529542184164e+02,2.308053281223130071e+01,2.918950417136219855e+01,4.192954835120436741e+01,2.154364435657381094e+01,3.698559071268277165e+01,1.417866841344993922e+01,5.954185210856372379e+01,2.480643398591434163e+02,1.031480874507672496e+01,1.234872705024101158e+01,1.212481985975783374e+02,1.199403626721094582e+02,3.863362858210952311e+01,2.730431031016977172e+01,4.468490563043359742e+01,2.341613084510968790e+01,3.744850738244692678e+01,8.157087484768028673e+01,3.459132914262570968e-01,2.731744784969027862e+01,2.887703366675546590e+01,9.941013265141209843e+01,4.567803687459785777e+01,7.221556675468781350e+01,2.088632179711990489e+02,5.714891551675211190e+01,2.386435837618422795e+01,2.010026513460450133e+02,1.392782795597950667e+02,9.409901401010412059e+00,2.943110797508900234e+01,6.724452592691308439e+01,4.518412327690435148e+01,5.346104017451923873e+00,8.567324624663602606e+01,2.015869694270691426e+01,1.204706736268546230e+01,2.219621934493656923e+01,5.539441782993180796e-01,2.940663255422850852e+01,5.221505206466395776e+01,2.734525372026210732e+01,8.663683207954766985e+00,1.786593209338862920e+01,6.302969263588948934e+01,2.575299196101219934e+00,1.763104456239014439e+02,4.784072315328118208e+01,2.696480652924017729e+00,4.692588555054241084e+01,4.146629781984569263e+01,1.477135905800384137e+02,2.837443210702954133e+01,2.449690439695046962e+02,7.799781930481758252e+01,1.670407057499374659e+01,2.413945297798374767e+01,3.230789879233686435e+01,1.133312216237394132e+01,2.052322173489112167e+00,1.053832580997381712e+02,4.833559802029189001e+00,2.586439281485084152e+01,2.402460040817082287e+01,3.546388337460620477e+01,4.726767191469915730e+01,2.233293330490996809e+01,1.228393086583354332e+01,4.633482540947951378e+01,6.372350603457117124e+00,7.954949851591407217e+00,1.648190870694682530e+01,7.325430030386677949e+00,6.567890175466457947e+01,2.886618091552250931e+01,2.591115636672574496e+00,3.519526401274973892e+01,1.181741260110231373e+01,2.725586130266396623e+01,9.065784215018526027e+01,1.342300015812201934e+02,5.847593419318791952e+00,1.796103461178011855e+02,5.557922874027845950e+01,6.168354128525742652e+01,8.267456224062824788e+01,4.815262982270845704e+00,1.774679379086176212e+01,8.694723794576574960e+00,1.360487059790642945e+02,1.067124372431080559e+01,2.390770511687600575e+00,3.977183487661611849e+01,1.028903104361312018e+02,6.422441277261779824e+00,4.697477239007611161e+01,1.343406958789229293e+02,1.371937071235937537e+02,2.187644937429428538e+01,7.115304834872507200e+00,2.816477802937353303e+01,1.806045093840992593e+02,1.439387664445174231e+01,2.529926575537140820e+01,9.246975029151296610e+01,1.439315003149070549e+02,5.932635400115251656e+01,3.356923573304601671e+00,2.116142216604810145e+01,6.695149072551815017e+00,2.714371103850610325e+02,2.646045308153228248e+00,1.261184236763402566e+01,1.951527739468943068e+01
6.141242057638180540e+01,8.675891263914043350e+01,1.200757718048778422e+01,6.086812222190928168e+01,4.432108382626642396e+01,1.337856253798712558e+01,7.541945029306776904e-01,4.100245712216292304e+01,7.077084404966575448e+01,2.270829724240415359e+01,8.244148882740798712e+00,7.856754547042231751e-01,7.248880527031646537e+00,2.476329590831077709e+01,1.460142266155644286e+01,3.429743364884063794e+01,2.431998322284297132e+00,5.795496058849843735e+01,1.535732772376161570e+00,8.444569655692114596e-01,3.114086968095237751e+01,1.524152609022058691e+01,5.559519121650320361e-01,1.449801732641655683e+00,7.275497585004045220e+01,3.266685701564743027e+01,5.758897926145415624e+01,4.389534724363142715e+01,3.102664630402769319e+01,1.373140983606145049e+01,9.056223487066085909e+01,4.982537813788660230e+01,6.486672496402660215e+01,1.550360349991243680e+01,2.586960621036560326e+01,2.679167074418114414e+00,8.806259717493043127e+01,5.901606438775231389e+00,4.366905381816970788e+01,6.092162276467604443e+01,2.574854451725823612e+00,1.207170310303551197e+01,1.123837583808650464e+01,1.103210577418524139e+02,9.961083279803560231e+00,3.982710103403353230e+01,1.448760744959825253e+01,2.113126488848847728e+01,3.755068916686700220e+01,9.352033190252123873e+00,5.928028162813439650e+01,1.428754236969108860e+01,6.811444218519591232e+01,4.488917780686508507e+01,3.368432431661152293e+01,9.206774373374689446e+01,3.833560575231470580e+01,1.197211782053239526e+00,3.742244638821358649e+01,7.962864263042972013e+00,2.193651061848544614e+01,1.491985643959187868e+01,3.797017966049355486e+00,9.881200951764668616e+00,9.675158941552582803e+01,2.184509114442127498e+01,4.840091876801463577e+00,1.492154620339526616e+00,3.061942304259112646e+01,1.555289756812774549e+01,2.674838326458400672e+01,1.602461454384740875e+02,2.509104915415180770e+00,2.079441580847384685e+01,2.844928342426228483e+02,3.706401819515393825e+00,1.077241362239903566e+01,1.461980677313132482e+01,1.282923606129380971e+02,7.959583857266227191e+00,4.922349961479300617e+01,8.903935390865962063e+01,4.521854724375859291e+01,7.678101249289697172e-01,4.527180260674557921e+00,5.957306148786852873e+01,5.191647159422637259e+01,3.314283217552970395e+00,1.871743993107820714e+01,1.193197365196512294e+02,5.167365245772234061e+01,2.230578101794484169e+01,1.967264335567975309e+01,4.179968098082247896e-01,5.177384943781944315e+01,2.077443869159581524e+01,7.442971663339898214e+01,9.402075950459396836e+01,2.027342261319509831e+01,8.621706409139056504e+00,4.638867142411953637e+01,6.090481366631203208e+00,3.750907333795397136e+01,8.995727556616969878e+01,1.034185783115806458e+02,1.279546625063947971e+02,2.612943531343749071e-02,4.679517492523078026e+00,3.603637907908868243e+01,7.996564735675194413e+01,3.341675169176529892e+01,3.248682257478204605e+01,1.499095749341495605e+02,2.822263954330733071e+01,3.670058867832642346e-01,1.664906124002917238e+02,2.079389270336314155e+01,1.166756304519768719e+02,4.797884255985716351e+01,1.185522636410611597e+02,1.102875405427233879e+01,1.244231200950851424e+01,2.512551885982572131e+01,1.084604081909026974e+01,4.106346165468044518e+01,5.420294659484470401e+01,3.307934538410429326e+01,8.441720373815899237e+00,1.691687493681683563e+01,5.560193946558027278e+01,6.673558979112851119e+00,1.806152232343139019e+01,2.710982041591961078e+01,1.372112306774740098e+01,5.068932057958263471e+01,1.347269076709343665e+02,3.940370468467407505e+01,1.811347509008742662e+01,5.666227672426943229e+01,9.341078259542597095e+01,6.606453959515299346e+01,8.659547290449342682e+00,2.206082100940168900e+01,6.249265635812385256e+00,5.939613595650562239e+00,2.866107507983553049e+01,1.608568940195759112e+01,4.846842261044538525e+00,1.686856822975315424e+02,6.784722856116486867e+01,3.153547279777487944e+01,1.469827099762783185e+01,1.465542228311321260e+01,2.824062626635122442e+01,5.738934580272911035e+00,2.518689576199330915e+01,5.519538663972311809e+01,4.174272861264102019e+00,1.119245265239476517e+01,4.181790631898401500e+01,2.949491855369559801e+01,1.137602481683652478e+01,6.033101736615671484e+01,9.609798846782462078e+01,3.572715860388198195e+01,2.752399809451841151e+01,3.510526378188319541e+01,1.305061140358112493e+00,3.860170070239509243e+01,2.083480818740537543e+01,1.115990080898780121e+02,7.364852757286763563e+01,6.340299502403997423e+00,1.173643221644079517e+02,1.046855630997316808e+02,1.017959238094618399e+02,6.222017893764749630e+01,9.331896291686991418e+00,1.642911395206222736e+01,1.456028984127301129e+01,4.702058988025302710e+01,3.215019975098393701e+01,3.444718863027241440e+01,1.052253730813479109e+02,1.513807189586520430e+01,2.208513411794259085e+00,2.149339019454270527e+01,1.761570273250921304e+01,3.146663783198312103e+01,4.220908547697391100e+01,2.116047195579591289e+01,1.968647764914243226e+01,3.317651689622635303e+01,1.002447307466721895e+02,2.387917203997153681e+00,2.761301554453819307e+01,1.321162388856373937e+01,6.454785487222506113e+00,2.027776554975550383e+01,6.058355188841070493e+00,3.333820606218459659e+01,5.543045416104749101e+00,2.703564346374871619e+01,4.776252906948815280e+01,2.661512411003311041e+00,4.352718601660522069e+01,1.681022293200001272e+01,3.116072353488583246e+00,6.519094503843313682e+00,2.605940825673813421e+01,2.808561592488115934e+02,4.044197323679021849e+01,1.111525162026728175e+01,3.077932594842215930e-01,2.587559943966813236e+01,6.466248591400811563e+01,6.694316508467414906e+01,2.530040291736032287e+01,5.259138322916345487e+01,6.220539770976295735e+00,2.248944039703401998e+01,2.016134968108974945e+01,1.840928095615883997e+00,1.485288606243913279e+01,4.180965760231558903e+01,3.731688403893996142e+00,1.709166681886868844e+01,9.227954198491109139e+01,1.076228979140626585e+01,9.274735577895289396e+01,2.930183363529820895e+01,2.982957013575696337e+01,1.139606036449356310e+02,2.106196696308103000e+01,2.171912321360004228e+01,2.709280000117039933e+01,6.002849387398373260e+00,2.115399730386667088e+01,5.602217064957146420e+01,8.355969708954938824e+01,1.681840680997519399e+01,3.760187619943621939e+01,1.591313997755217713e+01,2.587961576315371914e+01,1.850334119238848052e+00,1.380258444776309368e+01,6.043718501093030682e+01,8.601901975982057991e+01,1.356392711236040611e+02,5.282224491776252862e+00,2.373538372414305098e+00,1.245553614317142745e+02,3.344386316497968803e+00,2.834715852772853140e+01,8.020866683389112239e+00,7.637104612570403406e-01,3.570016867307194985e+01,7.732254382381018587e+00,5.231340184159655138e+01,6.643190884589351697e+01,2.382651022952974884e+01,8.856983477442069841e+01,7.387310308176509466e+00,2.308793336731728729e+01,1.114539704037916756e+01,3.423808441880658648e+01,8.012610806350293657e+00,2.896474947147488876e+01,2.184925561740283406e+00,8.563679817076524259e+00,2.327371049421351756e+01,2.818806066443163783e+00,2.431323492250843543e+00,2.504376841860461411e+01,2.807067027426056072e+00,2.662857242774467537e+01,7.362349199012423639e+01,1.832316209909353404e+02,1.351736792148709831e+01,1.816773365132755202e+01,7.069421708063812559e+01,6.580654633687936794e+00,1.370500074544400881e+01,4.131728524794076662e+01,4.327945931727049889e+00,5.860822577783706322e+01,1.306135239931370151e+01,2.318758832065473285e+01,9.182972742399064359e+00,1.207047110823888048e+00,1.843286026740568317e+01,1.510619441384908557e+00,1.767943568514736796e+01,3.285770175186669206e+01,7.027723009004139954e+01,7.096897903250196293e+01,4.718494553201686159e+01,1.312649702108897714e+02,1.955789027345498354e+01,4.949711909572032908e+01,4.378735987398866492e+00,4.908356294380377349e+00,8.044766900990506509e-01,4.227845389317198510e+01,2.400388359424928009e+00,4.379230865620790070e+01,1.333286929176670695e-02,1.642708388408766211e+02,8.157713333918336218e+01,7.965244547373772832e+01,3.236246746730082435e+01,3.063038555726491552e+01,3.043785244107614218e+01,7.127177748831715398e+00,1.316339809731377208e-01,7.117028836088314847e+01,6.491232132001808708e+00,1.558707222279377369e+01,1.832259893066250456e+01,5.441300894386053022e-01,1.895140470291405776e+01,2.721423044973007777e+01,1.835497322495593764e+01,5.884788460303286683e+01,1.697797628116185820e+01,5.682201852364079286e+01,1.703518450806275197e+01,2.118990147037469018e+00,1.344492360926261938e+02,1.751957263519044261e+01,1.654033875100856221e+01,5.002869768522104188e+00,3.186027351062415303e+00,6.372614816730975740e+00,1.845655967790790086e+01,5.640203677122982384e+01,1.010220360063605938e+01,3.450793733365192129e+00,5.572553983514914222e+01,9.253330584676982440e+00,3.989092622628094276e+00,3.949250993877839022e+01,1.344427062159710573e+01,2.613297218645513098e+01,1.252498906748036234e+02,3.698277878953570763e+01,3.819299657347436927e+00,3.324056154559003318e+01,3.919632302714322059e+00,6.729031359806921131e+00,3.337187598886725937e+01,5.616172527607162124e+01,1.316432382720690697e+01,2.980510878593679536e+01,6.757614193476407571e+00,3.718165528852295409e+01,2.205961576517141509e+01,9.596057387446352038e+01,1.490466426675241678e+02,3.748084156503636688e+00,4.830775339080562780e+00,2.125130253780151008e+02,1.499619569103904304e+01,1.188118338661223028e+01,4.943922708936410260e+01,1.574245734032940547e+01,3.334514085160591179e+01,5.950092557151579342e+01,1.353507434101590690e+01,2.990623667130974894e+01,4.234929649925327766e+01,1.034449556540348567e+02,8.244599931311775265e+00,1.531364309605789842e+01,1.162265368626902386e+02,5.801732139932452981e+01,2.573379229988530881e+01,3.419979193987153820e+01,5.118993652038962061e+00,4.515833269128201266e+00,2.154690684727117755e+01,2.265568667993994723e+01,3.310103091376394246e+01,4.223257871400837082e+00,1.562387170305025279e+02,5.658310121478534960e+00,1.707754689813543081e+01,2.068185445555999635e+01,3.243829553516447195e+00,2.083079843741679227e+01,1.273624613313321596e+01,1.535116839936105704e+00,3.810289830290221147e+01,4.391053950635694925e+00,6.065244235067503809e+01,2.573194209490843676e+01,8.076245522830733492e+00,2.482939174053793963e+01,8.868555307236256624e+00,1.058013927565814072e+01,2.422947872545286074e+01,1.957549622791831112e+01,2.110809479717618675e+00,2.315092363808786047e+01,1.957074340770071785e+01,1.129797629408340498e+01,5.041997957712695921e+01,8.943801059304966605e-01,1.578570432455246042e+01,2.283253978284187369e+01,1.083602746983287268e+01,1.194983864847311850e+01,8.131606997333757647e+01,1.772707407501468069e+01,1.326269343008989843e+01,1.062672514559702269e-01,2.249256020764583752e+01,7.988940188389265984e+01,9.102517012445944999e+01,2.960893651960600437e+01,1.220817547329850896e+02,8.100809284750198458e+00,2.739644925942311460e+01,1.504118378866701988e+01,1.260751780382392218e+00,4.186528143031517146e+01,6.241777975042469961e+01,3.036509438815507167e+01,2.073642041890575527e+01,8.942347171168080422e+01,4.081847604430313226e+01,3.286304836813200581e+01,2.322768915248804333e+01,2.300254369505584506e+01,3.160800458003646440e+01,9.885170162831677487e+00,3.221591500681967801e+01,1.904939130496624777e+00,6.247764970128584849e+01,2.438461418744105913e+01,4.571532165864184094e+01,7.817226011857424162e+00,1.919298415501206634e+01,7.608556341926684397e+00,3.562024030781571327e+01,4.305105279409395536e+01,1.464809490182479079e+00,9.259749908694987042e+00,1.061801332117406638e+01,1.126045010769801280e+01,3.925514863862038339e+01,6.511637169383588741e+01,5.505884510715021207e+01,7.585087965369352503e+01,1.664866835305181425e+01,7.631484877102442965e+01,4.479520027553952843e+00,1.722100740362346372e+01,2.617713202331888667e+01,4.760402761079951972e+01,6.432781588036667664e+00,2.379622542199627944e+01,9.801387537515021009e+00,1.399120347110876672e+01,3.793319432609191910e+00,2.569843386349912606e+01,9.246855757106200002e+00,3.387549592769079254e+01,2.685948663592580488e+01,1.410155509415124442e+01,1.558560998741905301e+01,4.805396958596367796e+01,1.546685800064458505e+01,1.904760140780826916e+01,1.622175837259757358e+01,2.324504847866401747e+01,5.286200349596668246e+01,2.098364406878620869e+01,1.290068530821580772e+01,3.624708375361467727e+00,6.349854113220834151e+00,2.500434697986450772e+01,1.754220936877100812e+01,2.984840004969178651e+01,2.992406658509911210e+01,6.997921717907730965e+01,1.705561533668995366e+02,1.437076228488484375e+01,3.334130367711500398e+00,2.325227689394534503e-01,4.790776122053571839e+00,4.508027814923466536e+01,2.228947550986628201e+01,4.336085549727013988e-01,2.742072770615753186e+01,2.853775070950458925e+01,8.334433679243693049e+00,9.775982589486082119e+00,4.149047188181812729e+00,1.011966443879184254e+02,9.291698701123310400e+01,5.123775509809834006e+01,6.095210385920864127e+01,3.263418193600647044e+01,3.685848700498901565e+01,2.614255942827881185e+01,8.994572188160836035e+00,3.128966824153422621e+01,7.095383891881859029e+00,9.282455646680222827e+00,5.711206772748255389e+00,5.591157158457187393e+01,5.486930693025812644e+01,1.745751954497263725e+01,1.576526697713800163e+00,1.670693778673387975e+00,2.709609604626916379e+01,8.333032349443614706e+00,7.275517906302880533e+01,5.474374236460759491e+00,1.684443088192839610e+01,1.883784081421500112e+00,1.442722571740833892e+01,3.476380977266136085e+01,9.472247702706937389e+00,2.900923779212746823e+01,1.249601245941288852e+01,4.398729749115319265e+01,5.568314852949217908e+00,4.187608489920263111e+01,6.018163413900031067e+00,2.051284654640315708e+01,9.716145075094893002e+00,4.363136817105399246e+01,1.205445175981219705e+02,1.208039492348944464e+02,5.539541888056413121e+00,9.418446727533282825e+00,1.708067731070739503e+00,5.190791055194929449e+00,2.872959858459802618e+00,1.709894144904920665e+01,2.439051363278408857e+01,3.051796013997232748e+01,9.876524078066226764e+01,3.930775617165487734e+00,2.313547841571136487e+01,1.146152011283283656e+01,1.404314962584681759e+01,8.403307243714913000e+00,7.092316445853163032e+01,9.077975226351431282e-01,1.619139829358713589e+00,1.978270330718516732e+02,4.886606860119746187e+01,4.323210830686497985e+01,1.470859773508860542e+02,2.267003460473934595e+01,3.416434818524138706e+01,1.597678270926453337e+01,4.164671032515151694e+01,8.692345365891151587e+00,3.259008146267785833e+01,9.916380058121488617e+01,8.832961475893837644e+01,1.376419805679205632e+00,1.423367621007760420e+01,1.800097922181058507e+01,3.143012201358442059e+00,2.632364450899274644e+01,4.956027704189447292e+01,1.727485560147808075e+00,2.764623520968605064e+01,3.070475808605131007e+01,8.610331490557713607e+01,2.435273135442542625e+01,2.522431052306668064e+01,1.442762405271287491e+02,1.990878952519464917e+01,4.459776238836320061e+01,7.936404234430135318e+00,6.226325776615328600e+00,1.246356541885620572e+01,2.701722630388725843e+00,1.673834809574296685e+02,6.077373574259615907e+01,3.146488629387409830e+01,1.175850970524875727e+01,1.484431541276571309e+01,1.686960701595935674e+01,2.962920330975858363e+01,9.807916437771691420e+00,1.845763108104173966e+01,3.422951073267120847e+01,9.356858936423453343e+00,1.062530396365455054e+01,1.208280041397033600e+01,4.133524933683463409e+00,1.319577087543041927e+01,5.217981051904044421e+01,1.649500165268110408e+01,3.943625842274246907e+01,1.435517524924907695e+00,2.140951757874512040e+01,4.261727384781325512e+00,8.683717514971169393e+00,5.400505796216986454e+00,6.474010238476709311e+00,6.656444631470151307e+01,9.367024957812109420e+00,2.815027485589827094e+01,1.308773786189838795e+01,1.928033898070411567e+01,8.639668459616368645e-01,2.632216282533931917e+01,1.807831527431933338e+01,4.532932906094040248e+01,7.469855125102480287e+00,4.454033742239062832e+01,3.869499570574122416e+00,7.397784027309518251e+01,2.410316505753877081e+01,3.977155419392690305e+01,7.717270702705681629e+01,2.298398021827152959e+01,8.948098664023767412e+00,2.998169277277052913e+01,4.737136645901460241e+01,2.672223799818712919e+01,4.380773892897481758e+00,1.170851078513919816e+02,8.933817733188737620e+00,3.287644351189267677e+00,2.612889835422857576e+00,4.016504122243657093e+01,2.997132164990358394e+00,7.930677524082859975e+00,2.845289747312385842e+01,6.255720140242931215e+00,2.985006059776605269e+01,5.739026000118042647e-01,1.454151072838406122e+01,6.481488494993341476e+01,3.672542243439106358e+01,8.055647853880001819e+00,1.390960055757424918e+01,2.685899905986171987e+01,9.054540139806059429e+00,1.472797863218687375e+01,3.142861559089038437e+01,2.414602028507742304e+00,1.007884787421495965e+01,4.952215596549618404e-01,2.900917695421846787e+01,3.832124066690516528e+00,3.376975814930929687e+00,6.364456613982722111e+00,5.431952476914295858e+01,3.019226641874115558e+01,1.017637999144149177e+02,2.787112135916518518e+00,1.523658165517511804e+02,5.449566679210258258e+01,2.881474832086599935e+00,9.769257880599722554e+00,5.797981455489275682e+00,5.148634185873043556e+00,6.255153911656315557e+01,1.492504503661713677e+01,4.716079141795027141e+01,1.477234284238457995e+01,3.717463536196791551e+01,3.854833829045318794e+01,8.701475798533705586e+01,4.444527523573619732e+01,9.083233133591541275e+00,4.642127323874732525e+01,1.108136297396491301e+02,6.005564843023406318e+00,3.917044136641286145e-01,1.557643347644581695e+02,1.285328995075719405e+01,2.778346065521036135e+00,1.067870922123542101e+02,8.957766666595869509e+00,7.166750949977105734e+01,9.732900277220723595e+00,3.864617840070071964e+01,2.337858043592994761e+01,9.275809529801294362e-01,1.300313252606875025e+01,1.079313902434186723e+01,3.301042701275286095e+00,2.725437471331969785e+00,8.744642457095396892e+00,4.824790870960931954e+00,5.382510470274881698e+01,4.127286529427138362e+01,4.587913877988015976e+00,1.026660831169580668e+01,9.397423068259984191e+00,7.702361246291830810e+01,8.565245421130892112e+01,6.321948892761132255e-01,1.002102007031015951e+01,2.498881206259780541e+01,6.414788975485263833e+00,1.375065023382989082e+01,1.861155248445103894e+02,4.175861055332513416e+01,2.790810152288564794e+01,1.943392884120302977e+00,5.145271061764010945e+00,7.150496715635364353e+01,1.422627410188061958e+02,1.737509981394293490e+01,2.123684915568287224e+01,2.691617786783742083e+00,1.868492284595067687e+01,8.453621017300488205e+00,4.429221515517261509e-01,4.663335171642077626e+01,5.315515008956385401e+00,1.327992942177794760e+02,2.276770404383644930e+01,1.404978473422648051e+02,3.251277826221496525e+01,3.262145019306145599e+01,3.182908027533812501e+01,3.172169770437047731e+01,5.443019470435360319e+01,1.344221900007706871e+01,7.063173498879075396e+01,3.822423271972738945e+01,3.856165921318876588e+00,2.217039221263646809e+01,1.991590055823937533e+01,7.410736866641799736e+01,5.221735784301955619e+01,1.090927732409568129e+01,5.271190413031589372e+01,9.341863928701476638e+00,9.573428158589885939e+00,4.342309880979043868e+01,2.156085305455075130e+01,2.825847147491558431e+01,4.074335594567711993e+00,4.341067737219622913e+00,7.587391836051471827e+00,2.539442046157416044e+01,1.389638443674692780e+02,2.125827169022609198e+01,7.386425159110785899e+01,4.732601174094646979e+00,2.130026765523071575e+00,1.312371611984565050e+02,4.777401234591351198e+01,1.282764187264309008e+01,3.173018282869439233e+01,1.915795991790321950e-01,6.541344271981746950e+00,5.116572027729524308e+01,1.096648551122288495e+01,2.000946846731953244e+01,7.272948172297687108e+01,5.717639259696267118e+01,2.378024352583047119e+01,7.512399112706180659e+00,2.287473931309811803e+01,2.278899380731974844e+01,2.255503912504052266e+01,2.746727563799978356e+01,5.365885028635005938e+00,8.614860874766183230e+00,1.457708811814607941e+01,1.103646607402870927e+02,2.072828446858930462e+01,5.900669733846646636e+01,1.187859389316077419e+01,4.206096812159745468e+01,1.585166081560246099e+01,1.046041922765272005e+02,1.501931296092724288e+01,8.166570081896821875e+00,9.252577670565818480e+00,8.359514580301173226e+00,1.930559237799795014e+01,3.747743158113264172e+01,9.053561540882537173e+00,8.462041738133296853e-01,1.939186990655592169e+01,1.489355795452565445e+01,7.977092533592765733e+01,6.068407019561953497e+00,6.677226348088748376e-01,2.032844598495280763e+00,9.321428428709596758e+00,3.734000203083680702e+01,4.081341822943839404e+00,2.862163310495152047e+01,6.920954010930948641e+00,8.954142202889643443e+01,2.955710730922479712e+01,8.348689896202286320e+01,7.357859934313098904e+01,8.653191429299384652e+01,5.120137259873101421e+00,9.847675423760506419e+01,4.285147005121459785e+01,2.406909825218848997e+00,6.237447562884518248e+01,1.364480626123052254e+01,7.611711209420156443e+00,2.569685975348164320e+01,2.242676611086265837e+01,6.763102506631534894e+00,1.514614860855223526e+02,2.243787547401623783e+00,2.776762493652803343e+01,8.368056845307599190e+00,1.140842928678247574e+02,2.298826721546131324e+01,1.132159844619165634e+00,4.969293411846872033e+01,6.566099956927986625e+01,5.158662253927933961e+01,5.509892030518813932e+00,4.651221661729115553e+00,4.386381737872647335e+01,1.925274123510835622e+01,1.673408201444688714e+01,2.705459498502602145e+01,4.312533569814728018e+00,1.374351051329317386e+01,6.578699406618683554e+01,1.987637178068149524e+01,2.563788772632999979e+00,1.876400354596261266e+01,3.809364417480040998e+01,6.054198293693357869e+01,1.076520417336667634e+01,6.634652532157324423e+00,4.347618823072479444e+01,1.417890283787094319e+01,1.544557557145580340e+01,4.136950490816862924e+01,1.594838917241073695e+01,1.263056306941346918e+02,3.035150324109743636e+01,8.888137087850608964e+00,3.512362387898373850e+00,9.992008204187925458e+01,2.360650046766488153e-01,8.115078610412815863e+00,1.079763622539850765e+01,3.520867735104515450e+00,8.272575255465461908e+00,9.756393129307255663e+01,6.070497469015109004e+01,6.347920558763363807e+00,1.298619704417710352e+00,5.398179316311156839e+01,2.049155863735055902e+02,4.394151559834332588e+00,6.028078117791685742e+01,1.264524972627120860e+02,1.039855476509451426e+00,1.639668072640113294e+01,3.149149460387814869e+01,5.168967218985019985e-01,9.825672955667351660e-01,1.927526418893419446e+01,1.919632110127728097e+01,4.615674371227272133e+01,1.775155477866910303e+01,7.416412781559201584e+00,8.862283611659515614e+00,3.721499677156408126e+01,1.442077471158635404e+01,3.577703401770948943e+01,6.888029400744396513e-01,1.145930816606715297e+01,4.887566630955567604e+01,3.490008585283977283e+01,6.076403306240442248e+01,3.386513181706498443e+01,2.114688919254290056e+01,1.375130130633667491e+01,1.716811874265883020e+01,4.232603009466563293e+01,2.337436364520961618e+01,4.642478739001597177e+01,3.482188936531170675e+00,5.172362075649058966e+01,3.241477439167638153e+01,7.309029279122727019e+01,1.505510158451494940e+00,5.864722541362824160e+01,6.920175362632969041e+01,4.245321037214853988e+00,4.724463712673951221e+01,5.443095494067190288e+00,5.100812349271621571e+01,9.351643902788110552e+01,1.206807196023395967e+01,3.244826630310141180e+00,5.246966702774222391e+00,9.675494283036358922e+01,1.314848577362692161e+01,2.946883827646161080e+01,6.956036790327068786e+00,2.389654776644778877e+00,1.402922627039453296e+01,3.406808424447866468e+00,2.089193972768582341e+01,3.087916300988693763e+01,4.370201352627598368e+01,1.078013641343268780e+01,7.822733992731424557e+00,1.984074846059941422e+01,7.071560380797434675e+01,1.026063074754124216e+01,7.532141030961886941e+01,4.263805878140954064e+01,2.772185500964935989e-01,3.457651349784530037e+00,3.735124371746069727e+01,1.594289661525660762e+01,5.191515344038715618e+00,4.248756506424772539e+00,3.204013089423326477e+01,1.446562889948330444e+01,1.100518365641211318e+02,1.438876059258259232e+01,4.637817433632477560e+01,6.253225891742054010e+00,2.599818013888850032e+00,3.286359933815261769e+01,1.937456838626143707e+01,8.874947871079461592e+00,1.183269913267168327e+01,7.514375402577003760e-01,3.452833412806608493e+00,1.562073423883017398e+01,9.159858450307753586e+00,1.262851275499839154e+01,1.978758494976462856e+01,3.372753332504191803e+01,1.117011467365115074e+01,5.204411408839440867e+01,4.726063846364527166e+01,2.738201022068696489e+01,1.368209718487204007e+01,1.579223278117618356e+01,7.561152651139111924e+01,5.033682111464753639e+00,4.782616213243438885e+00,6.887828323226551674e+01,6.689392597596038570e+01,5.973509089923615534e+01,8.945299580896475788e+01,3.914479310596184547e+01,2.481648474988563891e+01,3.683707574298107090e+01,1.957631973695400873e+00,1.361651825427202027e+02,1.414462908880842917e+01,1.772532748571901706e+01,2.564868368780051000e+01,3.347209733198929893e+00,8.482917175895970274e+00,3.070194725288466930e+00,6.663773854637006444e+00,1.069252940483704073e+01,1.931356571030454994e+00,2.117449430098730900e+01,2.181104972270596321e+01,2.422131601672657197e+01,3.658679170925829993e+01,4.352108237376746125e+00,7.381014030138012494e+00,1.013585753295892999e+01,1.248988616623628145e+00,4.648697350307323006e+01,4.301861514714473600e+01,5.135948145065514581e+01,1.174739323437540719e+02,1.951923058421536155e+02,7.178319951620482087e+00,2.049938362394996361e+01,1.791644363098284032e+01,1.987070064913440604e+01,3.963690945180478309e+01,1.078439841703038660e+01,1.078586765578051931e+01,3.344950718284156466e+01,3.949760160191030423e+01,3.019672604686575923e+01,3.440816206236903696e+01,9.847299075090328202e+00
6.003233664895620336e+01,2.011295187869851020e+02,4.005654961518218329e+02,1.703001868829212810e+02,1.658342505861236305e+02,6.046321282474828962e+01,6.316887614201832690e+01,6.116823620174454845e+01,3.235975045146641946e+02,1.767798276938414119e+02,3.187808601124347092e+02,1.112868524620878787e+02,1.200793049199087505e+02,2.574729705365614905e+02,1.251778995436246902e+02,6.181289978976079169e+01,1.841076980415626565e+02,1.116599584922173136e+02,2.847307198744812240e+01,2.709981152448629018e+02,6.053253688973362756e+01,3.933581977320847614e+02,1.441087081207265612e+02,5.736169274454318412e+01,9.011101638004555525e+01,2.659656546841005706e+02,3.142868500496919992e+01,9.631845053804735102e+00,2.988517023173837828e+01,1.202301501606696235e+02,7.931506544031181249e+01,1.069746594165117415e+01,7.906579797220301487e+01,1.547906345869702989e+02,5.599551699611418520e+00,1.097501053254303685e+02,7.661413238715086038e+01,2.499228360819548982e+02,3.131958734764062342e+02,1.019741464966522955e+02,3.415563209059557153e+02,1.261122843774050040e+01,3.210777461125791774e+02,2.389392839376796474e+01,2.063285014765365304e+02,2.075269330053869226e+02,2.555521661516826626e+01,1.431228333241161277e+00,2.064435998018641101e+02,3.438805900223248386e+02,3.579245881449600830e+01,2.252999526151043597e+01,4.073806969626756569e+01,9.534896402951376615e+01,1.024042863568143957e+01,1.825909659483470477e+02,2.051303185339311028e+02,3.887169017200901067e+01,1.830819744475408299e+02,9.716439899235197686e+01,1.453773860850245399e+02,1.561140851644988992e+01,1.836376520945033874e+01,1.763894600298817750e+02,6.209526224929714999e+01,7.354807337095002140e+01,1.090563107104529053e+02,5.779997190351040359e+01,3.936404432326347802e+01,5.781462151443691511e+01,3.085612467959106766e+02,4.400401227402568907e+02,1.058604305217922530e+02,6.603341949609551875e+01,1.004899297399331317e+02,2.716905616456649000e+02,4.444046390478933972e+02,1.503432973995836335e+02,1.296426306094490428e+02,2.484632298939422412e+02,1.308301263652702744e+02,2.494311284282258967e+01,1.108696613931266342e+02,6.171542414663306175e+01,2.364289573322960507e+02,7.389165585391923230e+01,3.179037651787851928e+02,3.941282662735579265e+02,6.212036545629287865e+00,8.888303470042227161e+01,3.260792399049716437e+02,1.861257922870721302e+02,9.585205557439816459e+01,2.658830839325520969e+02,8.575349523472056035e+01,6.344767260736907843e+01,1.865352443028043865e+02,5.357450156995823676e+01,1.343287433212271083e+02,2.049706640035546172e+02,1.003740382312473542e+02,3.216776909244224925e+01,2.566831338853709510e-01,2.286218814885518782e+02,2.148398713118265562e+02,2.508183779445747419e+01,7.511019301069471510e+01,3.091279815874048040e+02,3.782296271520277173e+02,6.123121536234745008e+02,1.090095321758414855e+02,1.691794334970058600e+00,5.614363674370785873e+01,4.373737286082596043e+00,5.140383235636818426e+00,6.587431112203303485e+01,1.863424663992500143e+02,3.976968691412481007e+02,9.848921360833300298e+01,2.426410691227138443e+02,2.289613150826556307e+02,8.114685765049563315e+01,5.458011888876321649e+01,1.495031013376347175e+02,2.902033089688699974e+01,2.532740416516901689e+02,5.475821850173780803e+01,1.321789399600816921e+02,2.436410092165919821e+02,2.435995085712994239e+02,9.254578250140372830e+00,8.865250867296096260e+01,8.337895069880970311e+01,3.252854298575285696e+01,3.651488002629923812e+02,1.617380330665637018e+02,1.336629608334525017e+02,1.400881242525065602e+02,6.970213239861719501e+01,5.726744853438657401e+01,8.559525163192999742e+01,2.274332792030332371e+02,2.031514785683772288e+02,2.457024246690948814e+02,1.879854915605743670e+01,2.876604473032326155e+02,8.773423544176738176e+01,1.802557237269997756e+02,3.440402756349536517e+00,3.001505310736255794e+01,1.613837918785182239e+02,3.768753661840818836e+01,2.108700588848262569e+01,1.331961701046077735e+02,5.750199997180373224e+00,3.346529565163353368e+02,2.278677294237297346e+01,2.665294170878120994e+01,4.932994461899104266e+01,9.969626130335286973e+01,2.798757093592257092e+02,4.746474766194757535e+02,5.088532386273030994e+01,7.986240173129444031e+01,7.426737548652050691e+01,1.580904134924269222e+01,9.668429934010957538e+01,6.757231471634069919e+01,7.058506177975802487e+00,1.450570064206889640e+02,3.953985254202297028e+02,3.800167036726139145e+02,1.526108616770407593e+02,1.515958648252270109e+02,1.937042744565969770e+02,4.506388960751060324e+01,1.159888990319710445e+02,1.501282412176903733e+02,2.905571702073765028e+00,1.195404463271147364e+02,4.122965379479218484e+01,9.418836979934368969e+01,1.135054876998465403e+02,9.709192174297427869e+01,1.842867938398420904e+02,3.815430852164147524e+01,2.472658618998770237e+02,1.382301285290136228e+01,3.276609654752155620e+02,3.806194344578451449e+01,2.366343067397382924e+02,7.236653635885042490e+01,1.184859321054766070e+02,9.745237835999400033e+01,7.288825234736502523e+01,2.741268795311530582e+01,7.740470693730030405e+01,1.622389252793580283e+01,2.285840076564227275e+02,3.601377835895704749e+01,2.020677392826602059e+01,1.234213888031115118e+02,3.379713200084257352e+01,1.509823964671040741e+01,1.047522901603681902e+02,1.103334895323920364e+02,2.933565699126729100e+02,9.362824975033855424e+01,1.103160477921310303e+02,8.159362119930479196e+01,2.618903747709870231e+02,2.756481696646040405e+02,1.074701292749037549e+02,1.121064376341592919e+02,1.171153232848318737e+02,7.379355743643733589e+00,1.437813149407426465e+02,8.820621357201973467e+01,1.478668553144997233e+01,3.109891728545953171e+01,2.716967971288123707e+01,3.323590018422140702e+02,1.082589398228138577e+02,1.446740658330830058e+02,2.792334453745569931e+02,6.563485430758780126e+01,7.765455931005136847e+01,1.332448812721293336e+02,3.669114195565911700e+02,3.121014551112699564e+02,3.990564004698822487e+01,4.858107693334446964e+01,1.216418350503600863e+02,5.196930140657672581e+01,2.579843835729928614e+01,2.367929846440185315e+02,2.496455598632097050e+01,5.878115365080660126e+01,1.496016433420503517e+02,9.834245761498696226e+00,2.636012433151689152e+02,4.260488320353338736e+02,2.418393199901632329e+02,3.240391482115945223e+02,3.171735005854489842e+01,3.806768212491686540e+02,1.313407510662262894e+02,2.721505421601011676e+02,6.174109435276626101e+01,1.737869551342276679e+02,1.027453394223643244e+02,1.119880944069589788e+02,2.649782531644793835e+02,5.660934561920080199e+01,1.677173345371856215e+02,3.388795543802229915e+00,5.307349393698451223e+01,2.314200709454274545e+02,3.224917018109101150e+02,5.585380866179099968e+01,4.661722233273878260e+02,3.082894256507657360e+00,5.304556299506457862e+01,3.408521885680243457e+01,2.156310950784530007e+02,1.893610909446398125e+02,6.698183741256313795e+01,1.247164511465194892e+02,8.226372899560003304e+01,3.421851520914443512e+01,9.826279977110540642e+01,2.363010106273446524e+02,1.090614824509456149e+01,3.037858353997828544e+02,1.033881751278774175e+02,3.644398230843685269e+02,2.852904363033656523e+02,1.958043156419318223e+02,1.565938350939603936e+02,7.722412721631978627e+01,9.566685104030484865e+01,6.074904717895988426e+01,1.627092077639499124e+01,1.656616028438855039e+02,2.208886749758571000e+01,1.089312850893179387e+02,1.320204900102980901e+02,9.082555565974895728e+01,1.558330228905457737e+01,1.416749259158551695e+02,3.070644141809295888e+02,1.458224079880448016e+02,5.499745293609480257e+01,9.921187863698649778e+01,1.113427287490580966e+02,2.655994093812281562e+02,3.213965505585571236e+02,1.629901126974179135e+02,9.400376071300799197e+01,1.400744644120121940e+01,1.691100965345384566e+01,2.751915729702980116e+02,1.232613530850977099e+02,4.516041431706667453e+01,4.852453685540853456e+01,1.242229979674833089e+02,3.583415982132613919e+01,1.190417742304105531e+01,2.852246133979476781e+02,2.466443118056417561e+01,7.788138560936522481e+01,7.980862086617337070e+01,2.486311639569322196e+01,3.375669802349688098e+02,4.956917916503855537e+01,9.051400204589810983e+01,1.717680130041345592e+02,1.820592372330274031e+02,7.898711706006073996e+01,1.411404944822229197e+02,2.644087324492106106e+01,7.558062509345613478e+01,1.338601960392448404e+02,1.544619715091448064e+01,2.568308219933692840e+02,1.545782322108315725e+02,4.379231648651671094e+01,1.825568373452156550e+02,1.387982124896201981e+02,1.249430696825645413e+02,1.718977221909272259e+02,3.281030820883335650e+02,2.696646932592119015e+02,1.035898354654739819e+02,8.254084600584089060e+01,1.730971766274526829e+02,2.425976989573084666e+02,5.597972990997605081e+01,2.722759705464578772e+01,1.173310017478789149e+02,2.064186286279656279e+00,4.769216659016891668e+01,1.598108709849993758e+01,2.342255865700666906e+00,1.588509456613292947e+01,2.470959695158876741e+02,2.526356975009136647e+02,1.815766687580006078e+02,6.065580564289619758e+01,4.717105317657279215e+02,7.765412721546864816e+01,1.152049378098251680e+02,4.866712369289073337e+01,1.946774646394234765e+02,2.292006068515499635e+02,1.393029670064137093e+01,9.801378203446000725e+01,1.271452970467646253e+02,2.421658016677352521e+02,1.706754816995482145e+02,1.628750017810854160e+02,9.254338408969771024e+01,1.425580407748503298e+01,9.360948561202836515e+01,7.676604162832666134e+01,1.740208366812148313e+02,1.333003032926390858e+02,1.070701036358705807e+02,3.220712686486660914e+02,4.884665158761846442e+02,1.259335387172116612e+02,9.791751180545493582e+01,1.634502766155426912e+02,2.593490070760066146e+02,3.025309580941779473e+02,5.547687759843304889e+01,2.104898779220998222e+02,3.714187072186087590e+01,4.175621963427562946e+02,1.533970559219321501e+02,4.551846944102535275e+01,2.924570962736980473e+00,1.803825512131453834e+01,8.236597162093119096e+01,8.655277695351960565e-01,3.201469963579629052e+01,1.462926061119646874e+02,8.828446007811977836e+01,1.464548684432736820e+02,8.872945873287567053e+01,2.952003662625700144e+02,1.268366038357697931e+02,5.586476840408145961e+01,4.545040677345210334e+00,4.061312543767804328e+01,2.752697431909361967e+02,6.873578190949415045e+01,3.902150356973796619e+01,3.840914721470587878e+00,5.668714015096838921e+01,3.861865417660788324e+01,1.802744762033730979e+02,3.384963779374515980e+01,6.801920919016738765e+01,3.120163603509805625e+02,3.915701215736419982e+01,4.146947747716905042e+01,1.164669272553268655e+02,1.346741246581929659e+02,3.105067870312421405e+02,2.985733157459696372e+02,1.582719461222538655e+02,2.159169372681918375e+01,1.146859332458142120e+02,1.552456801926445280e+02,1.196732630941999673e+02,1.344265657619265824e+02,9.741354609533128439e+01,6.481781967237978392e+01,4.542190034457654235e+01,1.610038638067568399e+02,5.850460456957040378e+01,2.019348406932934381e+02,1.787534797678349889e+02,2.400741329630352183e+01,1.203555291601785058e+02,1.679379710832971568e+02,3.941076971620326219e+00,2.630714324544373426e+02,4.536072422851634656e+01,4.561707436946384320e+01,4.044823668430915831e+01,3.413326373336949615e+01,2.615106786252109572e+01,2.215582417539137623e+02,1.825296071147181465e+02,1.731402078435230507e+01,1.904421401911298517e+02,6.893772749905694752e+01,1.337394202244442454e+02,1.774121027201955769e+01,4.229425812949066454e+01,2.061973324008456814e+02,1.931057438350467237e+02,3.570816599100091935e+02,2.356541275833938869e+02,2.252977940107953998e+02,5.076311735694332583e+02,1.414874927617355782e+00,1.141823277462083581e+02,5.023669141113330170e+02,2.750088141134281159e+02,1.454271854032168392e+02,1.652263225588795237e+01,9.170637412156607127e+01,4.152957303201350214e+01,6.640353592240684577e+01,2.958294127313155855e+02,1.551457589374764439e+02,5.046721536402500874e+01,1.508285259210282732e+02,1.798845217664510017e+02,1.242484346403953737e+02,8.855828376133443669e+01,8.664724847505350169e+01,2.556976922045694209e+02,1.332935449970924253e+02,1.338961671806657989e+02,7.646159171090643270e+01,1.937962564053134074e+01,2.269955207857055939e+02,6.439899802679319407e+01,3.250471082097565727e+02,2.240795670354225706e+02,8.802626472400631030e+01,5.743511418699867477e+01,1.599246951202356648e+01,9.198869087254480803e+01,1.910593052532278762e+02,4.622657316850308007e+01,8.682630667845226924e+01,9.720450643856752038e+01,9.873084684300151537e+01,5.470003757608390060e+01,1.187722553612233582e+02,1.536289976580500038e+01,5.706122812888133211e+01,2.755195223006250771e+01,2.398461325983802794e+02,1.111817092557493538e+02,3.187701547225209708e+00,5.254757666033785313e+01,6.288120183312726930e+00,1.474576227784465630e+02,1.541850903719613370e+02,1.090020676683627130e+02,3.894454503182209493e+01,1.094586399898265654e+02,2.113137612238596432e+02,5.951745691427676732e+00,2.439425391786645605e+02,9.351075036218249181e+01,4.954120648671767668e+01,1.186435952432471241e+00,2.892203499705449588e+01,3.298305265606962280e+02,9.107852652241773228e+01,8.986324666941983708e+01,3.659061821141769855e+01,1.629308893304911692e+02,9.380798602583938361e+01,2.890484275697655789e+02,2.381689900277214349e+02,3.160917564094802046e+01,8.736204584590668176e+00,1.578381206788836550e+02,3.060420342120256123e+02,1.186448781466495239e+00,5.175327069492618115e+00,2.223790275274556052e+02,2.517553299682492991e+02,1.327808228398958761e+02,1.048686537728990373e+02,2.229878755567207804e+01,1.429947322884549692e+02,2.130244379400575028e+01,2.239089517764103050e+02,1.119526402524827517e+02,2.499565729716303508e+02,1.199971511720254256e+02,8.359614983006706268e+01,3.090513627817042561e+02,3.466990094969275304e+01,1.459408031506020791e+02,1.743602723257535843e+02,7.196863212228974760e+01,3.632080386560023157e+02,2.038175514871532243e+02,5.428449631264853537e+01,2.388880452050632286e+01,1.182564065903671313e+01,1.214281538659180342e+02,3.358781535655139550e+01,3.832088684250924757e+02,2.640842776534953487e+02,8.209084093277100314e-01,1.287015204729513584e+02,5.812367646635924423e+00,5.359755443837656941e+01,4.370548096439777197e+01,5.584709212872868989e+01,3.186580763394127871e+02,6.592851870372173551e+01,6.353829240554017588e+01,4.629227243130633696e+01,1.061866875623836393e+02,2.252254133692964615e+02,1.605277519757382620e+01,1.220936826507604955e+01,7.260245214656167434e+01,9.016493736629081468e+01,2.465224506796579718e+01,3.061780127243629934e+01,1.456951721981141930e+02,1.294434710242802389e+01,3.892762458762153432e-01,8.042627145768734920e+01,2.455631641693199470e+02,2.271565268250694203e+02,4.471061217881067051e+01,1.110859047710903802e+01,4.604786382877532560e+02,1.042310537692939931e+02,2.305529769317791988e+01,1.246833525632496809e+01,1.345248496985699944e+02,6.726220499714975176e+01,2.325861502491366934e+02,4.092791372139375738e+01,1.945052192823268911e+01,3.590147614262972979e+02,2.293747350658037476e+02,2.661028555755056004e+02,3.742481316820327919e+00,1.678387260515267343e+01,1.250751911486992753e+02,2.751018739445654546e+02,4.122748547921332118e+01,3.540586642681428771e+02,2.770623829192704193e+02,2.255207844093476766e+01,6.639195658720289828e+01,9.681163990156152011e+01,5.045803374614531549e+02,4.503842580594801603e+01,2.895966746122902578e+02,2.619199763964413563e+01,4.946800072720321850e+01,8.388286031642950036e+01,1.211848703307778266e+02,4.830974270418723648e+01,3.347854863440903728e+02,5.203676656767945730e+01,2.500172530990761004e+02,7.641280576732646068e+01,4.917511995583713968e+01,1.335847795918291752e+02,8.387851399775129835e+00,2.323802047833860058e+02,4.544365403655513802e+01,1.101753973957208466e+01,6.615701373109268957e+01,5.484206671316194104e+01,3.925006047440491130e+01,3.417865481358786042e+02,4.820560520653921088e+01,3.278876510770458594e+02,3.075844628532346405e+02,4.027907554252509925e+01,6.474154437803888129e+01,1.151738066977064676e+02,4.906825488118307987e+00,7.971805825652330668e+01,1.184145117581658901e+01,5.662777912972622119e+01,4.956602743414081402e+01,1.650780438043336744e+02,2.102642902631558570e+02,1.366481137662550509e+02,2.815900412904748009e+02,7.239865469377227214e+01,5.570864627178806217e+01,2.283444128600166039e+02,1.733987862257917811e+01,1.444061802120405673e+02,9.683803225550288829e+00,1.730936636978472976e+01,2.369822827410937123e+02,1.935085491489974459e+02,3.653944640207732419e+01,2.095696976306569681e+01,3.252354155380089651e+02,5.920729723608371842e+01,7.309428931886951197e+00,6.710194879525332112e+01,4.281266481569924167e+02,1.084431920137580505e+02,4.271857857872184638e+01,1.215302343172902226e+02,3.177547328416605055e+01,1.606852957461299169e+01,1.417254309996716870e+02,6.212129727595111284e+00,1.098190395305519615e+02,2.086062323018902305e+02,2.113199198244004151e+02,2.271179990957835741e+02,4.263904146224428615e+01,1.275138029930536163e+02,7.023929785648811652e+00,2.197547564517446261e+00,1.029787000215223856e+02,9.447093561790948968e+01,2.126621275155050910e+02,8.307030341010734897e-01,4.102034063366272676e+01,7.076072171717376591e+01,2.175462151797272554e+02,1.044800561418971228e+02,4.440710039618424076e+01,1.679082771686548483e+02,2.859020688034328259e+02,7.606967838715074492e+01,9.572380014698566697e+00,3.333509692827680624e+02,2.131526936117018920e+02,2.486211427368655507e+02,1.749436713019946126e+02,1.218350836070416676e+02,1.158983528039208863e+02,1.337155799135223617e+02,1.884265936913636494e+02,1.266227925342498253e+02,1.298266984467366747e+01,1.717663633048093530e+01,3.450838840443928035e+01,1.799612009357537090e+02,4.106153985710592025e+01,1.245505466612566323e+02,1.789987827582095292e+02,5.447557345607869905e+01,2.749468468457768608e+02,8.828056593486992654e+01,2.549966330068474818e+01,3.828575508854333620e+00,3.052100943700381777e+02,6.619355316333140138e+01,1.227214776783288386e+01,6.741384494395838090e+01,1.632828289352453623e+02,7.773802904093231803e+01,1.254453685674153292e+02,2.673376586078841655e+01,2.372359281777159197e+02,1.770049137113846882e+02,3.945570157335038175e+01,2.277885229110246428e+02,3.869469605711280025e+01,2.516565668610641637e+02,2.329958755691910710e+01,4.538299968327666534e+01,3.530785478861610471e+01,1.611300349676936605e+01,9.665056941870754770e+01,1.278560033746966837e+02,3.223893681678443812e+01,2.545938481342906812e+02,5.770405145823431070e+01,3.366041279547084031e+01,5.501359343878790753e+01,1.508084204462903983e+02,4.495360549823892029e+02,2.872800753829877962e+01,3.345054904668452309e+02,1.335961034341774507e+02,6.143939286864856086e+01,3.503881203123035704e+01,6.829193804080220787e+01,4.477929825639836849e+02,2.925822435018176861e+02,2.160890246715699732e+02,3.193194129386674263e+01,2.389071423366408737e+02,6.041294387755149842e+01,6.018027938334243032e+01,1.687908110724409596e+02,4.030408869597716262e+02,1.522229179260966125e+00,5.156099129617700072e+01,1.514902184909511789e+02,1.228121108539035475e+02,1.528826473104451793e+02,4.061944194356721738e+01,6.799267032629288110e+01,1.777617948729249520e+02,2.569973868922062934e+02,3.605493632302312221e+02,2.209230819115083193e+02,6.637466224942646598e+00,3.946818328480170379e+01,2.206400526987433963e+01,4.387211587781008575e+02,2.000831941324281438e+00,8.820255647912780717e+00,1.041145113287680459e+02,5.957698183875247411e-01,4.910418854760223439e+02,2.032542190492793850e+02,1.345598342604735080e+02,7.365141317595971771e+01,1.537221688065423280e+02,4.627145089027835212e+01,1.743030631948232383e+02,2.911292161022072946e+02,1.279636558916629809e+02,4.385661298689080212e+01,4.047410353607048705e+01,2.062350631108106711e+02,3.194367095075108054e+01,2.686417920148634266e+02,1.066366423582822591e+02,3.442860059778283812e+02,1.144204888815424681e+02,9.652237655530437621e+01,1.552858071655956280e+02,2.003154283341310204e+01,2.341493770257046663e+02,1.529997879852006974e+02,3.922827676701425759e+01,4.732228462578791550e+01,3.682081502829672104e+01,4.763086063361390288e+00,8.548185584396826187e+00,3.017956337861712655e+02,8.482678639976735724e+01,1.673433149037433338e+02,6.606921232874368854e+01,3.274379059394441072e+01,4.506350480500105391e+02,1.310611451293916900e+02,1.735359648465140197e+02,3.697555989281948428e+02,1.032488663315950674e+02,4.085833113747995071e+01,2.124655755302626048e+01,2.620609446165108238e+02,2.746884367482362421e+01,9.441547357612289204e+01,1.178709210578784905e+02,3.032572302175392531e-01,4.439441451092151425e+01,8.733786493410487139e+01,5.796566697765123166e+01,1.513995855549437231e+01,9.251405792053242294e+01,4.736390675463115230e+01,6.635507718016719991e+01,4.512417929817856788e+01,1.686636172281928303e+00,1.421168169674764385e+02,9.059710114616707699e+01,6.738821756019426346e+01,1.877244692177157219e+02,9.254553933189511383e+01,4.122949850687955973e+02,7.467246768235425236e+01,8.469882210905387865e+01,5.591405538238620920e+01,4.304272849768742617e+02,1.045921981222703323e+02,1.311101387564022787e+02,1.916818497298181683e+02,1.102894770314320141e+02,2.508021181414021328e+01,6.536460581414623050e+01,3.021830090835528040e+02,5.654947464899486675e+01,2.141613301801570231e+02,3.071819062784073040e+01,1.108499492111454288e+02,7.436706912639927225e+00,4.057494237099357548e+01,1.160184838211702463e+01,4.371041997505465559e+01,4.019790221340996794e+01,4.075258587998888515e+01,2.112625199648249179e+02,5.782551818868299165e+01,2.173372466457690280e+02,3.573081273457943752e+01,1.780204577803869626e+01,7.003747414823408235e+01,3.220503651349476968e+02,8.635432223987299949e+01,1.640399350918773678e+02,1.069646860451534707e+02,5.847790494690158170e+01,7.721754214140580075e+01,1.531437077262229174e+01,2.976932097220145010e+02,2.472393437645041558e+02,3.185327571259734327e+02,2.778760986193825033e+02,2.122833236945988062e+02,1.369867261999224866e+02,2.120376233056382205e+02,6.602029805068930557e+01,4.954358957575618660e+02,3.639892671464158411e+02,5.805403118020970510e+01,2.393886080073983180e+02,3.169532544259956008e+00,1.096087872208081819e+02,2.151729102408071626e+01,1.871263296261296283e+00,7.354240501067933167e+01,1.865244958297546702e+02,4.691885431320804933e+00,3.638949995451724817e+01,8.147569637629355555e+01,1.102570939978486875e+00,3.849880231400385355e+02,7.177622042351946341e+00,5.619754349118345971e+01,7.181323900695298335e+01,2.082690249960541848e+02,2.727941898860767012e+01,5.154458649783742175e+01,3.175158107961453311e+02,1.351835273455677111e+02,1.585565140190544469e+02,6.847090435833793265e+01,1.040478695986518609e+01,2.097174856977949631e+01,3.315439948002640449e+02,1.166596316313946460e+02,1.074740242544718996e+02,5.298609798202208054e+01,2.336316878488869264e+01,6.032769090192978467e+01,3.402476709674493804e+02,4.241552035879095683e+02,7.163669016633222952e+01,4.994384005920239247e+02,8.907459711867203112e+01,1.093162176973306714e+02,4.283673494460419420e+02,1.816603155355203683e+02,2.045969464501542134e+01,9.600051314877575237e+01,4.935215266649258581e+01,2.507528860026775703e+02,3.375787070056625083e+01,9.051182907624139773e+01,4.777838343171703883e+01,1.509692568781458704e+02,3.744681889547279638e+02,1.703949848224940808e+02,1.631620819740234367e+02,1.096397036356597567e+02,6.950100765006262726e+00,1.840609950289437222e+02,8.385602885051487476e+01,2.643905277030599166e+01,5.959529668300821426e-01,1.696091413787742965e+02,2.271508859141402752e+02,6.372377100297326535e+01,2.136332950420879513e+02,7.661886369329459967e+01,4.137338681077582692e+01,2.566950438474017915e+01,9.322049484970277433e+01,1.121676397924576918e+02,1.025060419497821016e+02,1.590404656299243698e+02,1.078417818566156861e+01,3.570071395821378246e+02,3.935297257229829881e+01,2.372252893529565654e+02,3.361756284427002583e+01,4.217722144542343443e+01,3.202608038744619421e+02,8.426710998282294440e+01,6.657488942801171561e+01,3.428392867023785584e+01,1.434968259974578508e+01,6.613175687422389615e+01,1.873851610091007558e+01,6.344955062120212830e+01,6.468615966494488134e+01,1.769533676804286699e+02,8.386442593973143289e+01,2.516217412487226284e+02,8.682010516660923827e+01,2.920456581996848513e+02,3.565248938145277293e+02,8.386482382599538710e+01,2.855953720036378627e+02,5.194918856776667582e+01,3.238297732677308360e+00,1.253117103808150858e+02,2.254210148860622382e+02,4.308688204493677176e+01,1.969562950597997713e+02,4.115966700735614126e+01,5.077923566415457657e+01,9.186952192097669467e+01,3.790283257452139054e+01,8.047834068685347120e+01,6.469361630435264487e+01,2.713309869668722172e+02,1.608993051449311622e+02,2.238190792469046357e+02,1.963837146537327101e+02,2.835961635992589436e+02,7.730493043994087543e+01,1.410121487262196354e+02,4.111016582315024692e+01,6.897860601886193876e+01,1.228620071212210973e+02,1.449849483684245988e-01,2.776645333588970743e+01,1.668029117683784079e+02,2.941184989142681783e+00,2.847569695068320925e+02,6.894974939669546998e+00,4.798359103138577098e+01,9.645819079258150452e+01,2.463485257107666726e+01,7.810179454216631179e+00,6.410678587548515850e+01,2.365192357491210089e+02,5.761813647314483688e+01,2.481053260410752159e+02,3.464784036090521546e+00,2.214412956917353767e+02,1.395163393792778095e+01,7.022763263688892721e+01,2.619281399344916395e+02,3.356580030514808186e+02,2.045618711317388616e+01,1.153840919596157875e+02,3.653485484036217201e+01,9.407585854962672300e+00,2.969256592834560138e+01,5.301753714677430906e+01,7.359693061652711776e+01,3.753771155945374289e+02,1.201829828159091704e+02
3.255574503155474417e+02,3.172487401085789429e+02,5.253643658182853642e+02,1.953973303717946663e+01,2.197097298066955773e+01,1.604378306409930133e+02,2.824962630908498795e+02,8.407105415906288215e+01,1.628645128170257692e+02,5.310669543883340111e+02,2.444600059269072574e+02,9.700926280941307311e+01,4.582904921663793516e+02,3.664964800357513752e+01,1.002463036866842003e+02,1.533469198154907360e+02,1.252639219744177979e+02,1.769775917275649135e+02,3.069424532502338252e+02,2.030219300796014466e+02,3.162881545702664710e+01,3.833249760108270152e+02,2.674426121601360364e+02,3.321976997520823716e+01,3.594182433650428266e+02,1.866245812853834138e+02,2.122585789978802211e+02,2.808736140726284134e+02,2.663165689917507848e+02,1.238025311849245895e+02,1.507042911712693183e+02,5.407722556357832673e+02,4.376751199419704221e+02,2.724804058084132521e+02,3.657820812854836277e+02,5.568858319471610230e+01,5.373137481824841899e+01,1.497015648373032377e+02,7.327880845288164835e+01,4.396925113781372261e+02,2.326943786500388001e+02,4.045283677119714838e+01,6.957931940547923944e+01,5.150485109325967414e+01,3.313746582156313281e+01,1.618224280975389036e+02,1.211374303978479219e+02,2.274643296806942487e+02,3.215419067954915988e+01,2.273878325182377296e+02,2.831782153537046156e+02,7.709682819985435742e+01,3.907854351722593833e+01,9.581147540184888456e+00,9.752628838677993883e+01,1.343744800013296015e+02,3.558696286497821006e+02,1.170491841245119531e+02,8.886535359587900018e+01,6.822160242860944379e+01,2.906005027066580055e+02,9.909666021019376103e+01,3.366321352618579681e+02,1.407786570230632321e+02,1.209927329022312392e+02,3.038864332460520359e+02,1.051839112669524496e+02,5.640087450873367914e+01,1.433891101179809482e+02,2.087630421832412253e+02,1.600645811558193827e+02,1.344232846017213774e+02,1.082977884078157302e+02,9.100074158394306778e+01,4.505716481785839278e+02,3.765391433292213037e+02,1.050596972258408357e+02,6.821980991776315761e+01,3.089560114208524624e+02,7.611645298445525043e+01,4.830648639709783865e+00,3.257220927127149679e+01,3.021039708749748911e+02,1.873632344112845942e+02,3.674079907469059094e+02,2.774144666090311375e+02,2.087265690039980939e+02,1.257880397305753064e+02,2.377645874458596893e+02,8.697768300318486467e+01,1.693970136889737717e+02,3.369542641523093494e+02,1.676436195427926066e+02,4.059734120555938119e+01,1.814565786213052263e+02,3.419496816253200677e+01,2.117457724532642089e+02,1.867679797290332644e+01,4.384685563588775814e+00,8.423512064602215332e+01,4.046472264151680065e+02,1.573349932140044132e+02,1.351264821350609679e+02,2.036194332664015576e+02,3.490226257976189004e+02,4.446771004600032029e+02,3.142305427163940479e+01,1.876817261971648634e+02,3.449767061167381144e+01,3.377564565095417493e+02,1.736345925015542377e+02,5.145644155421784944e+02,1.168691697938701992e+02,2.890593302275269707e+02,1.203747472828023177e+02,8.271396922495499382e+01,1.414729896665197089e+02,2.995231435345107798e+02,1.876267998874417628e+02,5.272061779500869534e+02,2.492225448683825562e+02,2.544700560172255877e+01,9.842620372772147164e+01,2.047272877768959063e+02,2.927799437733683021e+02,1.202943336788159314e+02,2.109331305440662447e+02,2.163935883690582784e+01,7.775674177637868922e+01,5.359372574050485838e+00,2.512828703182978245e+02,8.632402706494480071e+01,3.820407279871220112e+02,9.456806692855339236e+01,3.316197665631818268e+02,3.563858861771268494e+02,4.933163765267472058e+02,2.316384613046255936e+02,8.635981629807707805e+01,1.291976141885957645e+02,1.750244981508197384e+02,1.624185796951577743e+01,1.029995905032119055e+02,1.561191150933974541e+02,1.232200887304362027e+02,2.375509910518184142e+02,2.385678344009743910e+02,5.263322845851156018e+01,5.426303775776575122e+01,1.882129039103285777e+02,2.784923479862223417e+01,2.804487388420525207e+01,8.716581857130240962e+01,2.419868029315273077e+02,1.931556791585077804e+02,2.215509748989153422e+02,2.783503473716179997e+02,5.672056122310217319e+01,2.394251379650106344e+02,2.481328260166932864e+02,4.814796709763875242e+02,1.685221192607516230e+02,1.749436025369844003e+02,1.470005739007490604e+02,1.040075097656028902e+02,6.212343241375095886e+02,2.748943099079689887e+02,7.418675119727731726e+01,1.838368610376764138e+02,1.410140860507627565e+02,1.936599304202764813e+02,1.810181096214670333e+02,1.749601046542602489e+02,2.507928625964800631e+02,1.448963334617643000e+02,6.942680860444339430e+01,1.558137134658537271e+01,1.195705623596290650e+02,1.993302332574736795e+02,1.125834361558169547e+02,1.791979350289824424e+02,4.537636704717790508e+02,1.843746085827456227e+02,9.332733407272884563e+01,1.382360878327302771e+02,7.761122394637864375e+01,2.948828996707422903e+02,5.602845714495228435e+01,6.788396944527333687e+01,3.140210255114492455e+01,1.161524460194272201e+01,1.497988397727115739e+02,1.667354605394590124e+02,6.912333274477626333e+01,3.888161281028101257e+02,2.658057915036322925e+02,1.930193911695723443e+02,1.179330262345711162e+02,4.924249864490088839e+02,2.026819296144540488e+02,4.796427584150587364e+01,1.873607035711026754e+02,6.550089798683268327e+01,1.403697956347803881e+02,1.685608464493932104e+02,9.497147801487712115e+01,2.468504018649733496e+02,2.805792245607164546e+02,1.602384161200977815e+02,2.365137868160741732e+02,3.580236015969564392e+02,1.910811471566692319e+02,1.596391837447353623e+02,2.097610146287846931e+02,2.942504561968032704e+02,1.836529756597403207e+02,1.598707926463930278e+02,5.032619456465645413e+01,7.949126510320718353e+01,8.198242396745347094e+01,4.118243320359418362e+02,3.724499077622111258e+02,2.209062311080638441e+00,1.796692777832371064e+02,2.632327458837798986e+02,2.656103992434362340e+02,6.244118824601486750e+01,5.581389498543079526e+02,8.341071981402062363e+01,1.613032843975020114e+02,5.027629082148202855e+01,1.971280626448904343e+02,2.895013993788813309e+02,3.108841492203803227e+02,7.572075005046747265e+01,3.230899158295218854e+01,4.389687387055034584e+00,1.521076476746108312e+02,1.414096903544951545e+02,3.118727146024294257e+02,2.057259062593345504e+02,2.341931185930556296e+02,3.976929365836068797e+01,7.223362888691069372e+01,1.536052615092787050e+02,1.667588355577112225e+02,8.779987399629401068e+01,3.833916013263993960e+01,8.725148984178774469e+01,6.885107391212733319e+01,7.888325510102605165e+01,2.773605343809605870e+02,3.252027943358370408e+02,3.268363033791833914e+02,1.143718057703705995e+02,1.327269478737724455e+02,1.580953643479045923e+02,9.348271535279238265e+01,5.335588865382496948e+01,4.284246954672290713e+02,3.127018875301490084e+02,4.356781975985747977e+02,1.862626172031262328e+01,1.183156520012694735e+01,1.975766072817175427e+02,2.034484558519895074e+02,9.796917602018268667e+01,2.858805948815828302e+01,2.145272613853983046e+01,1.979102798515703228e+02,2.323879500696375260e+02,2.061106687666586765e+02,4.858178374058156237e+02,9.199722228607465979e+01,1.216480395325231854e+02,1.515638755315135597e+02,1.570601116349251924e+01,3.144558628407043557e+02,2.208822262472710634e+02,2.337387937311243036e+01,1.257814516157229834e+00,2.099195013616116228e+02,4.218794240318644739e+01,2.293946952338225174e+02,1.246701950336018285e+02,1.305934542853906351e+02,3.026789450391595437e+02,1.458204894490601760e+02,3.074051468258869022e+02,1.671911011722821172e+02,1.310079434905590290e+02,2.891613078103353587e+02,4.029644211956863273e+02,4.284471554554478416e+02,3.113743029813322778e+02,1.175591535862970574e+02,1.639870680495250781e+02,4.125963230054970268e+02,3.320057500592313460e+01,4.537678945977700806e+01,3.810367190212379285e+01,2.631788794813863888e+02,6.395971023857924109e+01,2.058254133013645912e+02,1.222704977857422790e+02,2.323283975702832720e+02,3.856690713960508106e+02,1.828754264777396941e+02,1.469916017584583301e+02,3.592163618770789668e+01,1.040138569569905798e+02,4.359761033827447250e+02,3.577903319228219630e+02,1.752360987430414241e+01,1.196408832132337352e+01,5.538369104960919458e+02,7.820346907947646287e+01,6.690635771583949065e+01,1.115841880535485444e+02,2.960629033468148918e+02,1.785109885517678379e+02,3.503051849234211801e+01,5.588333104102439819e+01,3.632754291958828219e+01,1.920586974343006830e+02,3.533300591004973512e+02,4.487621382324369392e+02,6.059896110517664169e+01,2.388821177368072313e+02,1.099891400452220438e+02,9.971921144117860791e+00,3.298102936279324240e+02,1.927188136627007680e+02,2.307613290462134330e+02,1.393887957386482590e+01,9.793786082808456683e+01,1.504920645588181287e+02,2.848259676119923611e+01,8.297923497966628759e+00,1.927734424884271291e+01,4.471751135602902991e+02,4.604207859345797971e+01,5.406279516510609255e+02,1.616069802094128534e+02,2.462654300560236891e+02,1.622023444094024853e+02,1.156467083597883203e+02,8.464380250939028372e+01,2.626449208277404637e+02,3.853559508499947697e+02,2.120468995936147110e+02,1.853578922281762971e+02,2.904909905835166342e+02,1.163180120039464498e+02,2.012459157143611037e+02,5.979190226579740397e+01,2.922206664151580640e+02,2.416264599897830578e+01,4.914727667488782714e+01,1.049775849934286640e+02,7.419696521184506821e+01,9.862336499772240472e+01,2.361752477757147517e+02,1.170736332257546053e+02,3.594716490445400154e+02,4.091254991620311188e+01,1.090637773945117033e+02,1.054336452319513597e+02,1.653717111424628854e+02,1.707199693302158892e+02,5.092767271404533744e+02,1.787043056272318609e+02,2.398507641891114588e+02,3.926978603457914119e+01,1.271981762834138578e+02,9.988673797583901148e+01,1.076097607413343837e+02,1.576356925291666045e+01,1.413860081933739536e+02,4.722303315237721932e+01,1.379479992852606358e+02,2.774415682219629886e+01,1.563155871212073862e+02,5.051263149682724816e+02,4.065285896189629256e+01,2.482932844650266873e+02,1.792034691148557783e+02,2.950400538424570982e+02,2.457619337644081554e+02,9.270880011884106864e+01,1.583872799373738474e+02,1.083181465659997400e+02,2.593430479029343019e+02,3.087469605560293076e+02,4.699615789773294949e+01,4.983592013382772734e+01,1.020191819323011906e+01,4.545141922662578509e+02,2.080420117454781632e+02,4.925090104410435288e+02,2.808911330553908670e+02,2.014194847796526062e+02,4.423515095472141070e+02,1.754096924990534205e+02,2.576475188338542353e+02,1.118823620751938250e+02,7.723733213412651821e+01,1.483126159171672143e+01,3.204228524838732142e+02,3.841477132665324348e+02,3.684788527641151177e+02,4.258847293445356286e+01,3.811998304802038007e+01,8.479611624104671819e+01,7.510036104354426811e+01,2.009657667482386856e+01,9.514550323446272273e+01,4.613895113210918453e+01,1.593883301843179652e+02,2.591864328351742941e+01,3.642654250615817091e+02,1.300454033399846843e+01,1.070112243905220168e+02,2.067705185067135005e+02,3.386006172857770480e+02,1.092649360664044877e+02,4.835476629733267373e+02,1.769079780141256890e+02,5.795113556659650840e+02,1.410886220024429178e+02,1.225695545685738921e+02,3.929128331189148753e+02,1.763095463305265582e+02,2.335925272995489195e+02,1.701007779235510782e+02,8.230179473892859221e+01,1.394370422064179422e+02,2.644526928261108765e+02,2.096425524440116988e+02,2.659622341039354865e+02,1.861096408506262776e+02,2.773366856335912303e+02,1.806829600840237049e+02,8.211906321663194319e+01,1.295043588919613171e+02,2.209342449994973094e+02,6.426851971426762020e+02,1.326893465091675921e+02,2.174973911205445347e+02,4.489788776996110755e+02,4.067349790137635779e+01,6.448751470351739101e+01,7.760616593770612326e+01,4.351258874607112261e+02,3.081237445235483960e+02,2.183140986988294969e+02,4.474455196411931865e+02,3.324337237886186358e+02,1.499995235394672477e+02,2.184500155821697547e+02,2.019248538254581433e+02,1.698800539125493287e+02,2.740376181892893328e+02,1.028773413756962327e+02,2.560170511532746787e+02,4.728178157578304877e+02,1.502018744745869938e+01,1.962942846482367258e+02,1.651008577079180029e+01,1.968170893307302265e+02,2.088520088039423115e+02,4.192209453302769475e+02,7.936675273074192738e+00,2.762135011098744144e+02,4.606654183270617864e+01,8.839551890486775676e+01,1.964632556659469458e+02,3.144820844488978082e+02,3.389985039909046094e+01,1.182793862814728101e+02,6.131421864839194491e+00,2.382008110147015501e+01,3.345362181419079661e+01,2.062852490912880228e+02,1.444206140308283466e+02,1.051933583449014122e+02,3.886837268871296658e+01,3.989224608257119939e+02,1.506044589919517023e+02,9.507103913073919443e+01,1.304825950082710335e+02,3.201403115116716549e+02,3.669996629654028730e+00,2.924450783356416039e+01,9.486781561916183136e+01,8.661706669975673378e+01,5.361837355059208221e+01,2.155370585453023224e+01,5.224311025572817613e+01,1.405099621686011062e+02,1.162105061812020637e+02,1.477717346802339478e+02,1.265588836151832339e+02,3.749801988071454275e+02,2.758992291262455296e+02,3.655330262647176909e+01,1.153084258530329294e+02,3.138265249590693315e+02,1.749537442669010545e+01,2.505470259924959464e+02,1.771345552672143810e+02,7.448277466077159659e+01,3.175532688228392999e+02,2.499867762377386953e+02,4.183863157096482155e+02,3.081803425544341621e+02,3.158817440125289977e+02,1.326270116098714880e+01,2.691624424603919010e+02,5.282370600705350938e+01,2.858022618862471518e+02,6.779508015806116816e+01,6.515457848316637524e+01,1.109183105949210528e+02,1.029506049988301584e+02,4.570434778186681797e+02,6.824076875963497457e+01,1.168485700656182473e+02,4.895640846569407501e+01,2.817231049173528277e+02,1.173292929408648888e+02,4.488411605728376230e+01,8.118886660963083557e+01,1.823342927961133597e+01,4.205625529731083247e+02,2.573158626253361945e+02,2.929357149295693716e+02,6.254041258583676210e+01,1.601552628884471972e+02,4.088635785326999326e+02,2.265157499180554908e+02,3.023796226068155306e+02,1.112542575965078129e+02,3.187739264301931641e+01,1.811692197710476364e+02,6.797210503668814852e+01,1.244552859157904834e+02,2.464100904118822370e+02,3.248834627431354534e+02,1.393492953746276726e+02,8.949570651225343454e+01,2.304524289922008506e+01,1.142538035756714443e+01,3.567554507917788555e+02,5.560829169508771486e+01,2.237625161988813431e+02,1.080698324943786446e+02,3.139892831170151908e+02,5.361332494868526766e+01,1.415136231381866594e+02,3.410725726092409218e+02,5.240676715808097015e+02,1.223925685410194433e+02,2.648625532302182251e+02,3.415892847194434125e+02,1.504995197765822113e+01,1.434262024447329225e+02,3.058187241864555617e+01,1.116444447958462547e+02,2.116237836153766523e+02,2.239351520188301947e+01,1.774455618667219596e+02,1.987920992066008807e+02,1.389431754427446037e+02,3.437404558778326304e+02,3.229454266680136243e+01,5.030407353158037864e+01,1.615937846015505741e+01,1.562152451109067499e+02,8.973118333930955259e+01,1.024132521722565912e+02,4.148381056256983470e+02,1.093509348987546446e+02,8.910309002489670149e+01,1.459636968782571103e+02,1.693924460416973261e+02,8.712106887406292799e+01,1.823378080251483198e+02,2.056882660331718000e+02,5.501604160016712513e+02,3.654872110440188067e+02,2.075373737504280598e+02,1.957347466441874246e+02,1.570551226916901157e+02,3.847505129450786967e+02,3.008372577741292844e+02,5.951790787690512019e+01,4.507086291606150752e+01,1.369702890109634836e+02,2.723753219008650603e+02,1.253540740437268575e+01,2.622164045704798809e+02,2.911671687663308603e+02,4.653261325126742918e+02,5.530985430345680243e+01,1.569150232696573539e+02,2.331013999270755335e+02,2.915060534207669320e+02,5.990632129371790171e+01,2.667174473665248158e+01,3.625032559083615524e+02,2.799715355740340215e+02,1.455975078012318420e+02,6.286900811600803536e+02,2.956235258903438421e+02,6.676973577413220085e+01,3.924380218070068054e+02,1.497061653384596696e+02,1.101349381286371631e+01,2.028378618065246712e+02,1.619799682900028870e+02,1.311994763895658593e+02,1.086477683553870577e+02,5.275500969223694625e+01,2.193769152673567646e+02,8.534971152253281446e+01,1.339593019931827200e+02,5.008086465614294980e+01,1.711837916984369770e+02,1.032775700066205449e+00,1.239553366750975130e+02,1.583589888995549018e+02,5.762211248327595285e+02,3.068464141211335914e+02,7.456856849543967769e+01,2.560279302669474646e+02,2.582527222144070222e+01,3.073656547146953812e+02,4.051566574695459622e+02,1.002479045591760496e+02,2.690799225224103708e+01,2.970259038271530017e+02,4.008103376486871525e+02,2.487933805353941636e+02,1.138794154427890390e+02,1.557184915994898518e+02,1.077890642388042863e+02,2.065797259091734972e+01,2.789803496114202517e+02,2.473797404548502143e+01,3.530661322777439182e+02,4.409271084003533048e+01,1.607426958721772507e+02,1.294558516993152608e+01,2.736701951121847856e+02,1.880724955201531827e+02,8.498767162298467781e+01,1.750950859919042841e+02,3.291644877367265849e+02,1.143631884020479106e+02,1.999834835976278953e+02,2.130384769256862683e+02,8.253604111348118977e+01,3.095285012029915492e+02,2.338197928912142913e+02,2.219250591817894929e+02,1.961902370025631797e+02,3.805974933804218949e+02,1.656209555741162092e+02,6.711622778142380064e+00,1.004709931677989658e+02,3.903013866692975284e+02,1.144004965653371784e+02,3.581835291173226778e+02,2.723568878590469922e+02,1.143207692789371492e+02,2.262362999789816342e+01,1.976900158851544518e+02,3.496161412658759673e+02,2.738434576770219451e+02,4.417902895023300402e+01,3.355021839402675141e+02,9.523576757799793313e+01,2.190403169112485955e+02,4.469206767890555057e+02,8.904370923282820982e+00,2.884456725488666962e+01,2.411114441712876726e+02,3.263387614482247159e+02,2.083761054961439356e+02,1.866288888249181639e+02,8.168136650242031749e+01,1.253302782997640179e+02,2.246341381951845051e+02,1.100562337599635327e+02,4.971967258642084744e+02,2.473998883651878771e+02,1.412735693489471878e+01,2.243476613507617685e+02,6.094576284816197642e+01,5.353164686391281180e+01,4.104012391251948344e+01,8.568077493870175942e+01,1.135593280210437968e+02,4.874933154358911480e+01,2.698680822880735377e+02,2.677310440612953926e+02,3.932614613874245038e+02,2.357240903579759106e+02,5.475473379259056372e+01,4.234594646773597901e+02,2.777034196707854221e+02,2.482906092115957222e+02,1.297413860604996501e+02,1.754802225319269837e+02,4.033953384811056964e+01,3.853598907335413628e+02,2.970413865434089828e+01,1.639462555578536183e+02,2.197184986379230338e+02,4.807812207141515870e+01,1.467916957352756242e+02,2.778167243972280787e+01,4.748965673469700732e+02,2.352727790674924506e+02,3.536746748828793585e+00,1.971506327605360696e+02,1.257936690206505546e+02,2.401944459206346210e+02,2.001878357194371176e+02,2.881802843969871333e+02,1.420722677713660858e+02,3.689592508098855195e+00,3.111265385681045927e+02,1.669057878667693160e+02,7.449061649097357929e+01,1.513587502472669826e+02,2.011401223904152005e+02,2.398168174702825581e+02,3.203457221044241123e+02,1.721277055361505859e+02,4.497950365737913216e+02,5.482835264538601194e+01,1.906672147849448322e+02,3.060782983867745202e+02,4.848628995403648645e+01,8.271361341092783448e+01,2.976473272238197296e+02,3.398354439688140616e+01,1.531150921650845191e+02,5.380713559516291866e+01,9.167877360067704728e+01,3.248550716731347734e+02,1.696290570543269780e+02,1.512150678771689343e+02,1.198000153934349186e+02,1.887355591590751089e+02,5.810113454749653528e+01,1.709486745693644423e+02,1.003171873796619593e+02,3.914959539957732204e+02,2.728403609240966432e+01,2.152641916321085205e+02,8.246619850995303125e+01,9.568203877559097847e+00,2.595006833798145749e+02,5.120247255001386293e+02,1.058992500966496095e+02,2.582914614189828626e+02,8.197158086560946799e+01,3.371942819577283785e+02,1.108812077116557901e+02,2.329295199077126028e+02,1.322110221987352645e+02,1.153952090692009058e+01,2.001220405627767889e+02,6.823900990343071271e+01,1.500603843432020597e+02,8.527448774244247431e+01,1.566521221184865169e+02,1.492296201430386589e+02,3.875252587746232535e+01,2.219504783152307255e+02,1.506764762839070499e+02,4.112944578748428448e+00,4.268633598835509702e+02,5.782856926168398104e+01,1.855600126881452923e+02,1.062380538357765545e+02,1.736167000846376425e+02,1.749443889399714465e+02,6.864793709480709083e+01,2.009864430669967987e+02,1.723341994605007415e+02,1.462848459584941736e+02,4.942494007570055459e+01,4.842506022500663789e+02,1.375894156603769432e+02,5.956393484663181681e+01,2.093957882092123839e+02,3.161492158413864786e+02,1.758173172640392465e+02,1.284288438353206914e+02,2.341244654738504494e+01,8.238041002686433956e+01,3.214132521662542672e+02,1.945453412716898640e+02,7.938324348066019809e+01,1.865149526685945318e+02,1.564491125777823299e+02,6.313112162417598938e+01,4.583635320907776531e+02,1.858936925963084548e+02,1.157170092319837948e+02,1.678616792615304121e+02,2.394588666882583894e+01,1.400453396917690725e+02,1.279509617156417107e+02,2.291119629624708409e+02,2.678770285390431241e+02,1.221200888838094727e+02,1.702811682142683765e+02,1.029346652764256902e+02,2.301864777861253515e+02,2.519134525199683310e+02,3.146941225219816118e+01,7.041516776134918443e-01,8.682088730815317845e+00,3.264575665857658464e+02,1.454452633744503771e+02,2.020428740443822591e+01,6.305393454475514581e+00,2.101482402785214560e+02,5.928982577828317062e+02,2.916027231356758307e+02,5.206069285770986426e+02,1.745204909069310304e+02,1.120650560156275333e+02,9.002297886990902498e+01,1.041562456819829805e+02,2.983510297539235125e+02,2.780921650379721086e+02,1.121795884212009895e+02,1.276637814631982195e+02,7.029521623032607636e+01,1.704905854665734353e+02,1.398892333312065546e+02,1.249805815979703851e+02,3.241313825696965409e+02,4.330997332662379904e+02,2.670251916739891271e+02,2.725154902162544204e+02,1.119306243097271647e+02,1.677893288942584604e+02,3.935837021556637296e+02,9.536862730222564721e+01,9.467057227658520091e+00,3.993432613976904690e+02,9.455015670589718013e+01,1.377641294591343240e+02,8.093016784153188325e+01,7.690787069399534914e+01,4.082461341393949539e+01,3.829218291319457421e+02,3.986404470534053530e+02,4.016199049368835858e+02,2.684994922614469601e+02,4.627601873330725084e+02,2.060602527117321188e+02,2.437904733713241683e+02,3.039620606193199706e+02,6.817319395457316489e+01,2.881210451064051199e+02,4.074996882116324173e+02,1.400041881429484363e+02,8.099698096785475343e+01,3.834751735954135370e+02,3.577773794435029231e+02,2.365135294553161600e+02,7.583831453887489715e+01,3.275025479235506509e+01,1.918309051583401015e+02,5.562634733370171602e+01,2.561738552739728334e+02,2.318317742646263753e+02,4.720489063441367534e+02,1.802572467400144944e+02,2.623447378049937697e+02,5.816167883102237113e+01,1.911373938959542045e+02,3.886870772576684629e+01,3.754387459447983844e+01,8.063401907375265409e+01,4.357959162135127826e+02,3.347081884195133057e+02,2.657069943415769231e+01,5.004383059818328405e+01,2.386801055482453933e+02,3.078436862097844937e+02,2.175555432924235788e+02,2.351516714854403745e+02,3.142285016437684817e+02,5.557108399708204693e+00,5.390214722506174212e+02,1.810675883641951884e+02,1.141879807580321113e+02,2.598436981290532231e+02,2.113134381727552409e+02,2.443906793921786686e+02,1.511928058550312493e+01,3.494207891783389073e+02,4.014184192509139280e+02,1.814898470408054436e+02,1.536694127048829444e+02,1.177385386813161894e+01,4.457888989357086729e+01,1.228635006759600117e+02,2.743351382192276446e+02,3.370821097764407455e+02,4.979607463555765001e+00,2.375271766732622325e+01,2.534512087363779926e+02,5.992859498524962873e+02,3.227286770016831383e+02,4.236448250421174180e+02,2.077590145555962806e+02,2.382645318107148285e+02,5.460027931111254702e+02,1.908475207158463860e+01,7.962368644852956256e-01,3.882761902227043151e+02,2.157440270380033098e+02,1.528433839518588044e+01,4.528893434715790818e+02,3.180656543113807402e+02,1.709077612764668856e+02,1.788218098988373583e+01,2.303937961512744437e+02,2.117579244963474139e+02,7.728661016799021866e+01,3.748503708590761221e+02,6.813666604793004922e+01,1.572190303133288865e+02,1.945261257747532397e+02,2.513862786458597327e+02,1.124637007355933349e+02,9.319895391423871445e+01,3.037010021224904790e+02,1.804351212065138270e+02,4.121441862455350247e+02,7.878745299937479274e+01,2.722857150830936348e+02,3.090736990602858327e+02,3.388260531674124110e+01,1.753359315880340148e+02,1.574604796431731586e+02,4.463414611893774264e+01,9.690422746355233485e+00,3.663683201900369113e+02,1.965066035985829558e+02,9.406688292470572321e+01,2.345600407013609470e+02,2.093201083830802247e+02,8.973556242839966046e+01,6.287700637895126476e+01,2.282399080618921232e+02,3.268955055078608893e+02,3.460520790619869445e+02,3.458533227002036625e+01,8.001067519426571550e+01,1.244157237599749379e+02,1.419856829776435632e+02,3.481267570703239045e+01,1.352971003421223202e+02,1.017368807376468567e+02,3.109744073270741751e+02,3.475701260005404833e+02,4.543730707671487608e+02,7.158580257878837472e+01,3.198670542984618805e+02,6.919643622977885400e+01,4.428176461392524743e+02,7.527480065574985701e+01,1.537280061492630807e+02,4.622522540364966517e+02,1.248481115107513517e+01,1.601077070672630214e+02,3.249894059009830016e+02,2.771212758097021265e+02,4.138186300430211304e+02,3.422266468121346747e+02,6.625289694222198023e+01,2.388358825448076743e+02,1.704693571475377567e+01,1.813162406565498657e+02,6.014310637448642183e+01,2.592901784670542042e+02,1.460320001715819842e+02,4.332723620646079105e-02,1.632652424252520662e+00
7.888207513779727265e+01,4.790395258053784033e+01,1.585431168516468503e+01,1.085496892499101165e+02,1.769213429902429482e+02,2.796943603173662609e+02,1.769861185663190950e+00,1.892449695254120456e+02,1.274854493885106734e+02,3.487899021426979402e+02,6.991183383505300242e+01,6.193863668260063804e+01,6.875401807960480483e+01,1.180650815221767971e+02,1.671153894998880958e+02,2.757300807560190492e+01,8.801157374699387503e+01,3.020016517988005376e+02,2.698775714716756511e+02,9.011148543936643307e+01,2.586476245068575395e+02,2.816054012727293809e+01,2.432046103173866314e+01,1.136489173025770683e+01,5.163902167074589755e+01,1.451318549237583682e+02,2.944693987503662811e+02,1.630363556288114069e+02,1.551031669031336264e+02,2.608364464165728336e+01,5.491204289552068296e+00,2.000530465445941708e+00,1.066433790663420638e+02,2.383168843633472704e+02,1.221415933909891294e+01,7.410208887298319169e+00,1.617838218019949466e+02,2.479952389559639130e+02,1.051314615402057058e+02,7.210677109355840742e+01,8.499606593946163002e+01,2.168676582662880605e+02,7.867056105202537708e+01,8.265130492188352207e+01,2.754503404450298945e+02,1.071839932569142206e+02,3.555482366562297614e+01,1.364004652948689795e+02,3.086485780507469556e+01,3.859762529123549513e+01,2.426617845346890689e+01,2.046380534397394513e+01,1.457814804267581366e+01,8.059369826587976604e+01,9.012142562559502323e+01,1.603514731282000412e+02,3.305502670547561479e+02,4.371083924431391665e+01,2.931690610209960823e+02,3.041324638966817062e+01,7.910128109127578000e+01,2.817539102120588836e+02,3.751948514463358464e+01,3.227471258897117679e+01,1.152846762444670645e+02,1.407254109126068897e+02,2.038756336117163812e+02,2.248654786712131113e+02,2.024908613678098561e+02,1.650571774938034864e+01,1.144907975378392848e+02,1.237863170111630637e+02,1.513002724865259836e+02,2.439699770809153847e+02,1.327349440463828785e+02,2.140425910101814821e+01,1.382066308446078722e+02,4.591388658419932653e+02,1.937244438895507415e+02,1.418802480714709873e+02,2.040259716725234114e+02,3.288155702479428442e+02,4.389836775992302478e+02,1.177047992312196243e+02,7.414577436570790780e+01,1.003882149246664302e+00,2.541137548387948470e+02,3.427673514785822562e+01,1.115629684835398621e+02,2.188839956263547322e+02,6.083660717195788159e+00,7.608820184954892341e+01,9.980999684492984914e-01,1.056030351976622370e+02,8.970916362709319358e+00,6.337041651763910721e+01,2.671155362279225898e+01,6.616656218608058282e+01,2.852319563717014006e+01,1.603828257600692453e+01,1.380578926392560675e+02,3.057718718381341318e+02,1.416145303062220080e+02,1.271309494664335027e+01,2.244903473643893506e+02,1.110653011447645753e+02,5.919663050114590597e+00,4.500206817651608304e+01,1.114296489273463777e+02,1.005385831876378262e+02,6.676278135400684732e+01,1.813597877069388131e+00,2.661069183481578762e+02,1.565639844589820200e+02,7.134915301254565634e+01,2.782877295265258155e+01,1.900459062737492104e+02,4.513720905409267203e+01,8.188478942477459555e+01,4.727507366108599740e+01,1.657374850527810679e+02,1.542543977223634784e+02,7.754149722053739424e+01,6.024600008180761535e+01,8.467943062827221468e+01,1.246307115782974364e+02,2.386379359444583486e+02,6.650191702308754316e+01,3.461657905936561406e+02,3.160677452229925777e+01,1.562024091659013720e+02,5.306247342006776790e+01,3.029241527086535370e+02,2.085678624154601550e+02,5.959191070433845425e+02,1.143741873558255548e+02,1.478574803498888741e+02,7.864509550831714080e+01,5.820536323847696281e+01,6.755063452211692265e+01,2.326988325882809079e+02,2.502398596141628317e+01,9.227910242137648211e+00,1.613694482434663158e+01,9.369510348071143824e+01,6.851241237674649653e+01,7.630137498858137413e+00,1.609156879120178871e+02,1.706279446524135039e+02,2.037348035993355495e+02,4.967535733590563751e+01,1.167765553810608594e+02,6.757582643772144593e+01,1.577595974359602167e+02,1.479583527249321051e+01,1.980861247797120939e+01,1.318078127683159266e+02,8.477235900063244856e+01,2.265396762255076339e+02,1.811902708352836271e+02,1.220209056796756109e+01,1.189202890442521721e+02,3.242131943944190766e+02,1.013772369207290893e+02,3.077474775070744073e+01,6.338237451909796150e-01,9.935469088524490644e+01,1.161776019651745031e+02,1.873610494061284442e+02,1.869513972139315854e+02,1.584395624982390061e+01,1.420365081285810334e+02,4.085774534702164829e+01,9.561494352427668275e+01,1.296561957672240339e+02,9.153047624289046169e+00,6.550831452958176726e+01,7.930049581576435003e+01,1.858752052213247907e+02,2.623293773442301244e+02,1.758940167550057943e-01,1.763647751137249600e+02,4.950074162202755446e+01,1.480313872440391094e+02,6.049979191245932419e+00,1.810455939822120115e+02,3.819703240782502718e+01,1.002053073437094923e+02,1.411656419569277610e+01,6.369615601275981476e+01,7.818498849431824738e+01,2.323814110422719921e+02,8.883487279221513688e+01,1.250612049048736480e+02,6.879046953700132860e+01,2.301509952045994396e+02,2.740282606704664090e+02,3.256597431240313654e+02,2.121770661657410244e+02,2.248294329120111570e+02,3.033720410102159093e+01,1.236632037048570822e+02,1.609316501157871642e+02,7.416950582379273271e+01,5.718001603436830749e+01,5.822065721024606688e+01,6.606720976895645947e+01,5.426541749814256121e+01,6.934995040043554582e+01,6.270016240172829924e+01,2.780020674471768984e+02,2.595331800982401660e+02,2.634895581296145295e+01,1.792037227958120127e+01,3.957156290394618168e+02,3.565420319848744968e-01,1.366945926797420157e+02,1.080529492815929871e+02,1.986219160227612974e+02,9.718690335824150850e+01,4.838114393139517944e+01,8.167833732403390457e+01,8.785099812057025304e+01,2.967597291864211115e+02,1.889759178330686780e+02,1.696165199659455141e+02,9.241341938543173740e+01,1.138758615026569210e+01,1.081901853252697094e+02,8.663288502058004781e+01,8.220845936595651438e+01,1.687252839358908219e+01,2.291891135696136246e+02,2.639937841217879111e+00,3.582483826332075694e+01,2.878862575134679105e+02,1.015790181471223086e+01,5.647067594586287953e+01,1.171016896003193786e+01,1.134734284373284794e+02,1.283423189757957950e+01,1.733331387449155159e+02,1.565697262344926060e+02,2.049205864575654630e+02,2.235431871833194180e+02,2.423570563403773903e+01,1.835270847679355199e+01,1.239697994993977801e+02,6.357018721677613060e-01,5.192960878472758779e+00,1.965817695098084812e+02,2.856109693210552436e+01,2.217534824148418977e+02,5.605012351366681855e+00,6.627679836058570118e+01,9.318361453557361784e+00,1.689794026436118202e+01,3.773253995761249371e+02,1.529359666338629609e+02,3.177447075725729064e+01,8.123394498509219375e+01,1.044917260521850295e+02,4.025424238688820537e+02,3.274579747627286110e+02,5.722948132372042096e+01,2.207713176421445951e+02,2.456974022491932033e+02,1.136576792076333078e+02,4.783196155193001431e+01,1.257613571671389394e+02,1.317147962443526410e+02,2.331292185887927637e-01,1.333343509091203600e+02,3.140275941705332912e+02,4.158499512538819545e+02,2.032186775626849169e+02,2.183632516840526137e+02,4.123688292715359580e+02,1.106139866889056123e+02,3.012420026984360675e+02,1.863468810278575631e+02,6.157329653490479586e+02,7.141663159285672968e+00,1.229652499638599608e+02,9.679697421742945096e+01,2.376037174617414109e+02,2.329010040883144370e+02,6.097363786322310908e+00,2.161039539800714522e+02,5.136244842235974772e+01,1.778407741075475599e+02,1.649336433348528601e+02,2.252942834303287327e+02,2.582539852991416183e+02,2.737615978429710708e+02,4.699844304702655684e+00,8.027076291287811216e+01,2.455603972308253162e+02,7.826202958400911314e+01,1.405659462517963050e+02,4.140328742040035195e+02,2.512806634824466130e+02,1.553321921870274309e+02,3.694815051769151637e+01,8.930492890782257120e+01,1.022874237692485622e+02,1.057564056943620301e+02,1.279411672789029808e+02,4.460587094919792435e+02,3.638464631352116498e+02,1.790489814416932290e+02,2.012196130720758163e+02,7.556212580480818986e+01,3.571191397536268255e+02,3.694210558123436527e+01,6.477781875157924674e+01,9.212610217953618985e+01,2.059181399327673034e+02,1.221821925834096589e+02,1.063118261470158465e+01,1.245746900808134150e+01,1.888492788903522808e+02,4.708873567460165788e+01,1.022582627928707524e+02,1.085923771773656199e+02,2.539516977085000704e+01,6.851019718272455350e+01,2.395517946765304984e+01,4.021000397814877374e+02,1.551676004112889302e+02,8.800349217520680156e+01,1.108120619371934481e+02,3.447920966086108763e+01,4.228371006492645989e+01,4.189700360191616113e+01,4.788065436327798352e+01,1.561739354829981785e+01,8.751871349104546027e+01,6.487834949432090070e+01,5.439633376231683570e+01,9.940508775215324988e+01,1.135528415963202065e+02,1.545028592014880360e+02,4.591773132936961588e+01,1.245471199896446457e+01,1.334451274375879848e+01,2.633484683625099265e+01,1.063862486190321164e+02,2.263600840271948016e+02,4.642391024798208576e+01,1.685590896169933615e+02,6.854769203871383354e+01,2.056296480800119753e+02,3.407572825669678309e+02,3.962368725119835631e+02,5.227209770105022102e+01,7.410349990159153322e+01,4.657976067046212876e+01,1.421360349516551764e+02,2.070062084203907773e+02,6.919127453098917613e+01,7.285313392950298805e+01,4.780547978428845113e+01,3.155329356253026276e+02,8.544949657938273901e+01,1.878096431419973555e+02,1.172070607131215070e+02,1.788673298035189703e+02,2.193033233778262456e+02,1.929284129343839425e+02,2.208917990863459480e+01,8.793026425943808988e+01,1.598306557227867870e+02,1.144298529082719682e+02,9.299647388666171821e+01,3.463018671282568306e+01,4.976405898099707059e+01,7.682717845435310267e+01,1.447511549621094673e+02,2.592457201896634089e+00,1.429722368405101633e+02,1.597086261315077422e+02,3.104602785551568331e+02,1.580772597320007549e+02,6.925755160465392635e+00,9.346654082684709408e+01,1.519068991102233497e+02,1.506616976292162917e+02,7.930896269246082930e+00,3.943863244560703407e+01,4.219430077742104146e+01,4.268626290793350542e+00,1.213434942612828138e+02,5.742623560383292158e+01,1.710217998837211439e+02,7.141383317229595207e+01,1.255989867573702554e+02,2.658955641879504128e+02,1.835899739507696893e+01,3.065756045442132205e+01,2.162092810288322937e+02,1.283725486877827109e+02,2.552984746794365378e+02,1.223990082617315522e+02,5.024039132961997467e+01,3.431146677469041038e+02,1.210431666538552520e+02,2.487561643402942764e+02,2.582671640947889955e+02,4.988827007137920191e+02,2.660289979311488651e+02,3.232479023900650077e+02,2.413110668772349641e+02,2.637207324416481811e+02,1.475301482580960339e+02,7.920567450861511816e+01,6.357204194405461806e+01,4.917423693517873176e+02,1.090988259966850649e+02,2.414997825045368245e+02,2.255981511569101201e+02,1.171843084188650330e+01,8.213629122384797654e+01,1.859364478562983152e+02,1.078208369163464226e+02,2.019219517423536558e+02,3.913234814578479615e+01,9.454035543873571612e+01,3.505936982556636394e+01,2.186246665666456579e+02,1.030099762202121241e+02,2.304024835081500200e+01,2.937925871011918844e+02,2.266305638700383724e+02,1.584547850479640090e+02,6.088333569864020234e+01,2.494657046680179917e+02,1.880023866879664354e+02,5.829026161456107502e+01,2.531723885335165960e+02,5.170348109682123550e+01,1.556522684733413371e+02,9.609108100410031739e+01,2.220747973985828310e+02,9.601049089710367923e+01,2.367754151385267960e+02,5.179774347438026183e+01,3.222039564391865838e+02,2.458819807860281799e+02,2.818397373103880810e+01,5.680924893968958145e+01,4.461166933756221056e+02,1.895144504913602646e+02,2.678105472154390441e+02,9.714833428079496969e+01,1.517514778094386259e+02,9.945193573977968882e+00,2.348978478243694497e+02,2.704893217011552409e+01,1.596582024288577770e+02,3.109570450849995726e+00,7.203937524768187473e+01,2.342665938251574289e+02,1.004591016724472325e+02,6.343861798485852432e+01,1.354254787629400596e+02,1.496969465130370907e+02,1.265950787726421964e+02,4.343329400359127135e+01,1.010374579474102887e+02,3.472971896524698110e+01,2.226189591442721749e+01,2.986810064721748290e+02,3.665099690788884423e+00,1.480555165733354102e+02,3.140665947724390321e+02,1.104900478441967948e+02,1.217525641048115546e+02,1.001549319851247191e+02,3.788420433259393008e+02,3.168167148386024792e+02,3.756595749079291835e+00,7.418481174053505356e+01,1.990889092114382919e+00,1.984503922027961380e+02,1.136141004833862098e+02,8.922758314358118525e+01,1.536760355763225334e+02,1.353832568387218487e+02,2.717834785634449304e+02,2.298990704200664652e+02,2.051620008399038113e+02,7.873466104534996646e+01,4.000248949950660204e+01,5.429480213744707839e+01,1.740246516940989920e+02,1.176487939120466990e+02,1.854390869603825251e+02,9.201365139038307106e+00,4.634833032452995383e+01,9.549104696883493659e+01,1.330086811365103188e+02,1.512724427874625199e+01,1.324590457817032814e+02,6.144757090909010344e+01,4.979169204854742361e+02,1.737406408438577330e+02,1.953609792243663605e+02,1.425090918877237982e+02,2.006422961456608789e+01,4.770197670091165065e+01,2.738740599941403389e+02,4.770681048799035580e+02,1.144449724035537344e+02,6.420935885996841819e+01,1.923627272576598841e+02,2.460857345541384973e+02,1.957496234965572341e+02,5.607174430712576196e+01,2.433396126645859070e+01,1.052179541814882811e+02,7.078023620239832780e+01,1.577540431785552073e+02,2.772636414883373845e+01,6.133957515115874060e+01,7.987011562747005655e+01,4.440362161952265296e+01,5.108757406867863438e+02,3.419863443302500059e+02,4.994284842986026973e+01,1.078851874957438781e+02,2.346614206354687155e+02,2.317459680247429503e+02,7.381334036132363963e+01,2.817062302604157367e+02,5.540229539708285955e+01,5.919842435942959114e+00,1.978950473214066008e+01,5.788909927177591008e+00,2.657180527278155182e+02,1.210848769607858486e+02,1.651810609571015576e+01,8.132844711796225567e+01,2.724091595527581831e+02,2.169261469372730744e+02,2.601857002103826630e+02,4.704423371301215440e+01,2.300577285457819983e+02,2.520688737746723689e+02,2.343026200339137404e+02,2.513254060975563391e+02,4.528806948512686290e+02,3.035319492802158834e+02,1.587359469408131645e+02,6.830387375769425340e+00,6.053395641324487997e+01,1.509952666476428078e+02,1.870116471935632774e+01,4.977935886170157431e+01,8.179193241018852234e+01,1.682191512889490639e+02,1.441405470643567988e+01,4.043259788923521825e+01,1.748165653069088421e+02,9.833957994514931045e+01,4.419655278394156426e+02,2.567447039634121353e+01,5.278687644167703041e+01,3.580978041623911281e+02,2.145353098756031613e+02,2.040904933769235470e+02,2.775753836642535077e+01,2.036268763231190633e+02,4.595971669897221545e+01,2.777476408879281280e+02,1.248885894885200400e+02,2.922061075702176822e+02,6.482049201206072553e+01,4.541874661772767041e+01,2.036782712139452940e+02,1.164408367460623737e+02,9.153117191774082073e+01,7.520992033035008717e+01,2.559553973965886939e+02,5.648391878537245958e+01,3.910049343159703028e+01,1.439652353506085376e+02,6.530932790943401756e+01,1.458347919424824966e+02,1.924627666483160056e+02,1.055485108631999083e+02,7.686620845093885634e+01,1.091508148903349422e+02,1.352681270351375247e+02,4.690870083415193648e+01,2.018223378959598620e+02,4.229685024515661240e+01,3.490150597995318549e+02,3.982104247058168056e+01,1.493599223316365787e+01,2.338183010964261399e+00,1.463486581596391289e+01,4.866956329476013821e+01,2.941327181597183085e+02,3.342433826613410588e+02,8.846843362692207791e+01,2.284137133394144996e+02,7.007224192397858076e+01,1.115558887250885931e+02,3.283059123565528381e+01,1.251298672615446463e+02,1.644611029705592387e+02,1.704510522700342179e+01,1.535161666965520340e+02,2.489063219392582198e+02,8.452531522368089156e+01,2.389341449771203258e+02,1.244114297926902992e+02,1.207772600162180652e+02,4.406743732939660418e+01,1.252010047119985359e+02,2.669179292051257590e+01,7.193206808097870919e+01,7.878684943138809160e+01,1.211215748330099586e+02,2.511450029475858230e+02,1.036854518382193646e+02,9.171327163045749842e+01,1.444216626899984988e+02,5.923429652664545841e+01,2.128443946546248711e+01,5.443062522043128126e+00,3.029889304807468164e+01,5.188030740336991897e+01,7.018446493216386273e+01,1.351756967981693265e+02,1.929765148605378045e+02,1.096576485635202260e+02,4.445711540662885319e+00,3.558262665794536872e+01,2.490181759769739926e+02,1.107889431026916895e+02,1.900192652268639222e+02,1.920881112759196583e+02,1.104234950610644574e+02,6.022451875040247415e+01,8.628064308027755658e+01,7.244248974374026773e+01,8.609965880759274626e+01,1.623313591010136747e+01,3.227328842091913543e+02,7.420870576644288974e+01,6.058642960621928308e-01,8.182865240503180360e+01,1.420182418702528082e+02,1.140026675074908269e+02,2.333472362915131555e+02,2.557912142539081231e+02,2.652960501232811907e+01,3.166141834719085182e+02,2.831911705167574667e+01,1.719931087106996017e+02,5.509690889542039827e+01,4.962245483602296048e+01,1.596736185614350312e+01,8.707121369487141749e+01,1.767623693754811427e+02,1.549098362836143110e+02,3.083293525895304015e+02,1.429529124032016512e+02,2.083845656999800440e+02,1.248115940199104870e+02,2.230272392153426040e+02,1.587824336908854264e+02,3.767595517198027721e+01,1.393594634107573427e+02,1.150569551888760600e+02,1.722602671193604635e+02,1.042158631963434203e+02,1.185811026352242266e+02,2.420514071031859942e+02,2.338371752888127446e+02,1.073272285454534654e+02,4.787119709464774786e+01,4.205908274629616130e+02,4.305165561978534328e+01,4.815820689469046556e+01,3.695042035437955406e+02,1.235645631871172299e+02,1.487768869023151375e+01,2.090319659025905423e+02,2.233950567992304741e+02,1.589798923223599729e+02,7.946872476637986438e+01,6.967373174489891596e+01,2.462990633532037918e+02,2.691074266061452249e+02,1.070755163055532790e+02,1.192708291688452817e+02,2.067839442905799672e+02,4.064701617399390443e+02,1.611487190758388408e+02,1.464592840243529963e+02,9.001225400689490641e+01,1.900998868071337426e+02,8.925642306576808949e+01,2.393889559608975901e+02,2.235521264594689512e+02,1.205471419146832233e+02,6.329448564508425079e+01,1.129453916485627474e+02,3.374274268070319636e+02,2.292424900562960488e+02,1.036943318687788320e+02,8.126091207990474174e+01,3.494559728572195212e+01,5.926551413611604602e+01,9.029631981071224800e+01,4.592057417530455865e+01,2.880582275348188546e+02,5.233149752468617066e+01,2.278924048365993826e+02,2.542577949499105046e+02,1.771461405340977180e+01,1.550929575248511867e+02,2.036095724918271799e+02,1.899954332455649535e+02,2.465010489373821088e+02,9.227978360812850056e+00,2.252239175960162854e+01,9.587019205695223434e+01,2.688062452337763730e+01,1.637257606631068541e+01,1.573070711279544014e+02,5.079834554686036796e+01,1.929608943767921971e+02,6.569611210072746843e+00,1.046835968067154568e+02,1.397002023952595380e+02,2.279840666308370771e+02,1.705441268520888087e+01,2.121396113607000018e+02,5.692621368505871260e+01,1.226529597581230462e+02,1.491772954413883667e+01,1.065788530240293994e+02,2.811625113905074045e+02,3.199621958466160976e+01,1.684923588307422335e+02,6.089314062457021492e+01,6.226352863726127396e+01,5.535241320634278850e+01,2.507708653194023611e+02,1.414287258396491609e+00,1.385680734378428554e+02,4.090937670407856785e+01,3.023880708994339273e+01,4.526445400768314364e+00,2.819899963579519664e+01,2.502939326027828599e+02,1.211206998456346042e+02,5.201948819231648713e+01,1.832034121371863193e+02,1.380510029207915750e+02,8.992759443958851762e+01,2.010235647011109279e+02,9.211751161945075594e+00,2.080979498128633054e+01,6.803894574185866873e+01,3.607192947219476920e-01,1.423824951069974247e+02,1.358364388313005406e+02,1.461049057564997895e+02,2.360726766380978177e+02,3.809550951875957026e+02,8.512307979688790738e+01,5.792502980049792427e+01,2.906018256985978496e+02,2.238998370057012721e+02,1.367646626010684230e+01,2.721814574432775657e+01,1.613431895909747311e+02,2.329476922321904340e+02,1.468354012187461706e+02,9.669653879603446001e+01,1.077400178222553961e+02,7.098274597161208987e+01,2.281796746506410329e+02,6.959217539039968869e+01,7.412349227778635807e+00,4.075591446769103072e+02,3.137111550816823637e+02,1.363488560975480652e+02,2.002086091810728519e+01,1.089268285564714347e+02,9.342066019884951800e+01,9.036120244724604333e+01,4.793387996553200026e+01,6.243692460648453402e-01,3.558548422378743794e+02,2.340479659326420858e+01,4.032866975146261979e+01,1.240354255444712948e+02,3.000337462541360765e+02,8.602248624100668906e+01,1.009790665465328113e-01,5.569569161348398723e+01,2.475433604624211341e+02,3.113501124749088831e+02,3.828664188928319589e+01,1.664262216699350461e+01,9.965857198913711557e+01,4.185232318933469173e+02,2.475949553427755916e+02,8.953965662940406389e+01,1.990454993946000570e+02,2.761637194251968097e+01,7.137725750733656582e+01,8.061350550057737507e+01,6.262259806100746573e+01,3.723219000557420344e+01,5.049814944086438118e+01,3.220926826211859861e+02,1.485797801292348019e+01,2.453012849013359471e+02,5.021882326193641433e+01,1.319781475985834618e+02,1.507536485297029287e+02,5.457767038697969042e+01,1.334079033438984823e+02,2.683984443758101293e+02,1.111919136109273154e+02,1.622704138090181658e+01,9.043515517943768600e+01,6.310590002094127726e+01,8.766084779835641427e+01,2.396329123485585555e+01,1.385780631947815493e+02,1.258796968569517247e+02,5.872980465192205912e+01,8.413448198205288975e+01,4.307282566336103713e+01,1.438153598820464936e+02,5.260040487166541112e+01,3.095235690208699708e+01,1.406574366124031705e+01,8.788197851312830267e+01,1.991226910110881647e+02,4.440490650273135742e+01,9.481681786796478661e+00,5.891210521393084036e+02,5.020651157044988366e+01,3.226421495385755733e+00,5.975769356886963379e+01,1.665947644914828913e+02,8.830786699201358658e+01,1.484148314632531935e+02,1.353887869240191399e+01,4.363281356589960751e+02,2.252227563129531802e+02,4.748521755489523457e+02,2.024305074151993438e+02,2.114572249715784480e+01,1.453897380820738192e+02,3.662008559212978298e+01,6.401054063036971797e+01,6.059547703433365484e+01,1.308825861318182433e+02,1.212444238977671063e+00,1.883419296989477800e+02,3.471002408128929915e+02,9.180112508659529169e+01,3.427189273238718101e+02,3.326644364988268165e+01,3.088377652849334822e+02,2.491374954329768059e+02,2.629689560713803189e+02,4.350800105982846588e+01,2.093500790884690161e+02,2.946811610937720047e+02,3.307756302164384721e+01,1.704394562456825213e+01,2.763416891032324543e+02,2.393541147666072888e+01,3.225721026364691966e+02,1.491059854232492796e+02,1.183494741886988919e+02,1.183097335198256701e+02,8.738345602348729813e+01,1.828491184606966442e+02,1.137703380106144024e+01,2.092994274932582854e+01,7.604567973124596847e+01,1.438222009735508777e+01,1.893775027253189762e+02,1.888284359925130786e+02,4.375543740437764839e+00,5.922434765645861177e+01,1.717079154859495560e+01,2.355281322742231609e+01,2.043784999449596569e+02,2.093050830489870118e-01,1.966517039336278856e+02,1.091975915500154031e+02,2.505554210665422588e+01,8.833992611676417539e+01,4.636641825812346696e+01,8.386137008533113146e+01,1.309028927476412036e+02,3.129326089656243539e+02,3.489048585024546014e+02,3.282354691024767135e+02,3.330555758747432833e+02,9.397781478575240044e+01,2.052025251796672478e+01,8.356745956998780400e+01,2.471848061952836133e+02,7.892891036552441619e+00,2.455771267020813013e+02,1.281992286234901712e+02,3.353630745591521531e+02,1.769641083124281806e+02,3.433795850171564439e+02,1.164390778570226956e+02,9.941171677460141609e+01,2.188542865655018659e+02,1.241248735404942636e+02,7.886171146468329596e+01,5.140420147274520346e-01,5.443700677925304099e+00,8.666600576932667366e+01,2.828729791578478512e+02,9.792202715034720484e+01,2.181486362019882108e+02,3.386616849724459257e+02,1.323887217006129902e+02,3.089483214077309867e+02,4.583232122307463641e+01,1.741483573569759358e+01,1.997429893447563032e+01,1.247712434142961655e+02,3.317903062354224062e+02,3.036842900551071978e+01,1.520025519784826713e+02,5.422981974215992551e+01,2.118236128872032680e+02,1.261918559549222429e+01,3.162733397070336849e+00,1.076925252140601827e+02,2.736377486778406478e+02,3.408391890153168191e+01,1.670236872599252820e+02,1.547735090524068653e+02,2.067851795626910700e+02,3.452383755904531313e+02,2.146957550937622727e+02,4.644834910497785785e+01,5.055071911839831245e+01,2.220362924615490030e+01,1.712845303797068652e+01,1.143373806965342965e+02,2.439100515839136278e+02,1.122417591701590140e+02,6.742676675682018583e+01,1.096364886182990830e+02,6.913049622263172012e+01,8.961980297774083226e+00,2.857484970140527594e+02,9.068883828612011655e+01,2.540010264334082422e+02,2.264986979777006866e+02,2.148710673268854805e+02,3.636682064009507940e+02,1.299210941844974627e+02,1.862010642769157869e+02,2.668455109427995708e+01,1.340932360190701615e+02,2.127176630049792294e+01,3.643642158365282171e+02,6.641936451170023759e+01,1.842120010772717080e+02,2.488899566012136972e+02,8.521091218343779872e+01,1.509300587295999492e+02,4.082383874260365531e+01,4.878201353349563563e-03,5.378315681568696505e+01,6.567248051981452761e+01,1.150738174633547146e+02,6.058235975922875838e+01,6.863061012277574946e+01,1.244271886022357734e+02,3.981190356651125626e+02,2.109782224266039918e+01,1.589943970812733482e+02,1.734395956597484485e+02,1.108115742721624031e+02,2.429524097368922853e+01,1.203434356052648297e+02,1.301289057119614512e+01
1.497677204962311270e+00,3.996384328862360391e+00,8.134331062638889165e+00,1.728117707324769015e+01,5.529404504170017987e+01,1.986315045610197672e+01,2.101559485611451805e+01,4.736009689773163167e+00,1.350365686990563745e+02,1.328468440098969028e+00,6.066462238563935472e+01,8.559714586656376190e-01,1.737919523172747560e+01,3.395771341133578147e+00,1.404878898212067240e+00,1.273131103521183434e+02,2.333804550500044783e+01,2.443298315636857343e-01,3.480648480239966602e+01,4.713106685068693125e+00,9.530706856094663948e+00,8.419144431776446780e+00,1.696210237402631194e+01,1.679641668757103545e+01,5.085731768855039636e-01,7.380810901228759491e+00,1.096225440351791889e+02,2.426727738194529493e+01,1.136501918517646637e+01,3.560976556768803647e+00,1.533587397866209345e+00,3.537766556544462304e+01,5.143456435853454245e+00,1.718401658780536323e+01,1.671983002511254597e+02,4.650238790027230351e+01,5.938027813908079544e+00,7.876699691372844869e-01,2.182463046696122433e+01,9.548039793375451723e+00,1.459680245098086360e+01,5.776479622216043275e+00,4.260608432231439702e-01,2.402343625248640890e+01,8.359828627275771140e+00,1.507511860467709797e+00,2.651776530525695819e+01,3.313332781280011119e+01,3.080053411913596619e+02,2.489198545222972214e+01,1.464121694272912722e+00,1.249173820089869658e+00,6.310310883500488899e+01,1.481127472293962732e+01,1.256575654206918813e+01,3.726844333972079681e+01,5.734138498373040349e+00,1.489010241069979312e-01,5.854563518423919533e+00,6.117679477269950539e+00,1.254682977486672968e+01,2.079551701130242591e+01,2.559314065909943281e+01,2.529974973635674118e+01,1.756162405294453777e+01,1.440862816759907616e+01,3.428231276521539428e+01,1.581538593583401209e+01,2.747657825863424552e+00,6.658689485405095532e+00,1.981820299104665253e+02,9.522717538949449079e+01,8.855949340553495119e+01,3.051290000557833615e+00,2.204652115895576117e+02,5.047617944630244047e+00,9.275890920541217000e+00,2.047082556927340313e+00,1.924454268971263460e+01,1.487528104440599286e+01,1.466569118510452086e+01,5.217266069943557483e+01,1.006281600572311952e+01,1.163422880938314563e+02,6.773297825715921761e+01,9.027103128761977757e+01,1.383489055219128572e+00,2.964679467605060381e+01,9.613393036597524599e+01,3.636171743930316058e+00,1.390437403959632556e+00,2.347457953035824474e+01,1.589591211037472362e+00,7.137302213776547610e+00,9.456351712458344494e+00,4.276380490233069054e+01,4.947269444288537699e+01,2.526199312522370732e+00,2.062447176005920539e+02,8.021043193828417017e+00,2.053749577155390327e+01,9.905708015556903945e+00,7.030218021947804097e+00,9.069574174746636075e+00,4.202078677705467502e-01,2.577340664109805246e+01,3.208823841204232963e+01,4.386649746031613617e+00,1.168222982726310164e+02,1.439009775750997910e+01,1.995233815822597379e+01,5.888035841245369539e+01,3.446991781721511661e+00,5.062539747873901774e+01,4.307449654814725903e+01,5.178101593797656221e+00,7.835503830737577857e+01,2.899526646287977183e+00,2.003067665307333911e+01,8.119095340138309247e-01,3.077562303633483509e+01,1.197825233483390583e+01,4.733513961301040496e+01,1.648247792530108313e+01,1.331814058246257026e+01,1.081377481052528111e+01,3.675976343200981322e+00,5.823651137124489452e+00,3.570268225576689503e+01,4.185434590070827454e+01,1.212672658323698194e+00,2.293097617674006017e+01,2.770069020614198152e+01,2.590279706418682792e+01,7.116988799169675417e+01,7.644467999622857945e+00,6.934399019182181378e-01,2.169158580570872630e+01,2.947890689961982957e+01,4.491707548468716737e+01,1.072879844975820021e+02,5.502291643668347554e+00,1.376550289186100118e+00,3.867037859422909563e+00,8.137991272314001989e+00,1.942872813394926679e+00,7.164128701665548249e+01,6.415354327358437025e+00,7.579626871725718473e+00,5.850231459645512722e+00,7.176256469538975580e+01,2.556729291233697055e+01,2.881277098146091475e+01,2.788632867724797126e+00,3.170177506967844394e+00,1.387515424388485563e+01,6.175235094366569655e+01,8.989983322510914476e+00,1.309264773692385297e+01,5.017762909887061085e+00,2.539688253085143899e+00,2.754960234250414430e+01,1.122639376577019554e+01,8.479754612858048546e+00,1.068806082995258855e+01,3.155995196509788414e+01,1.233238265308082902e+02,6.223218230233417358e+00,4.059106082529347348e-01,2.190677689211804235e+01,1.395064990906271589e+02,2.893271495381064096e+00,7.717106193285394511e+01,8.938140396469636428e+00,3.626569136150021677e+01,1.233867504001768367e+01,1.163996734453302651e+01,6.323972693979068360e+00,5.095400358760099380e+01,7.182440738668478986e+00,8.600239363280225291e+01,1.913790236008309975e+01,2.405840221239996968e+00,4.821696285295034579e-01,4.776052400323770541e+01,1.180307241820493580e+01,4.356366580319135373e+00,1.405014229635845595e+02,5.057680755080084367e+01,6.727441835642862245e-01,1.869959908533986948e+01,9.027150669703731012e+01,9.030422379480065320e-01,1.358496486979507978e+01,1.639030419447373177e+01,1.113868363434523889e+00,2.451184594081344059e+01,8.886860262322409554e+00,5.071176484491257686e-01,4.349291740898693348e+01,5.284694286263725616e+00,7.580520420944823456e+01,3.497121961863243911e+01,2.637905444168662683e+01,2.909984632942303051e+02,1.277352987520269245e+01,1.128448236626300485e+02,9.445792677643558122e+00,4.332432910013922722e+00,6.270700974504008940e+01,1.578324743463714164e+01,4.231424925196419551e+00,3.701292623385728575e+01,2.185038171343675728e+00,8.812090043878197942e-01,9.390666262598104552e+00,1.944502220537443904e+01,1.013395291100518278e+02,1.032795001589752673e+02,1.473260439876873384e+00,3.561503374863838900e+01,2.392046946956188265e+02,4.421660114186306600e+01,2.293527495657620463e+01,1.300297474687546639e+01,1.106610250200657362e+02,6.732775092650156523e+01,6.538026883103952969e+01,1.290576148352784003e+01,7.118976832252768361e+01,1.338697214815037455e+02,1.323415711033618436e+01,4.643383572627354994e+01,2.473937776980708136e+01,1.360607700108687190e+01,2.901854124213181052e+01,3.040748383563814627e+01,3.184519875485353282e+02,2.803812537366576318e+00,9.915380784157660798e+01,2.979188110396520273e+01,5.973965752261444218e-01,1.577358649472262675e+00,1.419233617127977531e+01,3.307739673044981998e+01,3.581429581311890153e+00,1.256984889698937877e+02,3.184629000804349062e+02,3.710351311490302919e+02,2.308406650862064069e+01,9.348265039386680186e+00,9.855342200727652369e+01,5.369227039507534727e+01,7.520038052407392115e+01,1.430867615343450305e+00,1.357671648016558663e+01,3.559609162234331592e+01,5.224853056865775613e+01,3.485345232047805553e+01,6.134346985854878653e+01,3.476528565325986975e+00,3.789132343382862977e+00,1.136229001656304938e+01,5.062552266747900376e+01,3.505915665294744343e+01,1.401768368421708821e+00,5.386098177145478422e-02,1.140285589280356326e+01,1.049481185958863563e+02,1.041701482234072884e+00,9.815712075754291277e+01,1.406685392150611769e+01,1.714784312617172546e+01,4.376382602036984082e+01,2.929534631630648533e+01,1.245525176971585779e+01,2.699322516970304378e+02,3.380199029368527164e+01,1.041407830863306394e+01,3.192451744034892513e+00,1.253614098920006548e+01,2.816586722376192142e+02,8.439253724949112856e-01,3.424507322800463438e+00,5.441096440470154505e+01,1.184281509408527633e+01,4.507342093690991192e+01,3.205002556688106807e+01,1.989224891423982626e+02,1.893014659999954574e+01,1.899464252663348418e+01,1.011901738762718672e+01,3.234194786345054240e+01,1.871148810243539273e+01,2.940455666376429278e+01,1.472997427429571644e+02,4.291103830929755958e+01,1.904386211543257801e+01,2.934658598610747049e+01,7.817143198657092285e+00,2.899156941784983701e+02,8.809394327790725399e+00,1.143626255182780938e+01,5.071082255172835396e+00,2.015163352016635301e+01,3.448602333104688711e+01,2.975167145005183311e+00,8.471169402953897531e+00,4.365259855857583027e+00,1.184128437612375295e+00,7.648377064423934257e+01,7.440606667983483646e+01,2.303921181081040288e+02,1.773337426995644250e+02,1.814076187667030737e+01,1.158338125274484476e+01,2.415138058749006404e+02,3.610219062107432042e-01,1.539106093931527823e+02,1.069490968067729320e+01,1.167975071733884285e+01,1.156731803098130840e+00,7.209758248322400220e+01,6.017715868435392856e+00,1.368934678260449900e+01,5.564171776655003621e-01,2.184767357047350700e+00,9.539799732474932625e+01,1.458030234578100419e+02,9.278160980789250445e+00,2.543093602183601920e+00,1.285277714907051383e+01,7.039554293174568045e+01,2.604719423357965358e+00,5.182607155124912168e+01,5.227912300118067179e+00,2.930709126393361998e+02,2.708930553227691362e+01,1.516282053294071730e+01,2.865322573482430002e+01,2.486270595689246079e+02,1.579693460061196753e+01,6.547746330962384320e+01,8.036855558023621882e+01,7.104019268911238250e+00,7.073284645230896395e+00,2.264817925932558396e+01,1.277366888939481555e+02,1.668130045244793109e+02,1.481729784553089502e+01,1.023766702121567951e+00,2.957829236093935421e+01,4.353525809474577812e+01,8.389639689243689702e+01,2.878851635931073361e+01,5.868957992357820075e+01,1.355994130194600977e+01,9.312081048816896356e+00,2.445745675888709414e+01,1.229596626305851093e+00,1.601288725795150114e+01,1.182015399390563317e+02,1.330423072313769062e+01,1.821013265356357325e+00,4.013268810949198517e+00,1.007096482203623289e+01,1.480915211996436121e+01,7.969119913482752615e+00,1.618380354910138408e+01,1.817394696653849095e+01,2.733332255412253531e+01,1.873002513887350418e+01,8.295966692476655169e+01,5.423499449362773817e+01,3.169659724804104428e+01,5.799657679484830908e+01,2.996805121961060858e-01,2.030408835271412826e+01,1.277759833613915816e+02,4.961270264390613249e+01,1.121678846024931397e+00,1.234792622305652721e+01,2.294387179342045258e+01,8.855418912513739471e+00,4.041084496838220161e+02,6.317167413762422079e+00,8.873293640465381316e+01,2.286682020607280208e+01,1.851707104791263347e+01,1.843252036402259009e+01,2.290379012577758644e+01,1.790960689879574730e+01,5.666390589978210990e+00,1.477186960977168173e+00,4.487357200787505995e+00,5.810727990791549225e+00,1.114210911733074028e+01,3.131654931268779762e+01,5.722480360844805602e+01,2.194347223662451185e+01,2.643183698485461619e+01,5.905884848765363682e-01,2.491041900137776377e+00,1.235238042203786524e+00,2.707287394213394593e-01,2.090982610595815672e+01,4.380208179326071871e+00,6.060208118245550502e+00,6.248230134162114524e+01,7.466767045107412848e+00,6.321298890147302174e+00,2.204597523536125792e+01,1.483826807258189540e+01,3.631580274889049065e+01,1.552826968362992091e+02,7.172267574971794346e+00,5.115621852295336724e-01,1.485920961354967040e-01,5.677160076464451421e+00,7.187473163992202707e+00,1.043474493887552086e+02,5.896508522135037289e+00,1.461347781044402261e+01,3.892668291650447365e+00,1.372340655192353154e+01,7.369785216115120363e+01,1.200190774106482934e+02,1.409582482091725320e+00,1.197845044007433835e+01,2.441109925101691669e+00,5.016895983467825282e+00,3.967446993982942161e+01,8.882665889946636639e+01,1.316370717294739450e+02,3.091020692592944741e+01,7.077196068087515357e+01,5.136588987793342653e+01,9.004971367797287130e+00,2.015213825301607287e+01,3.087795243546298973e+00,5.931203647091592046e+01,3.603838479788179949e+00,1.090542125802681461e+01,2.480238718770982942e+01,5.421597930587154224e+00,2.614411508034725884e+00,9.590063356382234616e+00,8.954110172992237437e+00,4.653950118866200469e+00,4.890434889376174254e+01,8.105087670862340943e+00,8.740431293850735583e-01,6.076654002891169748e-01,7.975733310281042066e+01,9.556855448815629472e+01,7.621227098599617023e+01,1.608795767497232703e+02,3.155046204576598257e+01,9.710990634734143612e+01,6.151538781234998510e+01,3.477970454300130410e+00,6.603714142722081348e+00,7.082289540294887331e+00,6.046300566466794635e+01,9.253946426070457676e+01,7.494031930361904870e+01,8.786038486924832469e+00,4.062549732242182188e+01,1.826098523809606888e+01,3.712141201784793765e+01,8.462829680267246601e+01,4.004598172587304994e+00,7.244740222165410160e+01,5.561097347406608549e+01,2.513676503923944097e+02,2.592602781225644026e+00,1.020251580415085044e+02,7.059844550469440705e+00,1.409823695098076080e+01,1.975280447985463468e+02,7.065028479361016878e+01,4.508332657598549176e+00,5.154955428843969401e+00,4.184369797522053402e-01,2.477622650702833695e+01,9.684685161012167498e+01,1.765262968951000460e+02,9.069519822853850144e+01,1.219093384443592720e+00,1.518201144287903537e+00,3.035254368084389398e+01,1.721794568519634439e+01,1.736054022100233496e+01,1.092361084920361414e+01,7.727851319730183377e+01,4.456266572894832301e+00,1.682869956578986432e+02,2.837159497799979704e+02,2.924576740951114218e+01,8.847524348478746248e+00,3.692776581997456731e+00,6.731352732431319907e+01,1.967148842464198211e+01,2.574272708585235137e+01,9.423812942838447171e+00,4.514292981816216077e+00,6.405510800214507805e-01,2.484276333394713987e+01,1.785158763406732163e+01,1.969856805566429969e+01,3.555100586350854286e+01,1.896152675591993386e+01,6.911171170640605510e+01,8.543745629313647783e+01,9.018274574116686537e+00,1.569891138153924670e+00,5.392419912813649852e+00,1.396158021271653382e+01,2.914646689874981877e+00,6.897518966589375466e+00,1.685404043257651452e+01,2.159475553253063751e+01,1.220825287368881931e+02,8.806727564193157498e-01,4.994633687707214165e+00,8.169403938252861153e+00,1.895288414118315643e+02,1.095651401907429658e+02,6.002072957805139053e-01,3.173383977757349594e+00,9.783380454306482932e+01,1.148291925160040883e+01,6.663968418276419392e+00,2.378560101428425444e+00,2.806024499381068349e+00,8.892264332932812820e+00,1.764089104855908419e+00,1.453471735559418221e+00,3.536312217645692257e+00,9.673248918440526722e+01,3.258750519325169392e+01,1.556319147668938001e+02,6.233977795292410029e+00,3.672099630960388605e+00,1.372421305539255343e+00,3.290498867624509050e+00,2.581217563109440860e+01,1.218386935888073026e+02,2.499054530754851200e+01,3.895652533412762852e-01,1.014292725047407551e+01,9.315705234494297216e+00,8.510528654772146595e+00,5.077340247583377320e+00,3.596462608127986904e+00,2.567752383233433022e+01,2.952277504236445527e+00,1.107591583964823343e+02,1.565908212311657621e+01,2.299637965478894941e+01,7.263425240865561072e+00,2.971390790439045659e+01,2.610421440446351085e+02,6.981582290139439095e+00,5.339818766422639129e+01,7.236289461616972574e+01,3.669309019475494438e+01,7.684920631620741460e+01,3.461218567402543300e+01,8.525601526197432278e+00,2.468483223152662163e+02,3.144257084563981763e+01,3.181345943509036189e+01,9.738579638253881399e+01,2.444261940205191408e+01,1.852316360339121459e+01,8.516943413659782891e+01,1.544411423890764752e+02,9.648961598028207298e-01,9.797213224876225013e+01,1.756408484031939832e+00,2.777876369808371493e+01,2.103098460708579864e+01,8.510357548388613580e+00,4.678473336429644469e+00,9.571686321373918815e+01,8.609698081772332046e+01,7.780593724390936217e+00,1.586578651117653571e+01,3.715650385460965310e+01,1.534577011153887440e+02,3.161417039976321952e+00,9.905434871712179401e+00,1.405676959559503203e+01,2.814990538975911818e+02,2.126970956254065348e-01,5.112420003871865681e+00,2.817229751412592131e-01,6.893927361283255095e+01,1.123403534449710683e+01,2.117675904146942401e+00,2.850210493712984405e+00,4.861471281104629227e+00,1.092986099962385254e+02,1.511431537210244480e+00,2.850986173480929864e+01,2.433309032201320576e+01,4.309416317419717757e+00,9.392782179179615554e+00,2.131160728828214985e+02,3.817904446304112742e+00,4.320449292310898137e+00,1.219976310975835077e+01,7.028266344392903875e-01,1.649762405954577815e+01,2.346492900260365744e+01,8.043982801532133919e+01,7.014001403635964493e+01,1.096527548337048508e+01,1.456465555209789642e+01,1.166763342504506618e+01,6.891334074839836177e+00,6.852045409383942243e+00,3.683542257811020448e+01,3.082443024996069258e+00,7.942877040423787172e+00,5.039100802595967110e+01,4.127950560679323644e+01,1.253566288853556898e+02,1.020255538911681015e+01,3.556412227138742566e+01,3.760709869712691056e+00,2.107448780275180695e+02,1.008071354418786001e+02,4.251822345056581298e+01,1.763741690971531639e+01,4.133788546193016344e+01,1.017227000436971274e+01,7.251013518388424473e+01,2.654136640361063115e+01,1.476811975676748101e-01,4.555047807636275259e+00,1.243443343298558545e+01,1.419447007248000603e-01,1.286773746591040934e+00,6.252509230180262279e+00,2.061985669050692493e+01,1.189343025741644411e+01,1.017155852911827054e+02,5.756164135166460305e+00,2.617715426459350780e+01,1.839617861782072339e+01,1.534858986787431263e+02,1.103456413646371637e+01,1.076859142996342733e+01,3.514944655245972438e+00,1.969012806305211782e+01,1.272371780403310737e+01,5.144101822440702421e+01,8.228912654310609298e+01,7.578850206162272229e+01,1.466040823308514263e+01,2.378788299217933222e+00,3.718413109073000555e+01,6.732053879340856639e+00,1.280770951797345170e+01,5.121793506234769211e+01,8.036502703541431458e+01,1.641372898858935869e+01,3.420905967662881864e+01,6.272447352465459147e+00,1.900071000324420112e+01,3.270600318325045208e+01,1.237587724241834053e+02,2.697127095080560011e+01,8.273750357716467363e+01,1.940402341880267443e+02,5.618037100294973607e-01,3.515755073631843430e+01,4.710780708771005010e+01,8.935131909823108565e-01,3.124871435578083112e+00,1.165252879420843790e+01,4.836236555448075514e+00,2.849244589385797255e+01,1.701399059739700022e+02,3.303798587018679314e+02,3.022008529696254087e+01,7.559931294862804130e+00,4.723216861920477072e+01,1.709548653198194472e+02,3.326140386742316490e+00,1.700188702276230401e+01,1.246883729594494206e+01,2.503948142487553241e+01,4.093181826675905199e+01,6.271062988931678461e+00,3.611556098136750279e+02,1.782381266783323071e+01,1.503108802081869255e+00,8.825255542899972383e+00,1.170854554759846700e+01,1.636539666390518732e+01,2.635099202995766721e+00,1.224559141437505794e+01,8.256981917489509826e+00,4.424205528739145521e+00,5.883828489482682222e+00,1.608165976839825078e+02,3.420253960559159054e+02,4.156374040683083138e+00,3.349183615496836186e+00,2.082220060030872162e+02,9.536113826152520900e+00,1.826204567398722034e+01,1.852969820787058097e+01,1.597877781748073112e+01,5.767595456857200098e+00,2.982835937389572223e+01,1.270279814085638570e+01,3.076004279799961694e+01,5.726884284913404954e+00,2.185981328694178050e+00,5.143337712592244770e+01,3.446251877569175548e+01,1.219549769954045892e+01,1.604189160376657597e+01,1.504832859315810190e+01,3.017319109697855239e+01,2.602915261864857754e+01,2.624576698352652215e+02,1.644304055616522575e+01,7.434942707491352998e+00,7.278166311348691409e+00,2.166398056728216392e+00,1.548776763590042727e+01,9.743159018583861908e+00,8.024014426079355999e+00,1.650773349680783708e+00,7.103118242437462015e+01,3.055066748558234053e+02,1.385874691490104738e+01,4.217788408637571962e+01,1.895614449822414471e+01,3.420098497337793031e+00,9.603620030310057842e+00,1.354853713288014738e+00,1.298746847933543869e+01,1.055660952933632579e+01,2.609703766322168939e+00,7.437416221414680706e+01,7.411294858767991656e+00,5.174642304314217789e+00,1.374163261188950003e+01,9.018298932946498780e+01,5.230408956242288809e+01,9.455401253614964219e+01,7.939748988622933723e+01,1.830374801126596651e+01,6.398130004830449913e+00,6.368211883384179650e+00,2.894954628074681935e+01,2.098817706838059038e+01,1.356604467886487519e+01,2.787688239726059081e+01,4.685136552772146956e+01,1.160866940660105406e+01,2.376283891902470913e+01,1.036906888911962632e+01,1.765107421376382035e+02,1.839673795476647058e+02,5.173903308483414065e+00,1.027931508140221126e+02,2.700747504328440982e+02,1.160385453794851918e+00,7.189308795883889935e+00,3.618488501716296923e+01,7.438966980269060336e+00,6.418489795040115631e+00,5.014187107838103685e+01,3.767655322904570880e+01,6.208968831415424461e+01,1.325494380332768785e+01,3.298593308739022234e+01,1.433198664930175426e+01,6.556060703577787585e+00,3.298764824505195747e+01,1.679714951097461384e+00,4.625691095983797396e+01,2.676529396113381054e+01,2.052094087389920318e+01,1.278871533621837244e+02,1.455710646460822311e+01,6.307460373207642412e+00,7.978081773493498474e+01,1.426039248751537514e+01,2.773491856478217699e+01,7.744381481777162790e+00,3.768909342969076981e+00,4.841465038063276438e+00,2.418542032135781561e+00,3.645914216492657789e-01,8.772587630696220273e+00,3.398400306987769515e+00,3.195154921268330006e-01,2.534257635187650592e+01,5.592955777189426492e+00,1.923945415926600511e+00,8.510787586413658401e-01,3.652924858449492262e+01,2.309497317067268796e+00,4.388763965239305520e+01,4.543261510570734352e+00,2.201997455428098860e+01,4.651549615020653050e+01,1.856686961763143415e+02,8.275250729454354248e-01,4.438311698432953811e+00,1.960838020386607283e+01,1.111893652375945507e+01,2.492418804713567138e+00,3.070126799114110128e+01,5.141352060731652074e+00,1.956157563836817701e+02,2.065538388196607045e+01,1.310745498698718059e+01,5.092461490019194237e+00,1.352177526478712144e+00,5.450673905478073067e+00,2.578879969176671594e+01,1.166767879274927999e+01,4.012059680698159880e+00,4.063239478836627683e+01,5.920119537408092469e+01,2.207666005159562772e+01,9.876834694367637724e+00,5.019435957313673757e-01,5.516120618223184779e-01,1.177608575641998669e+02,1.212766303462669892e+00,2.159714595991119168e+01,5.110317882085746000e+00,9.291450309403638030e+00,9.096776919077301216e+01,2.129269214021028311e+00,3.965292978808978575e+00,2.856382416636903940e+02,3.886150394961971788e+00,4.788881602669555804e+01,3.002855871667435039e+01,8.815174917515278707e+00,2.629962053487912854e+01,2.171757565987135408e+01,3.339615822482074492e+01,1.903221628134562877e+02,2.621178415133054429e+01,1.940735654399443533e+01,1.865864682058000668e+01,2.028486955475672460e+01,8.786909782144567771e+01,7.473899584541703689e+01,5.317555363416167857e+00,3.618773515040310684e+01,5.147056679562373205e+01,1.217910287868786412e+00,5.055034393211477806e+01,1.623794775463555027e+02,9.821560464029575499e+00,2.026948916831155856e+01,5.852643000895526804e+00,1.099953372432221954e+02,6.115806024964924603e+01,8.180538467943854641e+00,1.349555131941320774e+01,3.726633218313779028e-01,3.103470102743908754e+01,7.189286009168002067e+01,1.564609013796862058e+01,4.838021122231034532e+00,5.189923188074001814e+01,7.574260424790519863e+00,3.175713682764630263e+01,2.028946092349784180e+01,7.443826500468207819e+00,8.418886179857382501e+01,3.436234860172217509e+01,4.344889344184596780e+01,4.121491029846851717e+01,1.240081716168040487e+02,3.139244616451243886e+01,1.451041977571090626e+02,2.018836281722704484e+01,2.403287928223577907e+01,2.208886494396927347e+01,1.657762363869493605e+00,1.865131157533591022e+01,1.068511267850235136e+01,2.441450005584375305e+00,8.877372407664399390e+00,1.389515395299812717e+00,1.542571312119102522e+01,4.635093651459270880e+00,6.813679792497771892e+00,2.146468119932940066e+00,1.695678283926816619e+02,4.212622220207656909e+01,5.839750437490823742e+01,4.411801762182039965e+01,3.064980124300049980e+01,6.471812747838256996e+00,2.232956523548167027e+01,4.807872992446685423e+00,6.038702941054452111e+01,7.257772180819761942e+00,5.025891779252352087e+00,2.353283870802732736e+01,1.255308233770033688e+01,1.770834147579325801e+01,5.171230189857541681e+00,9.294803213280545151e+00,7.093403165057676318e+00,6.584150237671232730e+01,3.410232320824681640e+00,6.569548873378681542e+00,3.605601299600889043e+00,1.220395968085469320e+02,8.794127724626066822e+01,1.531201251743587761e+02,2.536315324344397837e+01,5.214239386480929106e+00,4.467491290813276095e+01,2.313017869803725191e+01,6.266433438077549312e+01,6.891970380639590132e+01,6.067011725961975088e+01,1.750916847772514018e+01,3.083934936884591416e-01,3.855176700743915319e+01,3.811636076506108139e+00,2.166745749897227213e+01,1.415536787009933306e+01,8.710905322255426242e+00,1.171775674664677069e+01,1.633532601294259123e+01,2.127651002188646956e+01,1.177399989217409404e+00,1.657769124698717533e+01,4.237785838866712851e+01,2.455602810678292780e+00,5.972390605789455797e+00,1.067331266288897851e+01,6.036665568822562555e+00,1.682906200439192901e+01,1.520115505152251067e+01,2.121655757138474652e+00,6.478155867033430049e+00,1.996018365494899882e+01,3.649900188084111363e+01,6.791461538939933007e+01,9.360988416976312010e+00,2.203284748972148677e+01,6.430808179504029276e+00,6.706620098842022060e+01,7.259443920767131431e+01,3.072764542006279243e+01,6.886002342883000615e+00,8.405049466430059013e+00,4.913044691093202410e-01,1.093965457813119713e-01,1.495326654205781303e+01,1.178970381584346683e+01,3.074667627087279129e+02,1.644503004145289937e+00,8.591356275452676883e+00,4.641798730109939441e+01,1.181385119902854441e+01,3.069187157588399106e+00,3.528366045762205516e+01,5.638129783056556654e+00,1.824226351187441608e+01,2.753141509114705698e+01,1.888082464198128889e+02,5.650823084538520114e+00,1.726006252265298428e+02,5.155984509400885152e+00,8.753548995652977283e+00,1.492557745959807214e+01,1.852919306918787967e+01,2.709694047735364464e+01,4.027910953807654693e+01,1.341798874873624925e+02,2.919779196438274482e+01,3.337036261649033264e+01,6.219556923057930220e+01,4.693163458470456106e+01,6.581557159422478653e-01,8.696065832435353471e+00,2.269821647575104573e-01,1.039481396059004137e+00,4.806869543808969247e-01
3.140588638438847724e+00,2.023331569975639184e+02,1.625764075148846075e+02,2.155128813899950657e+01,1.046600417209338758e+02,2.099553833785214749e+02,1.168349487577985570e+02,1.739046677227050566e+02,1.343976395009613327e+02,1.868466340226765112e+02,8.082604800900772091e+01,2.461340986752580022e+02,1.171801207514788246e+02,2.446495595914960219e+01,1.247405626834010803e+02,1.583919536945631705e+02,3.489368011636297506e+00,2.206123605203146099e+01,1.411655765547306203e+02,3.221019575635976366e+02,1.973305118636164650e+02,2.044404594571810492e+02,5.858362065412983988e+00,9.201486250118107080e+01,1.319018810344455801e+02,1.044217576921820552e+02,1.135105557853602818e+02,1.153855812851762686e+01,1.593823639661270342e+01,6.910249784416598118e+01,1.710773800939977320e+02,7.660915378290047784e+01,1.386698430514970148e+01,1.903891937649311501e+02,9.098708620347021991e+00,7.578207232335601873e+01,1.301215937957548192e+02,8.683909750954986739e-01,9.609165474808391283e-02,9.384302173360040911e+01,1.980395392484345507e+01,9.143374958893987525e+01,1.412353895285872341e+02,1.444328823007707570e+02,1.242205608930578364e+02,2.091678210927268253e+02,6.759281231610313689e+00,2.489874638393957085e+01,1.001501443885134002e+01,4.549225087126927747e+01,1.759828184772118576e+01,1.825039450404637975e+01,1.478449233646245204e+02,9.267514347905490979e+01,8.662634227983351920e+00,1.569364593193083408e+02,3.089083526184013095e+01,3.447359561069311695e+01,3.161704795077142762e+02,2.470657554550659825e+02,3.974954159117033470e+01,3.166067636292964380e+02,7.321278065279999225e+01,1.141359029043806714e+02,1.946257217648077997e+01,1.192972457513409950e+02,4.335688320731267709e+01,2.520757775294272278e+02,2.338837686675047767e+00,4.340445906440258028e+01,1.787778265597095384e+01,5.709954904821125155e+01,8.542244760012762583e+01,1.091028475455320468e+01,1.083667274972053605e+02,1.685836300161037400e+02,7.813178101440358603e+01,6.775493507797234827e+01,1.526526550273453893e+02,1.361578512066986235e+01,1.468241986281075810e+02,8.192571841728651805e+01,3.173608323806174880e+01,2.133763353636954818e+01,1.753938495250644181e+01,1.435190707062268416e+02,1.170682402542695577e+01,1.927328570277322228e+02,5.380534125430435211e+01,2.236720792761855137e+02,1.636939198778642606e+02,1.481740208392264151e+02,1.033025754963695597e+01,1.398236034044057590e+02,7.374126043673525999e+01,3.121494622152243892e+01,1.348774866502710097e+02,1.513880526036950585e+02,1.315435135515165825e+02,9.795749677711660297e+01,5.562413621690431142e+01,5.442573394306534418e+00,1.793392841065929133e+02,1.305097017056979958e+01,3.766259281232274603e+00,8.884758846057437154e+01,5.359676706480109409e+00,1.140622145593325740e+02,4.594769523379093101e+01,3.550844931160998499e+02,8.316277064640279093e+01,1.711274193040494822e+02,2.606385611913799494e+02,3.123261664486425104e+01,6.796819503387537509e+01,1.301323418226977253e+02,3.327121488908495195e+01,1.276587715459396577e+01,1.692891597343794352e+00,6.001483103447099410e+01,4.627019567488643048e+01,7.598517938015503148e+01,1.175656070776742013e+02,2.047325351373446836e+02,6.239944539579504124e+01,6.667290396306712807e+01,1.203966785506100905e+02,1.193114420328250134e+02,1.983915011245679239e+01,7.581922778282985576e+01,6.530041800466987922e+01,3.911470638326292004e+01,1.955034928121318316e+01,3.021750598670871568e+01,1.738600193034593246e+02,3.054090731354012291e+02,1.861443963309804417e+02,1.874458712885801148e+01,1.882054801214422639e+02,1.354784225231347250e+02,1.619482239898446778e+02,1.363905110754887744e+02,1.856458102726367372e+02,7.233509361511144675e+01,8.900264376217863926e+00,4.148417428075952529e+01,2.253189088059960170e+02,4.201555561748381074e+00,2.482534807129522036e+01,8.737433622051496229e+01,2.327445225317029553e+02,9.445909695563527464e+01,3.071277213208954890e+02,3.103077393384293359e+01,1.146690880713439924e+02,1.689999040561307808e+01,2.229770559319819938e+02,9.634394837621247376e+00,1.305553292066335302e+02,2.782284078200488864e+01,1.530860226855888868e+02,2.983891033001884807e+02,6.440220591564290942e+00,5.583889005630080504e+00,5.260048934096116291e+00,3.406215965984068816e+02,7.660922942302163108e+01,1.082743174391955989e+02,4.735110405909728826e+01,2.712141607700221471e+02,8.883868608872883499e+01,1.351332237517842145e+02,2.129965076798171424e+02,6.501259105432382057e+01,7.634239386959096407e+01,4.332350955431507344e+01,8.335412473726103144e+01,9.101815049742702968e+01,1.298887240125402798e+02,1.287932107080448247e+02,1.921768105556048738e+02,2.062715463116771275e+02,1.635156182022601001e+02,2.263927314512519899e+02,7.008430748465769078e+00,5.812290035216940254e+01,2.765897435063244458e+01,2.938962218668029323e+02,1.147213050177629725e+02,1.260072484250157743e+02,2.113632854800130190e+02,1.353811113416625460e+02,4.830286493675065884e+01,6.322369062205464907e+00,3.984807099506240746e+01,9.664989171212765484e+01,1.794611446432986952e+02,1.645694490361274518e+02,1.919076796959649016e+02,8.652590201694694727e+00,1.186982761837291065e+02,1.415567395388150684e+00,1.490134056040892290e+02,3.352322073580455708e+01,2.818477074516914627e+02,7.217814167962997374e+01,1.210227096806590907e+02,1.383256166177678210e+02,1.984939134199612170e+02,1.466723703703277693e+01,2.719775640900123790e+02,5.834816731360512421e+01,1.625398851313336763e+02,3.105266147678579500e+02,9.560663465875761347e+01,2.421260092779724005e+01,6.243245719439172348e+01,2.534033574156708539e+02,2.596100173432027347e+01,1.503515401452995377e+02,2.050615593577447626e+01,2.968132197271806305e+01,2.618691901540650235e+01,1.582417205289601725e+02,1.113645191085265651e+02,1.036085327282262512e+02,1.283733997923300478e+02,2.233294513221292732e+02,1.568960844813959739e+02,2.318561580479763222e+02,6.557662478950256002e+01,1.517874753650090369e+01,6.278007398932280836e+01,2.834924197240678012e+01,9.702459065173427177e+01,2.360763722897653167e+02,3.319420075050836090e+02,1.631014024940214142e+02,1.470931805725628578e+02,2.487996233484157216e+00,1.152822429574717411e+01,7.371913799126402012e+01,6.144199403948773863e+01,6.669294769580126570e+00,6.134059713192718988e+01,1.879072020879263505e+02,8.025963797181402981e+01,1.312593111713805456e+02,1.812002693279329151e+02,1.803428236171947958e+02,5.084046566256488831e+01,1.580592058997430911e+02,1.309798000142343533e+01,9.735416960741137871e+01,2.146133529833665250e+02,1.655778382777529600e+02,3.409780557774666221e+01,9.353332860333124188e+01,2.402488066354434011e+02,1.235293453260073626e+01,1.870247683690255087e+02,3.163786163085746139e+01,2.103692906130152380e+02,1.356527920639096578e+02,2.010942371794861856e+02,9.710963220322110345e+00,1.001847721957579864e+02,8.926449504575741045e+00,6.674292249164183488e+01,9.147819038245751244e+01,1.064063813863449894e+02,2.105526203838484207e+02,2.238463452632066719e+02,4.651850422593539491e+01,1.391661096751695652e+02,1.333622318264766022e+02,1.898761477116912317e+02,6.706751808684430216e+01,2.307224935288718655e+02,1.340525203780203185e+02,3.853617879640748356e+01,1.290024984232961742e+02,3.221062891140058326e+01,3.836234910468909476e+01,1.746258765145196605e+02,1.577304821156515970e+02,6.542217044008210358e+00,3.502124262339044236e+01,5.223040765794421958e+01,1.346988638945848926e+01,2.276594268476872855e+02,2.202529624333928098e+02,2.034250384028112251e+02,3.409878248853626133e+02,3.050166468770902952e+02,7.700422282413806840e+01,1.013841275894401974e+02,1.014586004365364147e+02,1.199274838002631611e+02,6.278563888879098442e+01,9.591623345940008960e+01,9.255270760571960409e+01,6.703608214699484336e+01,7.670878691405249583e+01,7.254780139722869592e+01,1.054113362632826245e+01,4.407849033144388073e+01,2.055622460622175041e+01,3.200088957168250658e+01,6.022080293472696439e+02,2.502844375212873445e+02,1.489668604646656114e+01,8.733952834240399454e+01,7.071893777701909301e+01,1.144906229195898073e-01,2.679603296977509785e+02,2.110246675016269364e+02,5.983069485314026537e+01,4.463062131300989677e+01,1.049320767140878843e+02,1.105255858219609877e+02,1.277810781473730941e+02,5.570484308689800201e+01,3.930244378461999588e+01,7.804755151836148741e+01,3.148223733097209731e+01,1.236656841645449987e+02,1.042377175987412841e+02,4.746551407482295559e+01,1.259814125700441991e+02,1.891198541914704094e+02,1.011832319911782996e+01,9.675153495788607927e+01,4.411579458146349708e+01,1.966963583610178290e+01,7.125746776708743369e+01,2.241865422632529032e+02,7.114655225892725809e+00,1.704999332335581741e+01,6.082794761583983956e+01,1.808222476886860193e+02,1.002135421771685131e+01,2.236324238601409888e+02,1.416469710440205176e+01,1.456285345486788003e+02,2.852256101049825432e+01,1.013548758328793156e+02,4.105316780662221277e+01,4.261035598002069946e+01,3.454974235342046285e+01,1.773730131087802704e+02,1.604396946189991624e+01,2.388009634685466835e+02,3.748200572315490575e+01,5.355989823305272779e+01,7.992853251690604566e+01,3.249877896181604342e+01,2.347052528700425285e+02,1.153465096730615045e+02,2.134381820313949463e-01,2.163864165977031817e+01,1.399875500939602624e+01,1.267373454015721137e+02,1.402318813664645631e+02,2.231623226373673319e+01,4.085288579645197728e+02,8.144818387809580429e+01,2.304348701607665362e+02,1.659778754644283651e+02,9.351722775132014220e-01,1.320896232618480042e+02,6.455811068164314293e+01,1.243636173777345562e+02,1.551140734344641885e+02,3.766925546798446334e+01,5.128748526876978531e+01,1.135696106996557688e+02,1.099065127207785819e+00,1.279866371296985506e+01,2.238550145897416854e+01,3.374261844878178067e+02,3.041483693851950534e+02,2.243393764459856072e+02,1.098417280558606848e+02,8.563000721481070343e+01,9.851043492615359298e+01,2.552546232673481796e+01,6.614795418889121947e+01,1.776582884751965992e+02,1.080591741822256324e+02,7.979826566639169982e+01,1.171779572054388865e+02,1.882859145902497460e+02,4.447274166284038444e+01,6.140721147762576493e+01,1.068853534382937056e+02,1.723998932056000228e+02,6.148649689082630942e+01,2.402363833661851800e+01,4.290895224457647572e+01,8.092287890740705336e+01,3.297049868771135550e+01,3.670989755757120321e+01,2.045555701355665406e+02,2.345952718673303039e+01,1.535922670972464665e+01,6.929196261355735942e+01,2.590342358694586267e+01,1.966171669341042900e+02,1.117509557116286771e+02,1.129068341990707722e+02,8.082662918563997323e+01,4.436269442115462880e+01,1.101553443910306385e+02,1.303627737245612366e+02,1.281645191839222093e+02,2.667401567527534780e+02,2.352921592883393132e+01,1.045865280316783839e+02,3.513122259199666928e+02,1.184052655182772185e+02,1.514005158912599995e+02,1.906079531281759643e+01,2.099770518664633201e+01,1.402811894883007255e+02,4.545609864947517309e+01,2.924727748136236869e+02,2.672921708324722090e+00,6.344356184131485321e+01,2.543734397215132148e+01,1.282156042447116135e+02,2.467842305743565134e+02,1.644146788863733661e+02,1.488462560674407484e+02,3.415191845522405742e+02,1.935950656454509726e+02,2.228201273608183612e+02,2.847038162484935597e+01,1.090300222658655116e+02,3.490228030078267807e+01,5.437969628812360412e+01,4.221196227268410439e+01,3.385392859339800111e+02,7.825543549505892038e+00,1.389997015732594150e+02,1.196694277343824524e+02,2.488474471683534262e+02,9.041536835930025973e+01,1.633241631920155257e+01,2.842742102363046683e+02,7.500618378386677421e+01,9.962791388974044082e+01,5.372402487628696832e+01,1.328774261963716867e+02,7.576928582342378427e+00,1.230451038220904252e+02,6.120300563962564055e+00,1.425407883862766028e+02,1.613595805894332547e-01,3.619408820084330358e+01,5.833039150496714953e+00,1.219047188327062088e+02,8.361898255278669012e+01,1.126807021087019365e+02,2.064610979382308926e+02,9.598110906874306636e+01,4.240690075218324750e+01,2.004365902781950126e+02,2.498900496009035876e+01,1.211252154789281406e+02,1.711157805175224951e+02,7.620976597633698191e+01,7.962068594655997344e+01,8.633867743734043643e+01,2.209164456501738627e+01,1.327850570690209508e+02,1.478812512904557330e+01,6.480598267746037777e+01,7.042767358093314556e+00,1.039936881940804483e+02,2.359715721027552888e+02,3.977466077604945554e+02,3.166249469024102314e+00,2.748451837687525412e+01,6.715873177543541317e+01,1.630708558336072826e+02,5.126480932060002260e+01,1.673790158616504797e+01,9.140301296364854977e+01,5.438958723664014627e+01,1.200552610688214230e+02,5.170222016817895394e+01,1.955876031471600243e+02,1.296154732044668094e+02,1.616311295999247477e+02,2.107527064590449939e+01,3.852244684156889321e+01,8.995702725594860283e+00,3.155433867814086284e+02,3.216802896938017398e+01,1.151492417469523986e+02,7.274635648911561780e+00,1.540468975144739545e+02,1.692295950930486299e+02,1.102050632649336279e+02,8.326305545637656280e+01,1.454559396089943561e+02,2.032621755838796673e+01,1.101502614800223157e+01,4.441362406589896494e+01,8.899343110202183027e+01,1.402563224437926515e+01,5.440608065482201283e+01,2.683183505337495376e+02,2.508681244266117574e+02,2.912685676894035325e+01,1.529324220707509774e+01,1.285532259789912146e+01,1.617643289254811236e+02,6.282477040821148506e+01,6.134974948304367359e+01,1.225550687819214879e+01,2.164668861012463879e+02,1.218234491210333346e+02,2.488580701780770426e+02,1.071308731394132820e+02,5.071529962229043775e+01,1.137862563182018327e+01,6.858553419760910685e+01,1.859563256982391124e+02,1.680638784046695733e+01,8.351204764942977476e+01,3.761650662875237305e+00,1.036943683302189214e+02,1.992460138565623708e+02,7.079898951338234880e+00,3.117914832503176115e+01,2.760428062712468886e+02,5.938195577205235054e+01,6.304580245132331129e+01,5.819745835621375107e+01,8.223155412321405677e+00,1.539399143459686741e+02,1.228399918643478550e+01,3.147757919269863578e+02,2.688761105055558076e+01,8.061382436277686736e+01,8.872616224573178556e+01,2.023096014131642448e+02,8.636682025625675863e+01,2.734937443649071209e+00,4.259048895175191518e+01,9.183854466668027783e+01,3.100159124673565714e+01,1.015340643912591787e+02,4.899967447648131014e+01,1.068201165630997274e+01,1.776208703498022885e+02,9.412007847885478284e+00,2.745799567674523587e+02,1.500703526018877483e+02,6.027944614103688536e+00,1.565200411696648359e+02,1.343265906482578043e+00,3.823949385817667235e+01,3.543147308829383633e+02,2.722751933275151259e+02,2.027600930601602442e+02,1.960419876174898093e+02,8.470085869900883324e+01,1.745661824388987782e+01,1.321274142653290085e+02,2.076306796407202171e+01,3.268945763952775962e+01,9.574428220341643225e+01,1.694782485018482419e+02,1.085340091418687507e+02,2.229160477214435048e+02,3.811701509698177404e+01,5.721971301501835683e+01,1.142583111384635544e+02,7.858985443733280363e+01,1.239155758162958421e+02,4.759175228519150096e+02,2.400019319061400935e+01,8.074222931897408273e+01,4.253541031016818152e+01,1.712799933981859510e+02,1.979530000762585189e+02,4.316267943181423306e+01,4.114244635403537842e+01,2.955441740222573799e+02,1.478123914367199632e+02,7.649761384166859557e+01,4.205763692275227328e+01,4.254698659512345671e+01,2.238064608585561928e+02,1.419210357137623930e+02,9.713336203378155176e+00,7.020917687475063929e+01,1.598842886230785894e+02,9.751081261057677807e+01,1.970717151857746785e+02,8.461531117776695510e+01,4.249806457731259712e+01,1.261852429818135448e+02,3.289674929311335205e+01,3.000428249400575851e+02,1.857316622412820664e+02,6.373915287095823601e+01,1.590548427038438035e+02,2.855069911983823658e+02,1.557604009291633496e+01,2.328980866604258040e+02,1.034807729406110752e+02,2.141062977296957399e+02,1.062902153509617591e+02,1.210426571099617199e+01,2.293413717686771847e+01,7.328855493592446591e-01,1.256908206294175869e+02,7.601033497032057085e+01,2.071489583814096136e+02,7.127682861959227978e+01,1.671774350934776976e+02,3.775024035239478337e+01,1.547575805407797418e+02,9.178471213354440295e+01,1.493197903539229117e+02,1.899375780838475976e+02,1.177008772807440806e+01,1.719926057252582439e+02,1.248125823953796640e+02,2.996416456249730231e+01,2.770559286110296284e+02,2.526620477003579168e+01,7.531878333367019707e+01,1.689132478717493058e+01,4.224332044516481943e+01,2.933072286784668492e+01,1.477321111882071136e+01,1.799493779477062390e+02,1.616657905953095735e+02,8.021063522059147033e+01,3.961764193113048549e+01,1.735160739292999210e+02,5.119959633702401192e+01,1.850525585703570641e+02,1.855024437091512084e+02,7.762401115507749694e+00,1.549136903078704464e+01,1.493830347048804015e+02,1.078617378646430183e+02,9.991139999559177198e+00,8.882861192082388868e+01,8.125924232056524943e+01,4.018550693608468123e+02,2.854887849353317719e+01,9.793626198847705666e+01,1.411610134755514139e+02,2.763478148627846167e+02,2.262315848005387409e+01,2.212389018324734593e+02,6.462195419285728804e+01,1.913729499412392840e+02,3.822139405082621622e+00,9.195132164196861879e+01,1.966600189301489365e+01,1.663843532966879195e+02,2.655097874389232970e+02,9.136611067399110198e+01,1.326462557117636436e+02,5.768285020897550197e+01,1.736865802120128421e+01,7.046161974786853932e+01,3.153410185551415523e+01,1.062975771975256549e+02,1.277482658442529697e+02,1.154725825648935427e+02,2.928713150388488771e+02,2.999010013384378794e+02,6.364063729164066530e+01,9.735818769908188131e+01,8.688475221158038053e+00,6.021737774620206096e+01,1.193280031557208218e+02,2.993064763998965461e+01,2.024086449924743363e+02,3.249963254003002362e+02,9.659585800894787688e-01,2.220515092626098124e+02,9.565649819943524790e+01,1.088826782569750229e+01,2.261742591484052127e+02,2.981681935515331929e+02,8.461404495887551036e+01,1.590124299878148690e+02,1.616740342029510487e+02,1.582647725871560169e+02,5.095713534920812293e+01,8.531381339739026259e+01,1.408815812013090181e+02,1.217150304621415415e+02,2.725435710445494806e+02,3.261855209045348261e+02,2.169963692806129814e+02,3.641328968115115572e+01,1.457738216022889048e+02,6.603606554557215702e+01,1.123344727506382235e+01,4.585324145210194757e+01,8.824657557585055656e+01,9.127170569566986558e+01,4.243087107018399706e+01,1.139204475396772125e+02,1.904635213945485077e+02,6.815763215587332979e+01,9.739202184896784331e+01,8.466045027399742651e+01,1.526434265320327732e+01,2.117471307974726642e+02,8.433680700203103697e+01,6.942951690127985387e+01,8.625712862876588360e+01,2.459900600051476616e+01,4.142742592536405510e+01,3.355805890759083354e+01,1.780998326252693076e+01,4.643174538969218901e+01,7.030231281488943296e+01,9.195717859402176009e-01,7.056231997791435617e+01,1.048005542121192093e+02,4.115610405212088097e+01,6.657486116119342512e+01,1.881314295164355883e+02,4.825754094763950519e+01,1.336689288235925517e+02,4.396636886550037957e+02,1.000504037106883857e+02,2.645076593278637347e+02,3.333456227047958009e+01,1.991777013688172815e+02,5.178077284098460353e+00,1.804849424873500823e+02,8.045169064054409347e+00,1.540829711782693607e+02,1.824600596536356250e+02,2.093568074043341554e+00,1.662377973048996864e+02,5.635022361584517370e+01,1.586402570188422771e+02,9.367507893540617658e+01,2.060511822161718385e+02,4.050374947358482700e+02,2.150221314823187981e+02,8.385904131812382900e+01,1.010622751519805576e+02,1.279618891483643637e+02,3.977628720381562744e+01,9.489266413765625430e+01,1.307289948008404963e+02,3.480258849822372724e+01,1.764276506229997779e+02,2.239363775904575391e+02,4.646237547178223082e+01,1.505189421246826953e+01,4.058033499148744028e+01,4.717309182830391734e+01,2.314567072979428541e+00,1.227158693646988468e+02,2.801895464319972575e+02,1.505656150371955171e+01,1.815860661742918012e+02,1.357776892882297481e+01,2.276930480664674761e+01,1.605258597947215264e+02,7.243467862267517887e+01,4.203260962779219057e+01,1.005194990315314385e+02,3.250931076941540265e+00,4.103491799488748626e+01,3.141930531483637878e+01,4.522478619727979066e+01,9.011206563641120226e+01,8.970859921214889710e+01,3.769143445266979597e+02,2.130675600764425042e+02,1.952474518108206780e+02,2.466378376669233603e+02,1.320789506445487120e+02,3.065322916306496381e+01,9.272400424670094310e+01,2.619065511801665593e+02,1.105860644587652359e+02,5.974260520759288795e+01,5.316304410827647331e+01,8.361373973604442256e+01,1.333467390527329428e+02,2.617379249600922364e+01,9.899539834001215866e+01,2.486949155268835199e+01,7.295014941901983718e+01,2.481251725972029760e+02,4.552269629494694669e+01,1.146732960826295624e+02,5.867690990969256859e+01,6.610747435039557729e+01,7.452447880371911992e+01,1.882038131611974734e+02,1.857767073634959942e+01,2.405786843794569450e+02,3.863978812153914077e+01,1.813513337249611084e+02,8.772941374570790174e+01,1.454064336201298886e+02,4.221643159951403135e+01,2.296314360505712955e+02,1.107401720712071835e+01,6.293583187338740714e+01,9.400741789438315266e+01,1.054676565744425574e+02,5.441483711427550674e+01,4.425575560080036297e+01,1.868990670076672700e+02,5.099613367167861355e+01,3.259847510305880860e+02,9.768724956095149992e+01,2.600671050254146266e+01,1.097623060405429527e+02,4.355718356918679923e+00,1.077130954589189571e+02,9.927977998784500357e+01,2.135883797712202181e+02,1.755505057872369719e+02,2.474070641783132984e+01,1.669139374996126435e+02,5.927911676521269868e+01,5.032707553448244653e+01,1.892480236161511087e+01,1.075184826515011061e+01,4.061336287923943900e+01,4.684376973289580093e+01,2.862448141549838851e+02,1.935758935461155872e+01,9.218092895082706661e+01,6.750721522879318570e+01,2.941609659170151190e+02,6.495688873659167939e+01,6.373749312637100672e+01,1.368952187998362717e+02,1.044825614547293497e+02,2.343639524247697992e+01,1.900829772763412961e+02,2.539298572362023876e+01,7.666823610546897783e+01,1.496942613985159483e+02,2.713117344806860842e+01,3.435422290714277693e+01,1.190837299323783469e+02,5.848096990938449480e+00,2.104529703847646260e+02,3.158393542938125620e+02,1.334642432253145046e+02,2.086949180372398587e+02,7.711168452671169904e-01,7.557482571906453472e+01,6.349608674068147707e+01,8.477202051861348764e+01,2.159652667206388799e+01,3.982658239764122499e+01,7.933712117591304036e+01,3.314610991581332655e+01,4.495794493697346184e+01,1.116161142554327199e+02,2.143686811532259355e+02,1.225247340160502887e+02,2.123877737013042832e+01,2.094541522953509514e+02,1.932780845341374345e+02,9.851280998346636864e+01,4.777683773458107197e+01,5.010151866517062302e+01,3.019737171182188717e+01,2.055495873070680943e+02,2.352358919857636295e+02,1.070322534095004272e+02,5.694882363395680214e-01,5.760300442949912281e+01,2.654674614734113334e+02,1.171044136545216787e+02,1.604765782075493030e+00,1.787116091528892881e+01,6.978589368740712473e+01,1.079090814004302814e+02,4.174178038732449636e+01,7.156689761957480300e+01,9.324720634160981092e+01,1.892531590609025614e+02,1.596435113340615715e+02,1.556918044848749787e+02,3.520298219951320107e+02,1.167519527440906444e+02,1.220274791170775899e+02,2.080997262784610484e+02,3.845690667924786226e+02,5.232430965334047102e+01,4.938342664515619163e+01,1.515178071655175813e+02,8.068484527787289551e+01,6.359619709344655369e+00,8.165696242145088490e+01,1.098229636103512377e+02,2.873516696241420618e+02,7.431526557354544593e+01,2.439438880068689457e+02,1.033466352648310220e+02,7.279106152149905995e+01,4.229075375892056066e+00,1.391151748854350956e+02,3.434726594304021319e+02,1.431891919605712644e+02,2.588187686443664148e+01,1.417136748523526251e+02,7.912984577717929824e+01,1.049630899822585661e+02,1.117307285817513218e+01,2.480411885153859259e+02,3.846216984777385761e+01,1.851907320233914618e+02,2.933731916955523502e+02,1.006398517776429600e+02,1.558604314536882214e+02,1.265568366147954293e+02,1.287897922593567728e+02,4.987970696351060695e+01,5.345291096643897077e+01,1.185831926910660030e+02,2.907909496036172072e+02,3.619956558645332478e+01,6.232505629687067739e+01,1.485003852437969840e+02,1.038644525722997258e+01,1.099427426675031256e+02,8.547375323589113805e+01,1.208314620286451060e+02,4.969401707740049545e+01,7.404951369520223636e+01,1.766662406251122377e+02,1.753391607742558733e+01,5.929450614869664804e+01,1.808138514255724374e+02,1.639494723574950967e+02,1.864551120533425888e+02,1.146020888635798087e+02,9.728210258631894192e+01,2.616471245552835967e+01,1.905229692957708494e+02,1.095373032329393794e+02,2.021099421991997147e+01,1.409634055472059515e+02,3.018112221369869008e+00,3.279695820118910774e+02,1.030520280860014424e+02,1.216412868050274199e+01,1.091931051611014958e+01,3.404960588993400261e+00,3.499341540729717082e+01,1.595120443165805284e+02,1.857422205681911009e+02,1.246078720237155011e+02,5.103876313789388064e+01,2.241060531113012360e+02,3.026686195374100885e-01,4.305109087640958165e+01,5.394848932059758795e+01,1.378964448014954058e+01,1.237138497153969574e+01,1.927304477833524743e+02,7.641893383265933437e+01,3.250548069036592835e+01,2.841813230076674301e+01,1.352861921725530010e+02,7.546064654593617149e+01,1.894727818738725773e+02,2.179318729971467761e+01,2.688628554688272629e+02,8.067311845036523721e+01,2.216395297322690894e+01,1.928639924843372171e+02,7.568494662103825021e+01,1.177854523852529525e+02,2.321241499706799161e+00,2.413030189385443691e+02,1.390239111010158695e+02,3.653983063096634396e+02,2.660597582132130157e+01,5.316352311938232589e+01,6.015043039175014883e+01,1.193727672572964451e+02
6.270195886216211534e+01,2.729019731107945290e+01,1.003813823471478450e+01,1.199033459434851778e+01,7.699923422499394121e+01,1.280696658661287586e+02,8.925243499606176556e+01,4.890753542750630345e+01,8.411212991311787235e+00,6.889773445022706255e+01,3.149694780528470872e+01,2.539805179030776294e-01,6.434524704967168418e+01,5.165568055801961833e+01,9.563336602427023081e+01,9.032621442350243512e+01,6.723424677926124104e+01,7.767557887436355202e+01,6.361519817278774980e+01,5.422795921534674157e+00,8.396828231197365255e+01,1.604411545372364287e+02,8.753819903337144126e+01,7.529322176706088499e+01,2.897918613143886546e+00,1.922428613164220224e+01,8.019283156190245165e+01,2.470622423296596892e+01,3.940157729103767537e+01,1.924583255196435232e+02,4.977204354268153708e+01,1.069447815868632006e+02,1.766562381467484784e+02,9.104974761030221941e+01,6.068706504244826760e+01,1.036344542504817383e+02,6.121233466763577979e+01,8.343285736882423009e+01,1.100944101053609403e+00,2.556691750519579998e+01,1.480599967429604362e+02,1.291210901262425352e+02,3.996128493888723821e+00,5.836658548642716227e+01,1.407851439204739386e+01,1.726697459183597161e+01,6.943296139326547234e+01,7.443536508980912458e+01,3.431381366215266837e+01,1.795497076210042309e+01,3.990404844886541724e+01,3.466916926901160991e+02,2.068701644038737086e+01,3.146350909012568664e+01,4.095820769374492798e+00,4.100371555335890861e+01,2.153535233813482535e+02,2.322456938273532501e+02,1.871113554691194452e+02,6.900185856018465813e+01,4.288456415568028035e+00,8.731717383779108843e+01,7.036404958923582420e+00,1.910925635660120392e+01,2.076092586168023217e+02,8.864909952988796249e+01,5.220832334924591578e+01,1.033207175310874959e+01,1.033453468751833384e+02,2.806957707570816183e+02,6.644091420905631651e+01,9.778147060207592389e+00,1.106184421594328313e+02,2.817375122353486105e+01,5.280360591371438517e+01,2.361618123088095729e+02,3.198243704149043154e+01,3.106619183173728516e+02,1.153612409892796933e+02,7.222801916279179579e+01,6.709135430061893146e+01,4.350275436617038594e+01,5.417840066227031848e+00,1.051307466365926615e+02,1.808303807536830448e+02,5.739948105007891144e+01,1.528181934570050693e+00,4.306040506209491525e+01,5.855685810910691913e+01,8.841321991493401811e+01,6.806993499310748597e+00,3.741465011619568060e+01,4.518617238667133762e+01,8.317103347967480431e+01,1.570389690248608305e+00,8.772274461781610455e+01,6.411791355686193405e+00,4.242785200339070428e+01,7.543097543282480899e+01,1.790400709959673407e+02,9.950626905029906766e+00,2.165472739890582830e+02,1.017904047714242353e+02,9.645022824439217857e+01,6.881284790316682631e+01,1.428381771887922014e+02,9.606015612419069782e+01,4.296835742100654443e+01,6.877630468679910791e+01,9.631427933492106774e+01,2.968154582747882486e+01,8.396292701432761518e+00,5.165664304540473495e+01,9.254574958950526309e+01,1.337503500280942319e+02,3.860477923903984987e+01,3.655419100216572303e+01,4.037350550973357599e+01,6.721254103565415505e+01,1.166464335723982515e+02,2.004670677914542978e+02,5.860310159607946900e+01,2.374876608975668830e+02,1.736212187078277935e+01,1.766313843912107302e+02,5.693037851537084038e+01,3.560351304125667582e+01,8.854890589237328413e+01,5.221217290105436604e+01,9.153319291066272001e+01,1.074296930909418109e+02,1.204954666240158190e+02,6.255965735777373027e+01,6.231133449028587279e+01,6.076811253087335984e+01,1.914592908200555854e+01,8.124169975962075796e+01,1.696240132121454565e+02,2.021632157653460382e+01,2.605125078852737488e+02,2.751201903936925532e+02,4.807906649300119284e+01,2.083798405761052663e+02,2.464801191397196334e+01,2.165011128625537751e+01,2.606414815099390125e+01,5.855956298647192426e+01,9.367764571412052987e+01,1.061982996270743342e+02,1.282016019408650038e+02,5.854960364243338766e+00,1.014581368701718134e+02,1.711838372991516337e+02,1.562126900287919682e+02,5.089537600836646902e+01,1.795408975444073292e+02,1.199872623214341738e+00,5.917119346745843700e+01,2.726265522489102011e+01,1.001549546929025354e+02,4.315605826258582312e+01,2.422855956393770605e+00,4.063055371746287392e+01,1.688260118798579068e+00,4.609983801941655202e+01,4.808300957859508884e+01,9.849573762757643181e+01,5.668757659849930519e+01,2.572150650874900535e+01,1.669591402666442264e+02,2.779611773380083051e+01,1.679978689478988656e+02,3.329927672303619488e+02,1.157816582589735255e+01,1.943916206142855785e+01,3.469981397614984076e+01,1.097228304519293829e+01,9.260743738740487174e+00,2.519319334160536812e+02,9.325804078524015495e+01,7.350292976409930645e+01,2.189144739448337873e+01,1.130347312371462607e+02,1.697220501002499304e+02,1.360890670716690920e+01,2.155585318376316728e+00,2.273413595708896935e+02,2.465257215003023461e+01,1.983735958154890255e+01,1.669262610920288381e+01,1.156108149852725830e+02,2.372487102891451016e+01,2.126790051402883535e+02,4.078609318253881355e+01,3.094017414394760124e+01,8.929743644419578175e+01,1.267310141005083466e+02,5.883030598956943891e+01,5.879302293644894917e+01,3.073304585238460618e+01,1.828882459853653870e+02,5.314308664847310126e+00,2.685851777039171751e+01,1.513737036155838034e+01,3.239833444207710755e+01,2.079798271419392393e+02,2.091670860419027989e+01,6.606873126046068023e+01,1.314442930295825640e+01,4.931997743826147484e+01,1.955764556548936355e+02,1.011335580852380076e+02,1.479398275104337586e+02,7.427925019614596636e+01,2.856626455444480825e+02,1.192786656464986663e+02,7.182000793917158887e+01,1.002497409553831034e+02,6.560466081742531230e+01,4.725939051453621431e+01,5.897190996451019407e-01,3.324550954242965162e+01,4.612027479187084822e+01,5.063489970276204843e+00,9.364855345842036272e+00,1.276559400593595086e+02,7.477603423723620324e+01,1.848979673304065541e+00,1.090116798928872441e+02,1.373372520888116810e+02,1.097892050160880295e+01,1.219094585220255453e+02,6.910767661629782310e+01,8.049246471915040502e+01,5.786751133509626044e+01,6.213120219181936932e+01,7.751628683887724947e+01,1.432273844563014364e+01,4.128964379675345953e+01,2.459478503248038237e+02,9.382497753644572924e+01,2.247660744215106021e+01,1.772143923599665527e+02,2.644647808271254164e+01,2.305461556387724613e+02,1.536278784792187935e+02,4.537158780544527303e+01,9.180909163956421537e+00,1.719395042334449215e+02,2.564907025211962264e+02,1.778453119608819861e+02,1.244082620569555608e+01,1.588886257465118490e+01,5.561072979439450847e+01,3.641989166847604764e+00,1.948525597590264979e+01,1.473966040372871760e+02,3.938518768189150876e+01,5.571879219362143942e+01,5.199109703430141849e+01,8.347610192741459656e+00,6.375218748485607279e+01,1.226947645920804888e+02,2.065737964157125077e+02,1.584727263922628708e+02,2.895303425578902523e+00,9.384665278187183901e+01,1.717763495810888514e+02,3.245532045783403419e+01,9.071728697808724462e+01,1.269602438314842914e+02,2.805507752197216575e+01,2.598768376614205167e+01,6.947310385272339772e+01,1.499064798180817775e+02,6.760177932986336202e+01,1.085385409125751188e+01,2.829668275875082628e+01,4.886008987005347137e+01,8.319331545750044654e+01,6.772046274601152049e+01,6.220453715029420749e+01,3.595943786699337608e+01,1.329880351403176597e+01,1.707898449202129498e+01,1.519582262875173058e+02,5.167903299228591862e+01,7.657288799266427359e-01,8.993477047843002481e+01,7.851792217940088392e+01,9.203747303992292927e+01,1.798660085123540000e+02,1.835794083130427907e+02,6.044258198728904574e+01,8.751450477258869398e+01,1.578812423896193877e+02,2.911880334632964562e+01,8.583531361819066063e+00,2.534546347918669085e+01,3.606764628343648749e+00,3.084987812885536940e+01,1.940898508881702185e+02,5.501183102321863316e+01,1.230861246650325995e+02,3.718104366905740790e+02,6.489965183022826656e-01,4.534034559862666214e+01,1.036465291963411239e+01,2.564218628779930853e+01,2.186656029981030613e+01,8.369106304000187890e+01,1.556640291799517968e+02,3.661950832751185825e+00,5.174363073115674005e+00,7.280654431708083685e+00,2.111736276244465387e+02,4.391154157593456731e+00,1.575340832368810773e+01,2.805227825037462352e+01,3.160826257503442207e+02,1.392739823421416929e+02,2.332556980361124488e+02,8.423380744800478936e+00,3.631178828944002124e+00,2.498163983905860519e+01,1.599362704573470850e+01,2.076160755899458721e+01,8.863282239336031409e+01,3.049202095085381004e+01,2.168383717521675464e+02,8.975351887647461524e+01,8.815675946880622860e+01,7.901618333637941305e+00,1.055187600179583427e+02,2.088683037702872980e+01,1.212074545929103095e+02,4.909992924403294978e+01,9.678689717275831583e+01,6.780289159314678216e+01,2.749530628096139129e+00,2.583951406930531789e+02,2.866268182632598638e+01,7.882616146059648088e+01,9.594408316036754059e+01,9.408611155296620510e+00,1.141825049647193850e+02,2.472127504025084193e+02,9.518506528164238034e+01,1.085666303192674462e+02,1.518477029055193555e+02,3.340182035369156779e+02,4.065535592843528434e+01,3.982309780856385206e+00,1.287048936460481663e+01,8.019550686917325777e+01,2.016865448721989296e+01,2.656481271480943107e+01,2.042896809121634476e+02,1.467801832284642956e+02,9.482678752474809869e+01,2.968094097562378764e+01,2.000430827742462725e+01,2.473778026550086224e+02,5.441718781846859088e+01,1.074860566497216610e+02,1.981561454980349879e+01,1.992722835295634525e+02,7.226221881098042843e+01,1.766005147424664017e+02,1.397362368098162904e+02,4.132945289824943558e+01,1.016071874149569076e+01,1.300384419469055963e+01,5.279512088773459055e+01,6.703837256151443569e+01,1.869314975448869802e+02,6.410531899100399755e+01,5.288586131522421141e+01,3.326732569211795010e+01,8.299992546718972619e+01,1.776520332841996286e+00,4.621275705458607774e+01,5.559635121953810710e+01,3.642252084721104666e+01,4.559790440817993158e+02,1.543889913827082410e+02,5.931645551260334059e+01,3.255735597282657778e+01,7.181821296910689512e+01,6.773706376218784442e+01,2.450182235067577707e+00,1.271705756338477045e+02,5.537626543249031386e+01,1.433425825521466095e+02,4.453182371817545260e+01,4.204615015030557856e+01,2.395774239146721811e+02,4.843455382093566897e+01,2.188891799689681150e+01,2.820114287560750199e+01,1.262121118942520894e+02,7.563514229631570629e+01,1.559180153797889830e+02,1.559998592946239171e+01,4.655153137914744832e+01,1.668596171637136649e+02,1.327831668636946176e+02,2.122268723235804373e+02,4.226915878644872038e+01,1.434897298446324783e+02,2.463714568824588369e+01,2.149337760674097453e+01,7.654300928812452831e+00,2.068742628450402492e+02,1.697552665418428219e+01,9.976133828691301630e+01,5.638752721705338899e+01,1.413756650705317668e+02,8.579832044714309802e+01,4.962233268018974286e+01,3.315116108274920492e+01,2.984746374443544426e+01,1.558505107508557046e+02,1.502563490033853952e+02,1.227128960646784321e+02,1.981126467680380809e+00,7.991932273871100278e+01,1.128906282378574701e+02,2.546355340958092839e+01,3.771028892830897661e+01,7.080713964876726996e-01,6.184446830236061032e+01,2.479947724934226585e+02,1.296416099964400530e+02,4.449963791014575776e+01,6.407145098023016772e+01,5.281175318629579607e+01,7.851168584558600116e+00,3.340891085637150582e+01,1.574526390438025487e+02,9.594739558402295643e+01,3.993716319319712227e+01,3.322792589598058299e+01,5.187197726730160952e+01,1.424291042798208906e+01,3.110387630226692579e+01,9.715279616924918571e+01,2.585021512961515668e+02,1.872722727984217101e+02,1.558736729021661604e+00,4.165407104168732388e+00,8.045652949633335993e+01,2.050091006304409404e+02,2.030210602600377001e+01,9.756882596233310778e+01,1.585890116041044173e+01,1.720779139136163849e+02,1.171446441594433630e+01,4.719831721573884664e+01,6.511851558795221706e+01,2.181592995215018504e+02,2.023523060129068369e+02,6.695799604102889191e+01,1.810484407040521830e+02,2.944507736728364478e+01,4.862840397588436048e+01,1.550079990474307294e+02,5.544794617881613163e+01,1.089488328852607140e+02,4.710411572094067623e+01,1.078841639306045863e+02,4.018789960125044303e+00,2.324981576479022394e+01,4.067657460149079185e+01,1.195903837189930918e+01,1.750072168801512973e+01,6.858108387944027129e+01,2.849430343070546314e+02,1.825358379592577762e+01,1.378497321397205440e+02,1.521173187239959645e+01,5.007295442418796227e+01,1.648869625444762903e+02,3.965550616684281948e+01,1.900709072383848763e+01,6.432583879922880499e+01,1.223461886993554657e+02,5.867783531033225586e+01,1.939692185143005432e+01,3.734798812524198208e-01,1.767481552215269858e+02,3.590998724815931809e+01,6.731138811461365279e+00,3.748087931982030341e+02,7.310479811115541793e+01,1.600417201158132059e+02,6.285533974257503331e+01,3.618649209692314628e+01,7.138213876236850552e+00,1.344610678494683782e+02,1.886317091008855940e+01,2.261897001001557772e+00,3.253671185074316696e+01,1.048769414618968021e+01,1.503657280568349019e+00,1.158549860642636418e+02,1.189774057647598084e+02,2.213687414497020427e+02,1.383344970635738775e+02,1.610391825005013118e+02,1.026107607835540136e+02,2.591118544810246505e+01,1.306146541542315909e+00,7.380067392696632567e+01,6.174309881699798552e+01,2.392713119288740700e+02,8.242202127421124658e+01,8.104317664213249373e+01,1.834318151334309448e+02,2.227039054511591587e+01,1.026625669902783926e+02,5.789842033786590747e+01,5.303670681557637323e+00,1.250187708579107806e+02,2.074772268191429347e+00,5.383680627808494989e+01,9.530697759374035627e+01,2.779659905199402559e+01,1.261729325503078769e+02,7.689357399540969418e+00,7.767276796313082343e+01,1.026193649544712088e+02,5.977917366498793683e+01,2.253775582613436939e+02,7.355231306674420466e+01,8.481169947839684653e+01,8.672274004949075277e+01,2.875150057534334280e+00,9.098581891231843244e+00,8.799477701159190701e+01,5.693037008811187150e+01,2.600092809726601786e+02,1.881255507123939097e+01,2.525523401076632126e+02,8.818239651140576996e+01,6.367922777974620629e+01,1.611491954676353444e+01,1.594926830488151381e+01,1.685592191590246003e+01,1.377637699038928361e+02,1.166726850422148374e+02,5.998912457818904187e+01,1.471471246929245353e+02,7.261432622747045684e+01,6.161120179499587834e+01,1.700212373806130017e+02,5.883238491334746634e+00,5.583360353105014662e-01,1.613538212773162002e+02,1.366071150990855472e+02,2.647513989646121857e+01,4.100751363828794638e+01,1.631444233569240794e+02,3.082926493266824508e+01,1.498151056368524507e+02,1.796777473050994161e+02,2.676492847976408385e+01,1.108621031517907625e+02,3.475680075451825957e+01,1.582982100758497097e+02,8.448680996837548207e+01,5.069022325426059439e+01,1.327478381086393995e+02,6.661176976184028042e+00,6.697277062841232009e+01,1.560326057586909165e+01,4.029573079170560845e+00,1.370945270880501425e+02,6.530308003865245325e+01,3.423686470476528143e+01,1.289913803856543666e+02,4.325544609338165714e+01,3.077639268687306071e+02,1.594764481264267317e+02,1.395165950860611588e+02,2.025812245716379039e+02,2.246911901979053141e+02,1.885819110034634605e+02,3.551689380314088140e+01,2.472461308362528953e+01,2.663949148374072138e+02,5.034369748319830506e+01,1.295410842710975601e+02,6.044478792735452544e+01,1.905000277003870224e+02,4.687977179880237344e+01,3.134493219199052874e+02,9.692380253165600834e+01,2.321986957728902325e+02,1.597682525460399745e+02,6.168342143262486132e+01,4.285732245831236042e+01,4.363838370008677003e+01,2.003668133671691294e+02,1.785136925691431031e+01,2.433448358916555776e+01,5.291733394299956217e+01,2.383582248382989732e+01,4.877692605056311237e+01,1.272187190391453413e+02,4.761705747928499477e+01,1.731049765821169117e+01,1.600878764311169959e+02,7.326717683692196204e+01,9.832124523999392807e+01,4.257534799150676008e+01,2.352882647901725193e+02,1.167261729664214585e+02,1.481363221917375306e+01,6.763229217026429296e+01,9.940260154186363195e+01,4.766720970603508079e+01,4.434420639368241268e+01,4.856640779241533323e+01,1.758787678166861781e+02,1.777021452199262086e+01,7.313887459957962278e+01,6.018600922381003926e+01,2.598104573340044112e+02,4.233680414738560671e+01,7.558036059552000552e+01,2.806772744122153185e+01,8.802733716077495885e+00,1.165422022366464887e+02,4.856682935121106937e+01,1.644416923151527854e+01,9.834043530811385381e+01,5.980646152555127060e+01,8.514110740246530895e+01,2.763338184958772459e+01,1.093298672089599819e+02,1.353291298311627600e+02,6.079966754239461579e+01,7.814514376593761824e+01,8.839230206818848501e+01,1.434667644141439951e+02,9.584747716342120327e+01,3.154356526059342158e+01,1.336519437833086421e+01,3.420433229433730844e+02,1.811802505246686508e+02,2.385119301179781814e+02,1.616914780527026494e+02,1.159980776739258701e+01,6.160234203412871068e+01,3.214396297255002821e+01,1.363002257484572795e+02,7.517749495024440876e+01,5.988565412750630657e+01,1.888714939927069381e+01,7.484110365373980756e+01,2.676753486987689712e+01,7.692471714655623316e+01,9.365624558338311090e+01,1.624049947430341660e+02,8.903454131360210511e+01,3.743249462627947222e-01,8.651852559246179908e+01,5.152578022434383342e+01,2.662201471159247603e+02,7.371187238996482449e+01,4.678254558522920803e+01,7.324451470491743521e+01,1.566368517283784234e+00,5.621829160483403420e+00,5.899310418595131722e+00,2.753215998270652562e+02,7.001407501879370443e+01,1.171524248069257936e+02,4.857979434805370289e+01,3.437196632390988604e+00,4.388248116087708439e+01,2.630993004179453010e+02,2.487487084248090525e+02,6.031312032002888657e+01,6.876774502198992423e+01,5.619993335504240406e+01,1.432793585940002146e+01,4.227391283370990749e+01,2.053482413447166834e+02,1.086100989852994871e+02,1.248800123860167020e+02,1.429057564202122421e+02,7.533286826190872887e+01,1.435442368183474287e+02,8.708141765859680561e+01,1.016942123956660140e+02,1.351359098227220841e+02,3.533326158953667573e+01,1.452334902899945668e+01,2.339164027752126529e+01,1.915731453601697183e+02,7.559959833802244589e+01,2.225161236803523934e+02,6.433943164589834396e+01,2.320951575490170455e+02,1.596845709923279166e+01,1.062958018671180405e+01,1.325670832931382677e+02,4.008166355849233042e+01,2.297966332885263228e+02,5.154821866420843435e+01,1.043359729419824902e+02,9.420592638317502576e+01,2.849301047726087290e+02,4.843774968480140330e+01,3.142873024234894785e+01,4.912995682129585617e+01,5.403108060241478938e+01,2.846240996274059043e+01,2.040618823235223900e+01,2.312469661498386486e+01,8.524265342621182739e+00,8.896528660403792799e+01,5.480736916522906910e+01,1.876508769169052826e+01,8.534050732693643226e+00,2.475957159102973719e+02,6.016555157503533735e+01,7.863881837337389413e+01,2.684640974865047838e+02,2.501037280944811059e+01,1.876089191434102759e+02,1.555936380436111754e+01,9.183719433878464145e+01,7.447195295680815263e+01,9.169849253531889133e+01,1.788298495204234371e+02,2.171053405350115284e+01,6.325968627310565040e+01,1.161176456931490151e+02,1.879937325734216813e+01,3.022458426144094901e+01,4.998772953071303249e+01,1.696099605120979561e+02,9.609670883650744599e+01,2.488570120128749952e-01,1.469775699642568441e+02,3.410705933625359165e+01,1.919901429617858568e+01,3.070333380762971132e+01,5.533919123908888338e+01,4.844617041303613547e+01,3.587053312470383304e+01,1.071708196776651789e+02,2.778930876535078909e+01,3.435204789717230938e+02,1.179927977214894952e+02,6.390249374044270780e+01,4.276281791799384990e+01,7.337614653017677568e+00,6.342164367224194166e+01,3.854132841075983151e+01,1.074769201178557410e+02,1.158782086156951010e+02,5.194956254390461226e+01,6.101074151446730554e+01,1.365093282265887638e+02,2.072845869624302395e+02,8.674956610441724081e+01,3.912216627154943183e+01,8.469971401299117986e+01,6.448872681451094024e+01,8.267714341618821905e+00,2.387057717487144259e+02,8.211746820440414751e+01,2.234701912499054899e+01,1.453537268895067598e+02,3.695724561771682914e+01,1.149348393146780865e+02,1.490555045934422367e+02,2.234908728021114399e+01,2.482357051094947664e+01,1.251153351047519209e+02,7.953670416867457504e+01,1.530835301241893660e+02,1.645204413916191655e+01,5.517095127569815816e+01,1.320045462564338656e+01,1.365192381202114014e+01,9.411977131810738229e+01,1.580699929988108750e+02,7.320726057723140912e+01,7.790770094534907741e+01,9.910155167556995082e+01,7.118359603207585451e+01,1.886689820764445074e+02,1.804952985842588475e+01,3.782618416033447772e+01,1.011009824139091506e+02,1.374347628353143307e+02,1.401664168669904882e+02,2.696000176489725675e+00,4.435049842673066678e+01,2.977656034827101053e+02,1.512010307194163090e+02,3.943346679795020293e+01,3.203182621365307181e+00,1.395596063413896388e+02,7.616768687735780929e+01,1.124414787053203213e+02,2.059817818433288323e+02,3.536411466624875999e+01,3.683485702974732590e+01,2.363474711615607848e+00,8.135201410286776991e+01,3.435665915535761883e+01,5.435763696777222265e+01,3.551825244186524344e+00,2.026419810621717588e+01,1.407205399426466386e+02,6.907848132922923412e+01,2.452853785714315293e+01,6.042935451350552434e+00,2.583434380209396295e+02,7.202727801494006599e-01,4.201571986940678585e+02,5.124875605358254660e+01,1.906832342315437074e+02,3.598704520327500944e+01,7.034928411318136732e+00,8.188177377541993707e+00,4.456851332241902952e+01,2.740972084000667763e+01,9.365197429298179088e+01,2.574486624293979844e+02,7.748067325414256246e+00,7.045554403997195436e+01,8.676329539069924124e+01,1.603986727153779412e+01,1.159940709562326191e+02,1.823471289517004834e+02,5.516551359103581120e+01,1.656710081047652636e+02,1.522041254134078088e+02,4.419906664306029143e+01,1.028423274920743467e+02,4.344536203589325396e+01,8.664744255068328016e+01,4.770789121026633239e+01,6.637628951636415309e+01,8.558790798744809081e+01,1.136336258273219499e+02,2.916371147255418705e+01,5.888262037560184581e+01,2.442837193535848073e+01,3.925444584916459867e+00,1.864767868125263073e+00,1.405319580684601704e+02,3.107684529823303876e+01,4.559116903068075288e+01,5.804111493013187584e+01,1.151472277013915999e+02,1.517216223791715208e+02,2.948129193354369093e+01,1.666800662201570660e+01,3.769107727790178330e+01,9.300245947533041146e+01,8.258374680579157712e+01,1.830412524974426276e+02,6.208043643368852571e+01,1.932807793686464848e+01,2.086885827073490418e+02,9.247943646112328508e+01,3.489879998303858599e+01,1.970360158116865179e+01,1.152040062656982258e+02,6.550355667175068675e+01,1.679153253397300603e+02,1.295501851639315971e+00,6.665396392319379970e+01,1.212290791031520030e+02,1.489239471763965916e+01,1.016662332037070549e+01,1.764327001131123325e+02,3.385619675488949838e+02,7.126776554652765583e+01,1.176882060359226188e+02,8.769518350532190709e+01,1.825478649755235594e+01,6.880592468299232678e+01,6.001269973519725198e+01,1.597125725699085024e+02,6.443335192690290114e+01,1.712491615994043457e+02,5.521594666854554134e+01,2.059073653905690264e+02,2.121309484455775589e+02,4.913344862205362773e+01,1.786269197183267750e+02,6.621703168337523948e+01,1.000270114838524620e+02,2.140134058875482381e+01,3.935018480920409445e+01,1.123372711861138242e+02,2.639682967569783401e+01,7.842344512237799847e+01,1.652243484380602467e+02,3.000643268982276979e+01,5.719422140796033460e+01,5.027028627800589788e+01,8.224194218959951286e+01,2.708758379192780197e+01,1.536020586418018041e+01,2.106616184871597568e+02,2.248799570998184905e+01,8.049759413852348189e+01,1.009498120332335276e+02,2.561509416886957169e+01,2.890658818709884770e+01,2.315094674986965799e+02,1.728000780865931745e+02,6.300737025099273581e+00,1.941016650203704064e+00,7.788733528970324471e+01,8.691344202219886128e+00,1.385743305069410951e+02,6.310523398859747557e-01,1.530966155531116044e+02,2.310293109706486803e+01,1.928547912674485190e+02,8.910191226629336825e+01,1.807845730342041008e+02,2.092447979541443885e+02,7.255261226112160955e+00,3.349112805781469149e+01,1.090483138371020431e+02,2.527038599342442922e+02,9.669802287467153690e+01,7.695084860852928443e+01,1.576434800819155555e+02,4.863393551445292218e+01,1.792551737726242678e+01,2.994148130803469599e+01,6.187733795809428727e+01,2.122879207584947281e+01,3.730016010641088542e+02,4.879860475602825431e+01,5.418140320349307260e+00,5.391155366781206659e+00,2.188630960641966965e+02,2.131058791926217282e+02,5.995137757287520230e+01,1.483785716656100817e+02,6.074193183808007035e+01,8.673306579054197130e+01,6.395659098703043810e+01,4.854682359114133305e+01,3.074733430931687650e+01,5.131279187330157043e+01,3.627486791587090664e+01,1.866255715076039579e+01,5.732850262310699208e+01,4.931850055464067850e+01,8.282848807981972428e+00,1.435021817241192537e+02,1.156398336294532356e+02,1.389723724084920775e+02,2.068403464531834572e+02,5.841785292827673715e+01,1.393281176164669262e+02,1.663513956087258521e+02,7.238379446770796477e+00,6.317218761344143729e+01,3.938263744646877740e+01,6.446509311123789132e+01,6.343190460489530835e+01,6.504659303774538159e+01,1.099253027605386990e+02,5.791101624999875952e+01,1.196641820093438326e+02,3.685952151552970690e+01,6.997660808050154913e+01,2.512256378084126140e+01,1.334097039613787672e+02,6.644563483088173683e+00,4.485624346621720093e+01,6.638635102630642848e+01,7.188878648614993949e+01,7.360195115475322325e+01,2.178529125041876924e+01,4.032224729738410218e+01,3.181790772365008735e+01,1.250756946007309978e+02,2.597226128922897601e+02,3.673303001630171138e+01,2.546253325166003663e+02,9.064758947854001292e+01,2.518890906939295071e+00,1.036319063160487417e+02
2.549967182574195022e+02,7.313791336491259187e+01,1.275252252838239997e+01,1.009082651037550562e+02,5.826927167256946660e+01,2.283676934683379045e+02,9.980525726451659807e+01,3.268698783337456604e+01,2.885891972119557067e+02,9.321163521353837211e+01,2.973008151475212344e+02,1.916107775484178148e+02,5.489090690625885394e+00,8.948307487394733073e+01,1.070724638175707213e+02,1.333086187244639120e+02,1.467937961984472679e+02,1.104953700449672596e+02,2.203327088940798149e+02,1.684266923021374112e+02,1.437928774802922476e+02,3.063804714755991654e+01,1.339252745308057229e+02,6.850302089477837342e+01,2.129826446968045559e+02,8.126116436843178192e+00,3.735957746099425236e+01,1.708559546477276001e+02,1.684271752144624372e+02,1.720258806240676108e+02,2.100148181952883419e+02,1.240981616338201690e+02,2.502692019083591219e+02,3.819154762057812746e+01,2.695348432433638663e+02,6.165606270930943111e+01,2.695446796649886423e+01,2.579773615364498340e+01,6.944916098152121720e+01,1.193943398156813487e+02,9.398301669684046544e+01,1.851044641769604127e+01,1.970980162280818888e+02,3.976594464533103235e+01,1.234564378871174428e+00,1.421406173319968218e+02,7.829861325182573495e+00,7.207004981799968846e+01,1.061959729204854028e+02,2.666734748103710473e+01,2.112360637603373448e+02,8.603034418756394075e+01,9.590864177344371910e+00,1.250506768169751659e+01,1.882816753695767602e+02,2.304324559497498015e+01,4.019258858260527489e+01,1.598112838250439722e+02,1.576850288969032761e+02,3.568054611503947058e+02,2.188887114561586600e+02,1.690657359489680545e+01,4.041552184838729289e+01,2.759935780316354226e+02,6.854416805828616788e+00,2.488492304962928969e+01,2.022025880381519514e+01,6.756561585862810659e+01,7.031968436251908372e+01,2.345581053731288534e+02,4.163017733805757103e+01,3.871484802262731932e+02,1.357545431297153300e+02,8.922380190726883598e+01,9.909928415049728301e+01,2.527742002189427524e+02,5.970607747782765529e+01,1.506888328841318980e+01,1.335462557391936684e+02,1.777057317767944085e+02,9.045523412972835331e+01,8.386297539508106524e+01,1.524809402335827428e+02,1.786886017237812609e+02,1.504633067052101865e+02,3.961917134713218758e+01,4.788748413096951317e+00,1.771139673734325903e+00,1.051804530810496914e+02,1.294749508425041995e+02,2.894529017770226460e+02,8.448065562400218198e+01,2.580538351950735318e+02,2.210981851236533302e+01,1.096695260059503312e+02,9.768811950078297457e+01,1.776048957127603671e+02,1.189408402002878375e+02,9.553379496789032999e+01,1.986592504629619782e+01,5.037065069277696949e+01,3.482160463055787147e+01,2.959700366937891047e+01,1.490532983694253346e+02,9.551153077429727034e+01,3.340258447368839967e+01,9.724418668190196513e+01,7.916544604407802410e+01,5.295495327135043340e+01,1.180531004192066149e+02,3.101221378546986216e+02,6.162954775046458877e+01,8.890390981213359112e+01,6.524988126936150934e+01,7.369311706662222150e+01,4.360560157694067840e+01,2.816730387224230867e+02,1.303066860829130462e+02,6.738755511549355504e+01,2.193019915594146880e+02,2.305498837624653845e+02,2.341985789519930279e+02,1.849383064976105686e+02,7.045545595666213501e+01,3.432484400935711051e+02,1.991196939748342345e+02,3.951308340519805711e+02,2.086930255316826432e+01,3.677378543068668364e+02,1.545344423493537818e+02,9.903763194542733572e+01,1.291308895294838806e+02,1.548096740555822066e+02,2.607717517249994543e+01,6.755285005536107690e+01,1.080374934750608276e+02,4.183941452347334433e+01,2.670265599167311521e+01,3.263677603398292035e+02,1.032980596734361711e+02,3.303492339231775876e+00,1.609418647273195404e+02,7.145657108341828234e+01,2.665829307494308296e+02,1.855338039498393812e+02,1.158561506504988046e+02,2.560941996485933601e+02,1.968274908849957967e+02,4.023514097197985251e+00,2.745915400807161291e+02,2.741569706625244294e+02,1.528789155484468836e+02,2.085015911041296306e+02,2.122210864718780670e+02,4.476275741629675053e+01,2.450879820784450658e+02,4.147739936019704743e+01,1.999846701532767668e+00,2.516910456638362064e+02,6.982345230408890657e+00,8.094148521011481989e+01,1.100225200806809625e+02,1.161196675488017149e+02,8.360588386877481071e+01,1.424978635949551808e+01,5.513064788910514835e+01,1.506712374071293254e+02,5.108850275814383934e+01,1.034904928806263200e+02,1.361579665161153514e+02,2.232237676496351071e+02,8.099132910201041113e+01,1.173772899797420308e+02,7.225842379163891849e+01,4.130686918345653424e+01,1.350505136832043434e+02,3.443212675294689262e+01,2.909559831980211584e+02,1.553289802015305270e+02,4.067155364429381592e+01,5.182179171886425451e+01,4.523646742418716826e+01,1.389329467120126367e+02,1.407542530674346608e+02,2.059993334319921416e+02,3.483595220173708640e+01,1.168812665408780163e+02,9.483949632798068308e+01,1.261347130436080022e+02,2.622307134225690675e+02,3.297554221595135004e+02,4.453415357797808127e+01,1.934196451992181665e+02,3.809781048499467460e+01,8.512562024118523141e+01,1.078497034547181812e+02,1.219379916474428995e+02,2.198152531128968690e+01,6.214592556209701257e+01,2.877773822605388432e+02,1.001197313299688574e+02,1.321734497184438055e+02,2.184343839951946791e+02,1.049766840641581354e+02,2.342546792161336953e+02,3.348451615710218476e+01,1.341048268224943456e+02,2.960601673916660559e+01,2.836414327883130113e+02,6.649341987574680957e+01,1.354922367971660719e+02,2.021626126143111080e+01,1.563744999759625216e+02,2.349959640000216154e+02,4.431537560234198025e+01,8.330719429716067381e+00,9.764610469012546901e+01,6.566474508107673103e+01,7.728582576316219388e+01,1.398599547593557020e+02,4.877707591080301341e+01,8.776600449716680075e+00,3.084525472030377102e+01,1.228670605402017486e+02,8.516583296384790458e+01,1.297694430130870273e+02,8.345554893377126859e+01,7.083598532314510976e+01,3.531396491309819652e+01,1.190057012393478288e+02,3.161564032621051297e+02,6.490650532689117824e+01,1.217319497049293062e+02,7.519474736404079351e+01,2.424380844503218313e+01,1.421060094356328563e+01,4.412507675717966436e+02,7.850736626073664581e+01,7.928742140032127850e+01,1.598545628554587665e+02,3.534655511869497957e+01,1.935708791484074709e+02,2.145776159697567493e+02,2.210584043955804816e+02,2.140296404863605062e+02,1.240541469544546516e+01,1.025756898777726320e+02,1.719757065464692687e+02,1.644962474808603474e+02,8.820058427795301270e+01,2.190512941327401109e+02,3.705180294219000814e+01,2.207698947391357081e+01,1.027106394769489270e+02,9.974911299109164986e+01,1.153072237910275533e+02,2.708165401015202178e+01,1.894019970574959473e+02,1.047292321543254303e+02,1.209435770923169606e+01,8.102882119001941419e+01,3.723814802816395400e+02,4.187583132986006262e+01,3.540693134148466470e+02,3.072172443827968777e+02,9.895437475714631148e+01,2.060641819202282079e+02,9.793223912367029982e+01,4.352630804074664184e+01,2.464298509392330061e+01,2.169760320859276703e+02,3.010760698355512091e+02,5.991684168798528276e+01,3.173104735461768087e+02,8.341723797119927042e+01,1.474283025444777877e+02,1.702135737951142289e+02,3.980957002920592913e+02,5.620542693608717855e+01,1.106219421458357317e+02,1.465521991197427383e+02,6.497229783246596924e+01,3.668123689936216891e+01,2.536676368323412305e+02,1.629271234468775447e+02,3.143550203780666266e+02,2.353013052593962584e+02,2.822586666325594820e+02,4.912612784550446143e+00,3.772050503506110175e+01,4.122175540681660664e+02,3.353798574162099300e+01,7.641287300851315933e+01,6.885756472805796591e+01,3.149764035081887315e+01,3.104599419450818800e+02,3.962293191578005036e+01,1.575216626096862456e+02,6.081916525726229139e+01,2.471420121879501437e+02,3.793292684822502565e+02,2.736323396175484959e+02,1.486347879196403028e+02,1.743917626296531465e+00,2.235363703344473265e+02,1.835090881596818235e+01,3.073885128509563103e+01,7.102606347838451484e+01,1.247764521927837791e+02,5.706336629399444860e+01,1.504708981001796246e+02,8.926143182254676844e+01,5.888877994126865900e+01,3.638614727257427006e+01,3.993357081916500562e+01,7.334525890035274642e+01,1.319795907280574738e+02,5.521717552445743848e+01,4.672448428952245791e+01,1.842204560936698670e+02,7.609730736440841525e+00,2.303871922997813897e+02,2.690324084132191160e+02,8.976941238307900051e+01,9.814907440284120810e+01,8.529720260935140175e+01,3.434716992360199015e+02,2.976734300520741385e+02,7.315158601479353706e+01,2.929192469673551713e+01,1.100817755925542087e+02,1.543134213735513072e+00,2.263477883251829041e+02,1.865755007765548328e+02,4.334262034422226861e+01,2.675081655279183792e+02,4.070147519748022660e+02,1.710392415630173275e+02,3.092091842252724021e+01,1.164209077604015192e+02,1.491396987555928320e+02,4.989323662250630953e-01,1.267507890266763582e+01,1.657013528941831737e+02,2.431943795423864003e+02,4.869931153351132025e+01,5.917049499284886771e+00,5.671414073053145444e+01,1.982749729546335686e+02,1.802139984398911849e+02,2.106089089236137397e+02,1.470436174433021392e+02,1.162073179694279048e+02,1.157406310188855514e+02,2.999279038889280855e+02,4.258901564145424601e+01,8.272329682957406760e+01,1.326964120626098520e+02,1.208914511207522793e+02,1.831072819304242500e+02,1.319396493975236524e+02,2.147063355665872280e+02,3.698852432178973260e+01,2.825614437917277399e+01,5.348159359949109160e+01,9.142125274724309136e+00,1.590049122688280931e+02,2.198644000129078790e+02,6.178264090825244637e+01,1.904378465313587014e+02,8.960173993545497240e+01,5.284288812891102793e+01,4.384437908016728613e+01,1.163060444229547983e+02,1.213524643009105830e+01,6.816508691714039969e+01,5.338756781112072076e+02,2.340187042982517767e+02,2.746410197830364552e+01,3.381135252305443260e+02,2.700492314574558463e+02,1.503609646179509411e+02,5.000961441298062482e+01,9.381081946742019895e+00,2.646316170674582224e+01,1.893352572569499443e+02,6.719120485243296059e+01,5.317097437123258175e+01,1.307914733349900587e+02,8.744722356437378608e+01,4.246708101955426429e+01,2.554908069722152959e+02,1.369143074945949934e+02,2.542236250895623755e+02,9.941553217201688142e+01,1.809064749894525050e+02,2.547412595081669622e+02,1.759124242533073641e+02,1.614913227269898073e+02,1.616112997885232687e+02,1.090546341366322167e+02,1.027595173078503450e+02,2.207744378882386016e+01,3.103748798466432959e+02,3.746241050075787484e+02,7.335493434198758678e+01,1.785613451638310778e+01,1.077508081528947628e+02,2.951282496047437576e+01,3.060864588711433498e+01,2.948081125622952072e+02,1.029861948288849618e+02,3.807141006321665486e+02,3.546117617798284414e+02,1.874274085650298716e+01,2.625373985922964835e+02,9.422640243849640740e+01,9.808640215676560103e+01,2.610175924178227547e+02,6.879438078425651781e+01,2.833849731071791211e+01,1.429405830877479673e+02,9.804896187783070616e+01,5.161635696149069474e+01,3.103476415253634855e+02,3.061832307671933595e+00,9.607477565887110416e+01,2.071226635584526719e+02,2.963970395662571491e+02,1.173663160229935585e+02,8.081998587622834407e+01,2.020907225721763609e+02,4.573540053465642075e+00,4.105729425939779986e+01,3.047966794348900521e+02,6.512848008201990524e+01,7.724027389232048790e+01,1.355519652731113638e+02,1.394772103331117137e+02,1.583793625107113883e+02,4.184277351206822715e+01,1.639035935729997817e+01,2.564198349172840494e+02,9.454140333718294187e+01,2.856790887117485056e+01,2.178282225083927699e+02,7.367242715111412110e+01,5.373402240196801927e+01,9.629479644632807833e+01,3.057136856350645644e+02,2.069328815003401871e+02,8.823380360168442849e+01,1.574570596208651523e+02,1.188835661323737583e+02,2.435488726536929107e+02,2.969108403270229815e+02,1.189607604966688825e+02,1.245988180144274793e+02,1.478377996777123542e+02,1.910221371979549687e+01,1.112456483126980515e+02,4.693670076725354789e+01,7.619936137742313065e+01,2.321356115145553360e+02,2.144919420925274380e+02,3.076352958816418592e+01,2.488318080600848248e+01,2.350411875485696100e+02,1.019734320128680451e+02,8.174649161380342832e+01,9.601045385252216136e+01,2.963893390227255153e+01,3.811555271427770464e+01,1.326839915987555401e+02,2.196455411310244088e+01,1.373377274357036981e+02,8.100038391429309570e+01,4.945047777768439090e+01,1.709079261961413820e+01,2.655236407637639129e+00,6.877708238622032866e+01,3.943222727876054279e+01,2.916110841926364969e+02,2.538719326506252401e+02,9.503114033014458784e+00,1.152890273254452609e+02,6.762461350327676257e+01,1.251205014816129193e+02,1.444651199905672740e+02,9.426025658167816346e+01,8.509224178045953124e+01,7.409043916932068896e+01,1.165806252420644142e+02,1.925417555388445692e+02,1.131947640731860361e+02,7.330399151822283521e+00,3.592867565157788334e+01,6.543262480457899244e+01,1.388786802393578341e+02,2.689846027851795043e+02,2.129633234541713875e+02,1.564046103588141818e+02,8.550120753258879347e+01,8.324596926604088765e+01,4.140417301497017775e+02,1.555795589637242244e+02,2.993882875916394681e+01,1.405557341139970902e+02,1.305355947941743295e+02,1.137345516507711949e+02,1.617501709055721051e+02,3.136727620946008415e+02,8.065103585262819763e+01,1.522827559806648594e+02,6.361536399288838339e+01,2.219544963786250591e+01,3.847298971462408304e+02,8.197640589462035621e+01,4.110451013934693520e+01,2.499037265605198854e+02,3.434928512888901508e+01,1.323748561556337506e+02,8.772178007608387418e+01,4.844075439285660423e+01,5.578162899681969122e+01,5.988334762796363719e+01,2.973270745365209109e+02,9.411347960671629664e+01,1.083278076450692993e+02,1.566571615621403168e+01,1.471176981124787346e+02,5.431121462368403208e+00,1.431495378221886767e+02,5.702317630990521735e+01,3.074026230419793038e+01,7.073755203734093300e+01,3.724236543229017684e+02,2.472466695622482646e+01,1.056847650274661454e+01,5.576565670376925254e+01,8.389612419726863379e+01,1.681479925378925770e+02,2.742728643304324123e+02,9.178571401127436502e+01,2.784566110256096181e+02,1.568301763027642437e+01,1.519772697147517420e+02,3.314694010383004752e+01,3.498427272726183190e+01,3.270495359713682433e+02,1.380432020889360274e+02,4.538813797091705027e+01,1.919477342435947094e+02,1.874636705463615556e+02,3.412985674108898593e+02,1.833544456388753190e+02,3.231533211122511489e+02,7.559143722733176674e+01,1.464133550691244352e+02,1.092461324171215153e+02,3.179076857388297981e+02,1.194105820542714582e+02,2.314699443330587769e+02,9.826048623348371791e+01,3.680514514040676772e+02,1.560339573488147664e+02,1.819534172557881391e+01,1.624639170051745651e+01,1.979463448490233191e+02,1.149048130664270673e+02,3.252349552461385684e+01,2.603370185068722975e+01,5.765597007155540865e+01,2.273692233436687360e+01,1.301998125856622401e+01,1.864385759225595462e+00,1.381432716011825050e+02,1.072281869162086423e+02,4.292782417642300885e+01,1.806828964621638534e+01,4.249840096716467883e+02,1.597811385648533928e+02,1.148707679362249792e+02,5.902649016046784602e+00,6.489616699046800363e+01,7.654586137249653177e+01,4.433871011151823360e+00,1.516844084634893264e+01,1.495741931674123748e+01,2.412804904536679089e+02,4.409450068939354850e+01,1.242565094767709333e+01,3.681813980319537336e+02,4.157536900001333180e+01,5.647631266763113445e+01,8.420427970946864349e+00,2.659826098110830230e+02,2.351662427412167062e+02,8.024556965563007793e+01,7.719523404658217203e+01,2.932509177353547969e+01,5.847997939378890919e+01,1.695477856001115242e+02,5.472958472692394594e+01,1.370488101778006467e+02,4.588369317560606397e+00,2.248679441950710611e+02,1.399055779623564604e+02,3.196143649306620773e+02,2.670455383178481270e+02,1.748884878482946021e+02,1.648555812558893763e+02,1.752882584146791771e+02,1.308544106798592566e+02,4.611628167825920599e+01,1.512907220674411519e+02,4.579421121992060506e+01,3.709506612506456236e+01,2.774979425202126038e+01,8.295647732431031329e+01,3.884576623445824595e+01,5.757679007118817793e+01,2.248148636141590018e+01,4.762621599556040763e+01,5.532693786806107283e+01,2.342226269042631941e+02,1.343017447502461437e+02,1.873647714349754878e+01,5.249753713059661653e-01,2.305300490607919528e+02,3.091744330175042421e+01,2.600841356967177109e+00,1.298777241198447712e+02,5.014246033789863191e+02,1.364456020385350428e+02,2.475586265967254747e+02,8.974760723224419223e+01,2.419735126887192962e+02,1.220299035378448451e+02,3.066115654965319948e+01,5.244701316134099756e+01,1.147742814367473017e+02,2.970417038342944593e+01,2.294668974829451145e+02,9.921962343465382617e+01,6.216970384268484651e+01,1.397630755170261807e+02,5.884870443665769102e+01,2.503978154080681122e+02,1.555206316439340526e+02,3.154106591415518324e+01,1.544866773133576316e+02,1.726598498915950870e+02,9.304372183350062642e+01,9.396921800027735117e+01,9.330278658046375995e+01,4.068709675385044733e+01,2.039196151650705247e+02,1.153042169498428535e+02,1.662334317418364549e+02,3.611721791594313657e+01,2.109348486664475786e+02,1.821074651602032475e+02,5.724342366508885505e+00,1.046862646791830365e+01,1.789357677511790996e+02,7.120092363830279680e+01,1.468415642050362351e+02,1.033477430093125236e+02,3.467224365035371534e+02,4.167127637863693934e+01,3.757933874617449277e+01,1.095288058294739955e+02,1.926344359996212745e+02,7.121716917827157545e+01,8.541799728680861392e+01,5.184941460536850855e+01,2.710663743629975286e+01,1.348645872433746433e+02,8.056833807706203388e+00,1.003678913432419648e+02,6.567216345286715296e+01,1.827789108334729633e+02,1.176247828205177370e+02,1.361337211748767402e+02,1.698377759678405425e+02,3.223122081846491227e+01,6.422793740137046825e+01,2.994434621373977166e+02,8.814042496211830269e+01,3.243650653684368734e+01,4.393071223902700240e+02,2.841354479023141835e+02,8.142644721524762019e+01,1.328177684577927948e+02,1.430889747299973713e+01,1.710342844944738374e+02,2.702601249843849018e+01,2.076427576350995423e+02,2.577848975998443279e+02,4.288159488290467003e+00,9.230113916330958546e+01,9.127529012755275062e+01,1.768348349859261077e+02,2.610911057954336343e+02,1.006922195056844203e+02,4.202962088478346914e+02,1.311231487001856237e+02,6.015968375417217118e+01,2.597612715685773566e+01,2.549291701895392919e+02,3.479232114587579758e+02,1.504987107933232267e+02,2.273398643497841647e+02,2.141197203063996142e+02,1.361574995515900071e+02,2.928131456454714154e+01,6.004700917123501114e+01,2.617923150878152683e+02,1.934534225037652959e+02,3.596838634487849617e+01,1.776903888725560989e+02,8.455264593240046622e+01,1.356860144803623029e+02,7.011785120362696944e+01,2.101381285299285366e+02,1.193569995876661061e+01,1.821624257514036742e+02,3.045840904077888354e+02,1.357496504588255704e+01,1.082775942494853325e+02,2.700811127362920274e+02,1.361229641003321262e+02,2.706353012948861760e+02,2.638244534365893514e+02,7.199997164241808889e+01,3.863539485942676777e+01,1.011528035279758200e+02,7.805799569856675646e+01,3.419273971054290939e+01,1.617107037465868302e+02,1.790545810251502417e+02,1.274436031192004890e+02,3.426831378473070799e+02,6.809653890150768518e+01,1.974218042643284150e+02,1.177136992260318351e+02,1.113124101417581002e+01,1.549916955056859251e+02,6.187426873704524866e+01,1.644482022864912096e+02,6.624940443771522780e+01,2.323105462694165979e+01,1.180894795477499315e+02,6.431022822362671754e+00,1.183919346181291274e+02,5.197734898540027615e+01,3.366384163489791348e+01,4.148493484650405776e+02,7.986894497261546100e+00,1.422289376234290899e+02,3.576669721624824092e+02,1.760372675860148490e+02,1.142143140030263595e+02,1.381789109533631210e+00,6.814216874265484591e+01,2.577443787322125104e+02,3.417739286139464525e+02,8.675777059916674361e+00,2.318111999095550857e+01,5.741159708020686026e+01,4.059696444473302535e+01,1.424057024499605184e+01,7.737518891945799560e+00,1.613878281016471306e+02,8.583501400005043536e+01,8.905964656129510715e+00,1.969631756418427670e+01,1.458110269128485754e+02,2.103602880886700177e+02,1.207061555354499660e+02,3.822668136097100700e+01,1.418238493468116701e+01,5.458025914475080498e+01,1.025091509567763524e+02,1.148492507079077711e+02,4.551089356349955040e+01,1.631288085555104317e+01,1.656044813388743080e+02,1.195683276951396437e+02,4.161277219681745265e+01,2.337456431433818693e+02,8.478807588202094792e+00,8.929878694869417188e+01,3.209837404810070183e+01,1.292322707163004054e+02,3.758952366171549215e+02,1.602347273475248812e+02,1.361371997279613595e+02,2.136605906252077318e+02,2.367005764864035484e+02,1.808966078457632136e+02,1.517260223272563380e+01,4.680780908881359892e+01,5.937488420119216670e+01,1.672731153101696577e+02,2.024628681451110879e+02,7.108244570277095420e+01,3.758804748608968680e+02,2.102940665605493962e+02,1.142412143956097452e+02,2.674334484591735759e+02,2.392497481114770608e+02,7.163972196711520724e+01,4.581977329343153116e+01,1.095154359084963573e+02,4.205983673600889574e+02,8.384427489141978640e+01,9.776554821793006056e+00,5.524648499509111588e+01,1.356476838779991283e+02,2.813605797098674657e+02,8.560194402936021163e+01,5.554183083218341466e+01,1.312945012510915603e+02,2.590416705382349392e+02,8.560957320043404195e+01,1.475559094288428525e+02,3.577615246187576048e+01,1.590413345224142745e+02,6.405488124627409263e+01,3.417830293626571869e+00,5.461169775506120772e+01,3.366404731962231835e+02,1.866627720441740905e+02,1.342116477277084812e+02,1.863541307861038661e+02,7.780327938368286311e+01,4.450906122690802391e+01,1.380062935048617874e+02,1.808132170581664511e+01,3.581529463511162135e+02,1.398869241444238298e+02,1.315973233922114538e+01,2.459879928001789651e+01,3.166179862265385623e+02,6.989658200580200287e+01,3.804716958139437679e+02,6.000424534856349368e+01,4.032151300354818346e+01,1.587233010958356516e+01,1.975353603184538258e+02,1.142926141645733651e+02,8.710157264837737046e+01,4.427337594064968584e+01,5.462665943653838951e+01,1.373303875726431329e+02,2.103251057048179575e+02,1.384781573603455911e+02,5.614407598933100019e+01,1.542054597571856505e+02,7.318704728254373038e+01,1.181247905338993576e+02,2.251232718236209678e+02,7.801552399863381027e+01,5.719106569729240164e+01,8.308258736798974553e+01,1.917121697576908730e+02,3.577395387617537281e+00,3.299147587376639876e+02,2.621706926131860769e+02,1.125156238849695001e+02,1.268453758477227069e+02,1.197778832221291054e+02,9.657880244799447667e+01,1.665389441862304523e+02,1.739320025257505051e+02,1.160508007881762467e+02,4.113123274232395943e+01,1.577270405389525649e+02,5.411337039393649206e+01,2.825957558998965737e+02,8.762001703596434155e+00,9.342885672748177228e+01,7.770649348987718952e+01,6.498412760808170674e+01,5.448637011675281627e+01,1.988554785698314902e+02,2.700181738959497224e+01,1.565138159794407784e+02,2.085375359911850239e+02,3.382214043593296537e+02,1.049684251581858518e+02,1.457303156909005395e+02,2.680947016153726850e+02,8.046915099734148669e+01,1.562709636692138986e+02,9.736301859483562282e+01,1.230237230502748957e+02,2.209448122258064586e+02,4.080190485282429336e+02,1.882850140031956698e+02,4.278342382106267650e+01,1.656150912632444090e+02,1.917149179608283021e+02,1.621763218308670957e+02,1.437292591979723966e+02,6.669002416640481101e+01,2.872044754278057965e+01,9.031846170866979051e+00,1.071530562260990571e+01,5.087270159301562700e+01,2.980556035585960331e+02,2.792572050687901353e+01,2.436814315479793152e+02,3.397651950398088161e+01,2.112334836703257963e+02,2.168716210754823521e+02,1.995023110092503487e+02,1.186355896397821823e+02,1.095285731470283963e+02,7.658728237997669552e+00,5.824913570783021299e+00,2.866583951211540011e+02,1.525070110624239135e+02,6.979894789469499017e+01,1.022338416779191022e+02,4.347978635894973110e+01,2.564458346953222758e+02,1.167369115927760816e+02,1.346555711190079592e+02,6.092206181435003742e+01,2.227830499055849511e-01,8.769415516556591683e+01,1.077575269952737642e+02,1.990173041175106050e+02,1.416910890912299408e+02,1.576604379811640655e+01,1.361959795368298103e+02,4.048635333064278825e+02,9.743218166076326270e+01,4.134708853776215278e+02,1.972419156127172073e+02,7.843949259263310125e+01,2.451632863235383581e+02,6.148424983008199263e+01,3.507708248183445789e+02,3.773570743889900569e+01,1.793878441470431255e+02,1.042212385794986602e+02,1.905027006066064033e+01,3.536366985512722181e+02,5.155812676831236985e+01,2.590343508511048185e+02,2.337434694497292185e+02,4.193880900969779901e+01,1.874698062774740777e+02,8.960079095167829166e+01,2.468586033770887127e+02,2.723410550321125445e+00,6.696383263215081172e+01,2.499108225550812961e+02,7.649479293530654900e+01,3.511412409401976333e+02,2.719275063270052897e+02,4.905144957180461773e+01,1.283533585277747306e+02,2.669679067166284767e+02,1.516212762022916820e+02,3.812596672040434242e+01,7.392737628530312577e+01,2.177260083315006796e+02,5.358586054744413296e+00,6.175375177456129627e+00,2.515532074292883351e+02,1.291133313367083701e+02,8.542039435028135586e+01,6.532074075811354241e+00,2.731257564140335035e+02,4.468299366285286567e+01,2.155773483248154605e+02,1.789994658257711251e+02,2.772094384738668396e+02,2.350649914813667181e+02,2.276472811943608860e+02,1.408557444899820439e+02,1.415033965574650949e+02,1.621569170308166719e+00,1.532587827325137937e+02,2.091730450829917629e+02,2.314356122808689804e+02,2.208209123725060579e+02,1.632948755868497130e+02,2.667491167629580104e+02,1.217601781329557440e+02,1.993159040300446634e+02,6.372265339650376603e+01,2.655995779164090820e+01,1.969210823584247976e+02,8.202875108535930337e+01
5.183672442431172840e+02,7.144408304519090791e+01,1.436016376508037808e+02,2.561390294883142928e+02,3.813019230005083386e+02,8.811645928120734439e+00,3.378800351436291862e+02,3.068298954663154063e+02,1.305639914556719532e+02,2.385187901337545497e+02,1.682726555334699015e+02,4.478921794932439582e+01,3.839617656414436055e+02,2.643592001379902854e+02,1.045887787307877659e+02,5.125573170636015874e+01,3.803034524968404071e+02,2.231246141801719034e+02,1.874053376087900347e+01,9.499026673818552524e+01,1.264480543430816937e+02,2.850980620966976744e+02,2.534214819955727762e+02,1.757274324636881886e+02,3.335854248888455231e+01,2.521831668081193243e+02,3.075515445485871737e+02,2.488552982302077226e+02,3.167086790461737777e+01,8.723986383333284778e+01,5.357498320405153436e+02,8.484531991116298855e+01,4.030688159689653389e+02,5.425878187251306173e+01,1.797436328751783492e+02,2.479671012458694861e+02,1.224552734519104291e+01,1.291482511882302653e+01,2.629735279122179392e+01,1.910082250325043844e+02,2.758753529743271429e+02,3.050058738150429463e+02,1.545495148250148532e+02,5.363847829095323050e+02,4.179363490884632881e+01,7.095831920554991257e+01,1.369080671052396951e+02,2.489614767650258216e+02,3.776554925249980101e+02,2.392923034704781742e+02,4.607971426763240288e+02,9.205565155701562219e+01,3.114532377483657797e+02,3.697564598993529330e+02,1.238927073084232120e+02,3.337594835933310833e+02,2.763152258579737577e+02,4.066971488708667835e+02,6.738514588860445542e+01,1.462571530865569684e+02,5.370287554600268010e+01,6.831550463724654776e+01,1.797967986380825778e+02,1.061215850048280487e+02,2.740176194702468706e+02,4.785114145238006955e+01,2.221926202186665762e+02,3.742069416338140400e+02,1.079408287123072654e+02,3.705702297778373833e+01,1.220790144898117688e+02,2.186522849688350334e+02,1.013493715596684552e+01,4.744912706057203309e+02,2.904890204695166176e+02,4.176930917625691677e+02,2.519991873769458266e+02,3.306527583756054867e+01,9.273914387675532112e+01,2.579855215446844454e+02,3.283445286100720182e+02,2.718375697181535955e+01,2.427461666832192293e+02,9.603231426877060528e+01,9.315381450398513152e+01,4.119361588238181753e+02,1.072443299186038388e+02,2.706074172718627437e+02,1.910304437899997083e+02,8.760773231832347108e+01,1.770593413540163752e+00,1.171827319480118774e+02,2.550651080228885519e+02,3.385183672730889270e+01,3.201432521046920101e+02,7.282533354394934122e+01,5.281211676343627914e+02,1.702228372161091556e+02,2.817199524222427840e+02,2.425291992636243492e+02,9.689136348602063720e+01,1.775151773048532107e+02,3.054955552689980323e+02,1.921257402971371846e+02,2.956290951795074307e+01,1.575902126806090280e+02,1.479387180948038178e+02,6.438638746272033586e+01,3.950648109706094715e+02,3.673767777602609499e+02,2.165841111460058528e+02,6.394370307461994685e+01,4.495466098052924853e-01,2.507250727901972880e+02,3.627702871114586856e+02,4.718397313510541267e+02,1.698081932231309281e+02,2.099371238888361120e+02,3.782089949527556314e+02,3.257266244362220391e+02,3.619484915116084380e+02,8.220972862671534642e+01,1.881725369286413070e+02,1.186018501285803382e+02,2.379311493455946902e+02,2.199967154038156991e+02,4.419277629441801736e+01,3.619669962704126078e+02,2.091804153108398339e+02,3.092509323611816399e+02,3.972080625104985074e+02,1.876489004413221551e+02,2.811829045661849023e+02,3.009108564171227727e+02,8.350412137809655633e+01,3.542602452323109787e+02,1.195747546491321778e+01,4.690916266832955017e+01,5.459824761253493364e+01,1.427937743763646949e+02,5.429448734379421637e+01,1.748641075402451008e+02,1.151253743964443004e+02,3.508107233081092886e+02,3.196968347516104814e+02,2.926447921434665318e+02,3.929846962045030523e+01,9.391264487517987902e+01,7.115915349977028370e+01,3.422094336806831620e+02,1.866640560065583898e+01,4.133406932230238908e+02,8.640748928222193115e+01,2.921644345809411334e+02,4.749172359079296371e+02,5.564747696801169923e+02,1.076406371242988627e+02,3.520477756643604152e+02,3.980169238028491350e+02,1.467812604677615695e+02,1.361992799575182289e+02,9.868490291763089672e+00,1.626915662728336258e+02,9.135200700868453794e+01,4.818526162277462532e+01,1.958479176022677564e+02,2.073452395643140562e+02,1.077708855717405640e+02,2.757498541918355386e+02,7.700256042640938858e+01,1.675496137254250755e+02,2.566717926807715457e+02,2.959736080531333755e+02,2.899829748603065696e+02,3.859344296358556790e+02,9.223400781341892696e+01,3.208192351988697055e+02,3.144644292683904609e+02,1.343919994012895813e+02,6.442867127750405132e+01,1.229752105489898071e+02,1.323447401222536541e+02,5.201455786169929070e+02,5.451978230945229598e+01,2.588270899271979033e+02,4.384907123625097825e+01,2.667703686570214359e+02,1.111694705165410539e+02,1.558176549679123184e+02,2.292556304763031108e+02,3.645004783034005413e+02,9.853777225993246702e+01,5.829704359536406422e+00,4.200661682930806933e+02,3.957113739824057461e+02,3.083891907380613020e+02,4.058331274324854689e+02,2.191918669793215884e+02,3.362898946911508915e+02,1.356767317684821421e+02,1.414927842374035265e+02,1.140231927659132225e+02,3.798683379311024169e+02,1.002822920951728634e+02,2.164407971132428088e+02,1.468576608958791212e+02,1.451397186433918023e+02,2.157277901186410318e+01,2.220779050005490092e+02,2.896257855294020942e+02,8.499451787125200042e+01,3.559437853171514803e+02,6.803269583703023500e+02,7.029596800917138921e+01,2.132433296643182246e+02,2.031226560243803192e+02,1.954369560990778254e+01,2.549589806508779475e+02,1.885621523354134865e+02,2.068878648468053996e+02,3.425376104588705743e+02,3.393303828009687209e+02,1.386561716023711881e+02,2.700906103450787441e+02,3.655609042719605100e+02,1.394669077464498059e+02,1.190594846313113067e+02,3.235209733996993577e+02,3.339710472843908633e+02,3.770568534320005938e+02,7.707565775277159048e+01,3.559648375950551440e+02,1.796730159131053881e+02,2.233700219275463539e+01,6.989482524532210164e+02,2.930642375608827024e+02,3.517651450364108712e+01,1.053755184505162532e+02,2.802499716060760306e+02,5.283320752551793476e+02,2.721163184015168781e+02,1.582874755859766367e+02,1.427521674687831137e+02,2.202836338333224830e+02,1.339571007630219128e+02,8.415382721049196846e+01,3.628661326412791368e+02,1.281041175750063417e+02,8.881483472689281200e+01,1.890913651102961239e+02,2.721337689477782362e+01,1.720656173586257580e+02,1.218351000659205567e+02,9.555779473925332468e+01,3.910536870451207960e+02,1.336194332198263339e+02,3.594091534605566807e+01,2.443392068304766553e+02,8.158365347027778114e+01,2.318846254139478731e+02,2.289773035218911446e+02,1.292697987774795649e+02,1.334172223227992049e+02,1.375201751211207863e+02,2.026400619300232790e+02,3.216187243770300483e+02,4.034824614946310248e+02,2.909478297273221301e+02,1.664549404083138313e+02,8.682026689201338243e+00,7.070779076440621225e+01,3.284778456017850203e+02,9.161145312655298412e+00,2.888708536575817902e+02,3.549175672304401701e+02,2.161721740140440673e+01,1.427602332990251170e+02,3.411056690525804811e+02,2.857631977328068160e+02,1.698191105182840204e+02,2.649732433754460317e+02,3.194920695970947691e+02,2.806777118315782005e+01,2.457030776724745280e+01,1.148672800245282133e+02,2.212895721999231569e+02,1.957476196847784422e+02,4.515087711912133841e+02,4.433215449083554063e+02,4.885875151607194198e+02,2.762340553192971129e+02,7.923739166420220670e+01,3.377635795077532066e+02,3.252421323428052915e+02,6.375061755861381130e+01,3.825034407279277016e+00,1.041073716359222914e+02,1.226295581816234233e+02,2.034369225658707592e+02,8.982420977492238023e+01,1.276710119444453682e+02,7.630615844181478735e+01,2.428229927245971353e+01,6.028236079009503356e+01,3.019911528865791084e+01,1.842411292708903829e+02,1.030548168738980621e+02,1.839894264066477660e+02,2.351489229662508862e+01,3.580194711779194563e+02,8.977825612578645575e+01,1.801124410788000034e+02,3.885166491379097238e+02,4.417525126767424126e+02,1.962553706841322025e+02,3.265256152926412483e+02,7.458215165652346457e+01,3.817774905063362780e+02,3.737515358121456899e+01,4.227493379261720179e+02,7.548971400547651456e+01,9.820023381230244297e+01,2.638397744655280519e+01,4.824385561041986534e+02,4.492392624563347567e+02,9.049509053085273536e+01,3.519320342677171709e+01,2.439266555575556765e+02,4.166158695347320986e+02,2.864990650980263709e+01,1.592268421754002361e+02,4.212256397724200383e+02,5.414193451395136663e+02,2.143135930928418702e+02,4.296386364227196850e+02,3.057680386243048929e+02,1.208115489372454334e+02,1.320186186381025379e+02,3.568825631253816368e+02,3.039968481762306283e+02,2.220740882037216579e+02,6.523645411447844822e+01,1.225571573550263054e+02,3.387777660547033634e+02,3.208641950248245962e+02,1.438559602111865843e+02,1.533554512140335930e+02,2.715487500129094087e+02,5.095943232632008879e+00,5.123540543879251885e+01,2.268254886321432906e+01,3.794364818129428727e+02,3.018970427116597079e+02,1.086678160496197023e+02,6.698896893938551500e+01,3.314841108021524292e+02,3.860394179504573344e+02,2.135429979486326317e+02,1.504114578771678055e+02,1.480045489192459343e+02,4.266558475033963873e+02,5.293999513948831037e+01,2.523072221524503789e+02,4.221246627718998639e+02,4.102327903876595769e+02,1.612970677294509017e+02,3.057554967040052816e+02,1.919988420844175323e+02,5.228489070608268463e+01,1.874906222773503544e+02,4.132963278223028283e+02,4.709486165126155583e+02,1.453844520616378304e+02,1.415984989577599436e+02,2.039183594086483993e+02,5.159066843790968733e+02,1.780913226170221435e+02,1.978897840749873751e+02,3.819161070191727845e+02,2.299848747175730352e+02,6.396715368590342621e+01,1.295251223797763203e+02,7.186029289147926136e+01,9.574045845195385596e+01,3.211774391642111315e+00,1.359319316176886332e+02,5.130825974369322466e+02,6.663688750746588596e+01,4.409222449500728089e+02,1.833827692843013608e+02,2.316519810751984494e+02,2.816032898083494160e+02,1.835417977215635688e+02,2.076590000163895695e+02,2.115743163524143995e+02,1.229490198271677741e+02,5.332849333562619449e+02,8.269764519024870708e+01,5.530623984269300308e+01,2.811066907824808823e+02,1.145376920647777297e+02,3.005656237797090284e+02,2.561428210088757282e+02,2.998150567151541281e+02,5.844524088192255249e+02,3.396590089427804173e+02,4.889714468893560593e+02,1.744240909977883121e+02,3.812754642048279834e+02,1.587456030004435377e+02,1.018569014639025205e+01,6.762878474813737739e+01,6.942444229747783524e+00,4.893466023139256436e+02,6.038164398828379120e+01,7.383900616128323691e+01,3.117198159070000543e+02,1.142837446489606918e+02,5.234608568500530623e+01,8.032603345354721114e+01,2.430183071501949144e+02,2.175371577303741617e+02,2.570282240223145322e+02,6.665144517776634530e+02,3.267295992347141578e+02,3.601767287871354029e+00,4.356575427661277331e+02,2.465717961100614808e+00,1.336449666587164415e+02,5.573235016943060600e+02,2.715369239780996935e+01,1.472184050211378974e+02,3.049163260357922240e+02,9.424915772536296288e+01,3.737034293223530881e+02,5.208518124163192198e+01,2.025493953386754526e+02,2.124757785301909223e+02,2.052802173182809895e+02,2.809093247877735280e+02,2.432059426305769989e+02,1.663647368627340484e+02,3.429633644849768359e+01,3.318044658332184440e+02,3.065071933957590389e+01,3.892047206366322030e+02,2.523939677272500717e+02,3.522649870711402400e+02,2.757617505785031540e+02,2.727259157369883837e+02,3.152701008583140663e+01,6.528674282339551382e+01,2.786016377593961124e+02,6.096726120715381825e+01,6.020776831964077473e+02,1.826493523139589854e+02,1.969421632866817902e+02,1.619323956040946655e+02,2.640162953752554245e+02,4.041278206429819306e+02,3.214698216819574839e+01,4.850096098295483671e+02,5.990692433010281093e+01,2.179518283683432855e+02,2.673044529366416100e+02,2.984224961138715457e+02,1.209003583792275691e+02,5.919920360610256438e+01,3.377544003763483715e+02,1.901187664712531102e+02,2.158661989434596933e+02,3.088914625658295563e+02,1.146796166546364901e+02,1.010520405707853229e+02,5.252642534505320100e+02,2.573095363863441207e+02,2.338207809342849828e+02,4.481457305036883554e+02,1.074293498866004199e+02,1.056354291719910066e+02,5.920306760824137200e+02,6.973238801584406588e+01,6.634122084610892500e+01,2.269044541897062857e+02,4.837440961691373076e+01,2.964171540262146323e+02,1.010167932955954910e+02,4.125275452514819108e+02,4.206773185488338527e+02,2.590929226692313136e+02,3.239282624581887262e+02,1.234946337761301152e+02,2.136988762316275654e+02,3.189878051436141391e+02,1.519355804676488049e+02,8.747572981705063455e+01,2.510322178288265036e+02,5.287712916709416504e+02,2.422866541636779232e+02,5.281004178374802649e+01,6.303878441399023131e+02,1.312335346498092576e+02,2.434946038713269161e+02,3.968912282396574369e+02,8.963158398914244174e+01,2.754257993094527137e+02,1.554538537324031111e+01,2.157690361193380113e+01,4.329891513620281671e+02,1.104737682796294962e+02,1.102910668561678307e+02,2.842069793090735175e+02,2.159304385849400205e+02,2.509713499198134912e+01,3.745624329764059723e+01,5.840286068135016251e+01,3.462568941315769280e+02,1.017282527141870219e+02,2.712993698465327839e+02,5.311390657842132867e+01,3.588601129436465840e+02,9.278630501811885267e+01,1.644014918947494763e+01,2.711932785741229281e+02,3.180732093491076853e+02,1.466038248736938954e+02,3.219641679420365108e+02,4.793489033090167339e+01,3.232087373702836430e+01,2.141455350749859292e+02,4.325485420192416655e+02,4.535359933284066756e+02,3.061178391030300077e+02,3.343018787067682638e+02,3.228410681918342675e+02,3.228957932843189269e+02,2.358863540284082774e+02,4.549569947333269511e+02,2.241970049114910353e+02,2.866181519289909261e+02,1.572248600897331698e+02,3.007462948385677350e+02,9.239073969894859317e+01,2.124496263416876900e+02,5.770354178452510041e+01,2.264550846777535043e+01,4.407029401912631101e+02,3.114171985946370569e+02,3.570274385377979343e+02,4.053280910859729147e+02,1.510402130438618258e+02,2.298916021019184370e+02,4.465706745132039401e+01,1.883306424512059891e+02,1.409518213725328621e+02,4.031203462110401574e+02,1.602219363450583671e+02,2.629136434837217848e+02,3.133915901907568582e+02,4.028733630313749927e+02,4.348529522169835673e+02,9.372305318828708209e+01,2.968251274828384680e+02,1.182451086792601700e+02,3.921097089469552088e+01,3.169628168681084048e+02,3.107726465997080254e+02,5.490018833940361986e+01,3.463145086151961749e+01,4.519636256492801607e+01,1.062625202898746437e+02,9.364064871974965953e+00,8.342587645585551570e+01,4.190174760776659468e+02,7.146278747689711963e+01,1.689121690211727298e+02,3.832757557460217868e+02,3.153475370859223972e+02,4.453205458926134241e+01,3.473171848846156422e+02,1.971096927909778884e+01,3.759513618604761831e+01,3.048090929056247091e+02,4.026256942442005879e+02,2.493923909423207590e+02,2.154054261310932077e+02,1.482417735221087867e+02,3.773372253944039016e+02,5.919928720855699567e+01,3.745108505486393256e+02,9.500568620023103961e+01,3.868776347544764462e+02,7.103272663390131356e+02,1.886507920158263971e+02,7.631454917658088277e+01,1.433098666311712854e+01,3.373131870997369930e+01,1.023551612083177389e+02,3.230499576787678251e+01,1.082400568149157607e+02,2.757987898258176642e+02,3.085815813287777019e+02,4.583976608896506946e+02,1.007792479164735369e+02,1.688480756035950714e+00,2.548104265056500140e+02,2.155229660880192100e+01,2.021169799964607705e+02,1.524531214437249389e+02,1.543574162826475344e+02,1.126765078183788518e+02,1.392945351655035040e+02,1.883767148659080988e+02,3.627694668525659836e+02,2.088555971452001359e+01,2.970528842422515368e+02,2.708497641274184389e+02,2.443828279938946935e+02,1.429716964361495286e+02,2.115668144643168205e+02,5.235466038853296595e+02,2.470342941353692652e+02,1.473378294797975911e+02,1.084520140420124221e+02,3.534039061348669861e+02,2.908542757436338775e+02,1.449114976915920181e+02,6.015042468229784163e+02,1.248815584312043967e+02,1.545540211983521317e+02,2.426606286372119996e+02,1.439451426633456492e+02,1.691742646860199955e+02,2.858249671819148716e+02,4.196795546331313354e+00,2.704671134999883861e+02,2.038258860678317319e+02,4.554493816233304528e+02,1.764344267944118485e+02,1.484071179685514323e+02,1.286515713620278518e+02,4.250028192024569194e+02,3.062776549575979743e+02,1.512485383791917855e+02,3.805883082958201271e+02,1.612557690131776837e+02,3.387097340065270146e+02,2.216799359767520912e+02,1.071529130654540154e+02,1.842000613922438106e+02,7.975111169554432422e+01,1.566152726884339863e+01,6.011595377374723626e+01,4.949282456152378131e+02,5.540746464005286498e+01,3.204807919617974790e+02,4.083338075465669590e+02,1.191388026670539233e+02,3.447415686117723421e+00,1.449488796898491785e+02,3.858122283517238884e+02,3.488716974112020921e+02,2.280847903212302299e+02,1.221195669487043602e+02,4.071080821109456593e+01,1.531865151515489458e+02,1.954772058026943853e+02,1.031824828280990403e+02,2.567804583118441428e+02,1.529425472674039383e+02,1.822206457969979283e+02,3.719040885922702699e+01,1.014021279840037550e+02,1.228084402266953958e+02,1.524932984105464300e+02,2.316557445393564763e+02,1.576699339070239887e+02,2.026885174859533265e+02,2.771680549575100940e+02,2.026131048230311933e+02,1.597683529647985949e+02,2.643870125979828458e+02,9.851098123038745769e+00,3.967882843965380744e+02,2.377723975693878629e+02,1.464414742536831398e+02,6.449189602102931929e+01,2.494358730532297397e+00,9.410399751235695476e+01,4.463004303658216543e+00,5.064267477248193359e+02,1.646203443144194623e+01,2.497852128916352683e+02,2.595867122322977139e+02,1.922505753842284264e+02,8.083369390987598990e+01,2.670255473582256514e+02,1.232508243581490692e+00,3.376990627401794995e+02,8.353656165285046598e+01,3.257703523850361762e+02,3.835465423947878207e+02,2.352930845088627905e+02,9.673379121558623339e+00,4.883034235821929201e+02,3.046270769945120946e+02,3.757532774129600170e+02,7.047178981722792912e+01,1.573156994086374141e+02,9.451886884637677610e+01,3.057410575504238750e+02,1.731656342206486840e+02,5.949221117138107928e+01,2.765595934298863199e+02,1.154378945254647704e+02,6.184867644534065789e+01,5.416828721469540824e+02,2.028898796043367270e+02,2.635659375477418962e+02,2.003945806668758678e+01,1.083182299582294803e+02,4.068523612966713898e+01,3.011703290148876135e+02,1.032061110012267733e+02,3.180740472458766135e+02,3.948710064859658928e+02,3.058759994758931100e+01,1.219951067810409029e+02,2.425654252375909437e+02,4.316166269274902447e+02,4.443509028242523584e+01,3.514528655374597861e+02,5.647993627815317268e+02,6.382791344412027001e+01,1.374867847016628559e+02,2.027293685887804031e+02,7.795405664092291431e+01,1.567289385133124995e+02,2.812691619305152244e+02,9.417614229490892797e+01,2.135089193749535923e+02,1.291594470493692093e+01,1.910606206856923848e+02,2.800690319237278914e+02,2.514571207466873375e+02,4.506115534716490743e+02,1.561184931677392456e+02,3.817850285765450167e+02,2.859123841736198415e+02,5.074237986714041995e+02,1.464521293127427555e+02,1.903270081646871859e+02,2.155944730512086664e+02,4.603779128705792800e+01,2.446890897419823929e+01,4.341504520722344864e+02,4.063014275749901003e+02,1.735053831726494877e+02,6.488084790023398796e+01,2.222650116063402663e+02,3.584054198125739390e+02,1.297533491986057186e+02,2.083372417485876156e+02,2.597592316477048371e+02,5.170160711234420887e+02,2.895632891146353813e+02,1.023169770703908767e+02,2.869197827023996084e+01,1.632931834884667310e+01,9.503960501695517848e+01,6.263531183370140525e+02,5.225237140172645667e+01,2.995206340727374368e+02,1.589698263656459005e+02,4.322948416025511165e+01,1.629024421689763074e+02,1.086097592068524733e+02,4.901883824470165791e+02,3.773155534020737178e+01,7.845878774510922860e+00,2.125345645259801870e+02,2.631714464473291173e+02,1.662147328050312183e+02,3.104908084655615852e+00,1.800789195658066149e+02,1.898922969509937673e+02,2.015654346379179458e+02,1.743524279241608781e+02,1.148742016869248346e+02,4.715828381507611766e+02,2.419055642955293877e+02,4.542688306409286980e+01,4.913398687667620948e+02,1.735811161111164722e+02,3.217223410426873329e+02,7.510492990330165242e+01,5.211159076258537652e+02,3.732128818374717980e+02,1.229179489078779284e+02,4.960548159453014705e+01,1.023935676952942373e+02,3.452186070506962778e+02,3.213448972629460627e+02,1.060039966049376545e+02,2.947010589604934694e+02,1.337367337635189983e+02,1.872429572242932849e+01,2.066457766917012577e+02,2.959577645872536209e+02,1.592783442430847458e+02,1.505675830602247061e+02,1.591918727476256095e+02,2.518982872459929752e+02,5.691216844543462372e+01,3.657708937562227902e+02,1.315972265110095236e+02,4.291427748808359866e+00,2.174965712202356372e+02,4.974276505251140179e+01,1.904107932354355626e+02,2.045585397671681278e+02,1.186361780968152573e+02,6.475023527345582863e+01,3.540696348497854160e+02,4.808702880713874350e+01,2.722522021339034950e+02,9.655595859847906581e+01,1.443386115001242160e+02,3.887368297777989596e+02,2.046085617673412855e+02,3.053300484579767726e+02,1.259222957018498477e+02,1.938253919150672573e+02,1.326632981094715547e+02,1.284391169428724595e+02,4.692029301848740630e+01,1.941320189053971319e+02,8.596801274998775000e+00,5.007902721005556401e+01,1.095513157425705515e+02,1.632018332863927128e+02,3.702499853236105878e+02,3.367589950141621671e+02,1.348565638524037524e+02,3.977954482205964268e+02,3.382216914349118042e+02,6.363865727273711137e+00,4.163120822856256495e+02,2.470125802632161367e+02,1.566527424980044714e+01,9.050290726212266179e+01,2.132288411276476836e+02,3.348983742431101973e+02,2.247254504072051589e+02,1.905499918770837837e+02,8.580846587763551270e+01,1.032177930168617195e+02,2.263029898076245843e+02,3.352193824784829417e+02,5.321918713251655220e+01,3.597008557787949599e+02,2.798656286137389202e+02,4.556394029930170291e+02,4.169298247769212935e+02,1.182322916672625155e+02,1.126676550564951071e+02,3.648868159479334849e+01,2.541801087917889390e+02,2.787541210188749563e+00,2.089131709157648800e+02,1.066177277862323081e+02,3.450967011648669427e+02,2.539429144160469605e+02,3.628794227358516622e+01,3.623125507064247586e+02,4.052344596912105885e+02,2.575814219404764458e+02,1.956290402648520796e+02,1.166763140456877750e+02,9.301845928678532971e+01,5.810316424658591927e+01,4.659736943974025536e+01,1.493090812319087206e+02,9.264433089975337055e+01,4.829467694497537167e+01,2.811770685302781771e+02,4.627221541478962195e+02,2.396232450302573795e+02,2.178788561936352153e+02,1.624555310575891554e+02,9.689716881065488963e+01,3.638154136284815081e+02,1.322310249860982196e+02,8.823030828026530514e+01,1.220865737701533362e+02,8.878731618103772405e+01,2.784279736475110667e+02,2.843234357870432518e+02,1.395561308645594067e+01,4.760458944596502988e+02,5.118657724046038737e+01,2.515630278518571288e+02,5.192928041218316082e+01,1.496825645824199853e+02,3.878867259364474052e+01,1.605207004435808926e+02,2.107889247722025345e+02,3.219124278083712056e+02,4.857139536728161744e+01,4.402626119447730701e+01,5.161162569077958295e+01,3.572552593091270978e+01,3.352622934082950223e+02,1.445551275570114136e+01,3.362696401697531314e+02,3.039793157041148106e+02,1.557761453742548667e+02,1.422794890858598933e+02,1.233094507108343265e+02,1.785888482894577294e+02,3.083494207578815463e+02,3.335066558824130567e+01,2.430754083247987580e+02,3.024101975079050248e+02,7.895777146884949360e+00,2.516650288140663179e+02,5.372957328885171364e+02,1.190464200619794468e+02,1.016673151550639744e+02,7.985591464666086381e+01,1.383797715115586584e+02,3.343228124207462884e+02,3.869582145258721084e+02,1.098703460259239080e+02,9.766822328273163123e+01,1.142118186195425125e+02,4.436217349842970492e+01,2.099968296760991748e+01,3.832374637141616063e+02,4.522140483575754502e+02,4.965281342771351660e+02,1.409161009029174068e+02,2.830769223220939921e+02,5.615471136320588812e+02,4.101735389336045046e+02,1.777823950772352362e+02,1.378630146410165196e+02,2.944597086050231951e+02,1.611385927914710408e+02,2.549221706192204806e+02,2.393874485311371814e+02,1.363008610554098787e+01,2.559697603893187363e+02,1.214749172848451053e+02,1.657569195230321384e+02,1.754001932633193235e+02,2.889620248207543227e+02,1.383063636206448450e+02,2.508224898833049394e+02,5.504467329551674766e+02,6.430585028415421789e+01,3.877530810186929671e+02,5.436916201629570367e+01,1.729690759324820419e+02,2.900709698779024279e+02,1.684085873568868692e+02,1.440980423798378354e+02,1.055798927951375390e+02,3.623757948816939347e+02,2.402158918259575842e+02,2.814479358063166501e+02,3.982695787114269024e+02,2.061506498274565047e+02,3.911859690013297381e+02,1.935354777699166107e+02,3.010409845602085799e+00,3.000179108614390202e+02,7.480824073830758891e+01,1.398276873597572205e+02,2.268248107607430484e+02,2.177471852997166764e+02,9.284677822872467345e+01,1.773583919141427430e+02,3.143400344120880732e+02,1.086415225577564456e+02,1.803501566890133461e+02,2.597954372895059691e+02,1.567745802266641242e+01,1.861793493994124731e+02,2.914392589453450455e+02,4.277433210232325109e+02,1.719522753427921486e+02,2.940352775150689126e+02,2.635031009743758901e+01,4.879998055201772189e+01,5.361427049223414087e+02,3.703879770365946911e+01,1.166132224898439631e+02,2.008601946153081315e+02,3.185814432108802521e+02
7.589428598725501907e+00,2.062638858069960861e+02,1.219853803722432559e+02,1.904851181009112793e+02,5.759789769516120828e+01,1.068756045606063765e+02,1.238711616498572994e+02,8.823945898081150574e+01,1.276944107116068352e+02,1.857219211175254543e+02,1.447260199115460182e+02,5.266027490330950656e+01,1.924519572108658565e+02,3.580758750378476520e+02,1.210433431882240818e+01,2.332643206698088250e+02,6.603409566465972880e+00,9.847320988109630946e+01,2.761395617415040604e+01,5.535805586948924883e+01,8.584040822532385562e+01,1.103674937814599986e+02,2.843684971366763037e+01,2.099692429010870285e+02,1.487018476014349915e+02,5.652021148210480561e+01,1.185091190079731263e+02,5.490794583832397535e+01,9.895886637876695602e+01,1.382612703807528760e+02,4.782849556939100211e+01,1.620542431347090258e+02,2.713007144881391355e+02,1.454510034322035779e+02,3.613514047875589341e+01,1.177358718129730164e+02,1.953155031308576497e+02,2.574481881382936521e+01,5.994967977112872859e+01,1.616953555604572159e+02,2.208895872201282273e+01,1.699402915361781652e+02,9.990168523420511093e+00,2.064360523293679535e+02,2.712302368998835789e+01,8.310686898960413771e+01,4.790421194881081846e+01,6.076337470040260769e+01,1.066541918470572483e+02,2.317118394599622277e+01,1.502171308945920032e+02,1.220888399034857343e+02,6.632987766075713409e+01,2.146168182395146857e+02,1.250965117247414753e+02,1.407651006128188387e+00,1.124749043968102740e+02,1.782131508624545120e+02,2.371000636808970512e+02,2.062323468223268819e+01,1.193960425099725029e+02,1.268102410752227627e+02,1.135687028619850025e+02,1.784710699800608680e+01,1.923656908846467317e+01,2.324024960345539910e+02,1.913863741455567151e+02,9.388701253242183853e+00,1.026954819375390713e+02,2.791519662754038222e+01,1.577430400462605746e+02,1.230025491716705801e+02,3.634379105410764765e+01,5.424614464486480614e+01,8.319977730221122414e+00,1.495971673483645503e+01,1.077619517252735335e+02,5.694573436866115657e+01,9.963702706271676846e+01,2.275938483649152388e+01,3.015540871393097344e+00,2.439792158654167906e+02,5.181686291877205264e+01,9.737657021601195595e+01,1.176994223710735668e+02,6.617600393636300282e+01,1.141461786055465666e+02,5.856356292450400503e+01,1.680798576288330821e+02,2.219944087377027699e+02,2.205330286116947320e+02,5.141983813904900558e+01,6.300516314853759781e+01,5.493755971429245477e+01,1.844186154185509574e+00,1.222138376472605472e+02,8.663606463415509040e+01,2.029321505799727277e+01,1.183606111305028641e+01,5.730304891909157305e+01,8.458726489090030043e+01,7.031531327443163093e+01,3.251635159292777644e+01,1.749035680549164056e+02,5.492971844434756434e+01,3.272435062166015030e+01,1.396165185685942163e+02,4.880552672948733317e+01,1.742113064192393779e+01,3.029026914464042708e+00,1.080280982205059281e+01,6.193911675918265303e+01,9.271485946048903770e+01,7.719043032405500071e+01,1.413146309941410834e+02,2.508182641459766273e+02,2.775377489220688290e+02,2.612013297058805392e+02,7.007492623165221346e+01,1.145842572858279880e+02,4.534960880262105576e+01,1.219403655635114916e+02,1.528506599524468186e+02,6.664613034435818406e+01,1.116556982208403639e+02,4.664432989038272126e+01,1.488501856649218098e+02,1.544218064762595759e+02,2.370098198493849679e+02,5.128357534175646038e+01,6.632871815889637901e+01,2.976424508053359475e+01,1.605502203158479517e+02,1.480962706044465165e+02,8.862097613216435832e+01,8.498995382215282390e+00,1.050346000230203458e+02,1.585794403491130140e+02,5.153164166787829714e+01,2.711921801295042656e+01,8.950124018319235120e+01,6.692872233088928624e+01,5.564196946185781201e+01,1.658161955084696899e+02,5.556266167353519414e+00,9.319615252880117851e+01,1.340942531556961370e+01,9.406946284432977734e+01,1.299628940795664960e+02,5.699645647920661418e+01,9.494792698794726959e+01,1.221989858688226320e+02,8.158180120279534719e+01,2.039313033967520425e+02,6.687615728571452678e+01,1.521268583037927442e+02,2.376143928338325111e+02,5.060336369435411825e+02,3.671262678116264055e+01,1.522803736996820767e+01,1.446344454273265683e+02,1.201572155930097239e+02,1.521595137975260741e+02,1.827066782792178401e+01,4.001147037618607527e+01,3.022691876115325158e+02,1.168814561492496438e+02,1.245988363659015192e+02,6.837537431705696633e+01,1.175653966543633544e+02,1.124706576375136251e+02,2.696860509161407737e+00,2.136382235177240574e+01,2.642564498059384448e+01,3.635375413646660547e+01,7.890341967923022537e+01,1.556113755669727823e+02,1.584914888780234605e+02,5.375714789759647516e+01,1.311840847305481077e+02,5.427285127574485557e+01,1.381878381327221632e+02,3.201150203389810933e+00,9.638244343396878833e+01,9.161104103208360527e+01,7.048673609667487483e+01,1.250961898759324527e+02,2.673530916037058205e+02,5.463560982057060755e+01,2.433041898706580071e+02,1.008872154275859003e+02,4.477324473324486576e+01,6.810814254007161139e+01,4.326581952680977139e+01,3.875322719099816027e+01,9.015318070393785632e+00,1.549179934745282772e+01,4.440784305876206872e+01,1.773597064325063499e+01,2.157969018961705032e+01,7.991984587976206456e+01,5.103366148777200095e+01,2.068041497671711326e+01,1.563092643683259837e+02,3.496966672414281874e+01,1.002516868360469005e+02,1.009796698856867323e+02,3.554824897958409058e-01,3.974232887307352371e+02,2.294729031900476173e+02,1.702798354984674916e+02,8.293119776071250726e+01,8.085193589501245981e+01,1.934479912818638638e+02,5.528108418876507102e+01,5.404218339876635468e+01,3.018401591980050966e+02,1.942264264255836395e+02,1.426782019170497762e+01,5.900826192298693940e+01,9.863104313170011039e+01,1.932224546787611885e+01,9.075547855356191462e+01,1.042356613855723602e+01,1.466694164083026664e+01,1.251358841462402296e+02,1.040238422249186101e+02,7.673814382644381737e+01,5.633826725573500482e+01,3.972358652424220082e+01,4.507919582802071545e+01,1.606023649498360726e+02,5.483654424774645264e+00,9.187972385027156008e+01,6.667009953250959597e+01,4.000091771057594769e+01,7.475550482583549261e+00,1.141889773485217887e+02,1.113088589517233800e+02,9.605988515965677266e+01,9.010605695099235390e+01,7.355103765307394781e+01,3.041244159192542043e+02,9.116948653021907489e+01,3.901337897127578458e+01,5.563428859767037693e+01,1.258002075531830428e+02,3.917239994659949076e+01,1.176874589547370107e+02,2.174534969675298157e+01,1.455603197297679969e+02,1.898808835966661093e+02,1.683880156634952812e+02,9.619001011009599722e+01,8.042596087088952572e+01,1.314397642657707195e+02,1.469065293989496546e+01,1.030752928358729150e+02,7.981850477865415883e+01,4.944218660329645587e+01,3.187844235076635613e+01,2.832336648254969802e+01,9.352505126155578807e+01,7.697587279011032990e+01,1.241232520056833124e+02,1.061952578157584668e+02,2.085120920081651548e+02,1.025396267818021130e+02,4.473650219463714706e+01,5.603682634465076084e+00,7.233219811061242410e+01,7.987171246786485490e+00,2.468266327206869803e+01,1.879110082895235578e+01,1.171246522595238559e+02,2.634307849384786095e+02,1.804404964355737491e+02,1.033607610248698592e+02,1.393713487291884974e+02,1.290048440921016208e+02,5.906885667849223154e+01,2.620566633552277835e+01,1.259218797763043227e+02,6.083544606668258581e+00,2.513790223591931010e+02,9.673661368596528121e+01,2.082405528776623953e+02,5.292610822025303463e+01,1.732653872545662637e+02,1.985499570111910259e+02,1.990902502325176826e+01,4.134265327945502122e+01,2.021164152168923067e+01,1.555304011920048879e+01,2.329086039721229540e+01,9.334181736415244757e+01,1.772874090899972259e+02,1.259044262393018521e+01,2.796620683724916123e+00,1.381234983035720347e+02,1.286099880866262879e+02,5.445830130801574853e+01,4.195289716382172429e+01,1.668945633959075110e+02,1.603651313589133736e+02,2.089326102070999696e+02,1.561907068870931425e+02,4.572125785616797167e+00,7.406289533169323036e+00,1.142701155579588743e+02,1.340815518377628450e+02,1.199005499508980819e+02,8.128297677349466710e+01,1.086253684639767947e+01,1.574438570231668599e+01,1.093075285933167464e+02,9.565282690235447660e+01,1.793138499087246629e+01,4.961822064221240680e+01,1.070816053448959906e+02,2.358391561014505271e+02,3.869132622642887043e+01,1.224871601560361114e+02,3.194929332584547410e+01,3.231356583320376075e+01,4.720994250037897899e+01,1.309784908074160796e+02,1.956881792998316598e+02,3.705667804173619828e+01,2.361035899424343256e+02,4.497107865700065332e+01,2.377100711554794827e+02,3.465123494422732051e+02,3.911406086721832054e+01,3.386339582129899384e+01,1.335521350202657516e+02,7.232887214574006407e-01,3.829788541752826347e+01,7.994301695279189346e+01,2.240454764141983546e+01,8.035123796913710237e+01,8.035380511317642416e+00,3.471641083077932066e+00,1.300041200066095541e+02,5.217560526689234024e+01,3.302182215819967581e+01,3.498301325642142956e+02,8.701059741955275229e+01,9.023657384519437130e+01,2.883449684620739504e+02,1.093306356543869953e+02,2.187325506716466528e+00,1.825819970308713991e+01,1.061199465816520160e+02,5.538439892081521521e+01,1.167857237275485573e+02,1.614519483826043427e+02,2.050311265428197487e+02,4.240110745736131292e+01,1.565139491393298670e+02,2.167948775914049691e+02,1.636258579133812319e+01,9.819067737742970792e+01,8.720617027412869504e+01,1.487948044278443831e+02,1.659812898824561733e+00,1.118193139438673711e+02,4.820684465025663457e+01,4.603975542436565860e+01,6.455070694720774327e+01,8.473857006977961248e+01,2.941449578216495411e+02,4.306381484154388772e+01,1.270799935941287799e+02,2.757965192000111756e+02,1.668652625966796776e+01,1.161878487111633262e+02,1.597117538224135380e-01,1.796883703800744740e+02,6.041796182585829733e+00,1.672759021379320359e+02,1.886427022548260481e+02,1.358272934008188031e+02,6.273780980993998391e+00,4.442764342308085901e+01,6.101323430589664554e+01,2.226812303480404012e+02,1.061658731446614610e+02,4.580633306599602150e+01,2.498028224457884860e+00,1.452462408175614144e+02,6.333483094904050859e+01,1.504003199328900848e+02,2.798280551831054908e+01,1.442175601249353463e+02,9.192282893660534171e+01,2.751134530799177114e+01,1.534860774251493183e+02,1.192929319935910968e+02,1.812870770570874299e+02,9.723929192099986096e+01,9.008082823524701155e+01,1.711457652515485961e+02,1.785063167767357299e+02,1.089690664861233245e+02,2.171439658103379688e+00,5.140169453120634557e+01,1.756679361287627046e+02,2.425081133308654913e+01,1.025374153777388528e+02,5.679465520441710424e+01,1.490657024355322164e+02,7.159513667934879777e+01,1.897271738376613541e+02,6.674767335574686911e+01,1.905056485636112313e+02,2.887900153427568171e+02,4.781378223617453926e+01,2.345951401712952133e+02,7.086930446851711451e+01,7.058634580242652135e+01,5.478505136280779197e+01,8.607978207161254147e+01,1.343285973221203449e+02,4.622133923694451596e+01,1.158142952985327945e+01,1.194887829509237918e+02,7.228945143280186869e+01,3.222679703942710461e+01,4.101297137135292203e+00,1.154437330014849579e+02,1.787298169658704126e+02,3.749870460860163917e+02,1.220033168527000100e+02,1.494862334255241194e+02,1.231070385696706779e+02,4.247646553320368668e+00,9.468666291683021541e+01,1.148098972558631345e+02,1.331771062956321394e+01,2.021111610376823648e+02,1.532267819800484858e+02,6.002260695970471716e+01,7.421595451820336109e+01,1.359335440932597976e+02,5.439663300603723428e+01,2.583766500801648291e+01,1.064745905393579051e+01,2.808611529627690118e+01,4.739758376614104662e+01,8.579276056441501908e+01,3.214827889810131296e+02,5.974496799487916832e+01,4.563350822661731598e+01,1.742113667869622873e+02,3.166078511475046042e+01,2.668472354644020470e+02,1.942933619462214949e+02,1.143252831431753833e+02,1.983879685756747620e+02,7.509324862645401311e+01,5.276145963819742946e+01,1.965877824209302105e+01,4.818634478711049951e+01,1.640790510633889454e+01,2.654226225976561295e+02,1.277123341179952973e+02,6.044721936300299348e+01,5.909372474132139530e+01,3.836094085371734508e+01,1.137518722087721201e+00,1.002118458076586505e+00,3.692832855639040446e+01,3.789981685183234816e+01,2.146433547204731269e+02,1.345308221991856783e+02,4.081153578131465309e+01,7.212845526723712908e+01,1.693138239777073579e+02,1.257257310184443213e+02,8.869412837418958873e+01,4.076778389373458822e+01,2.146263740574280803e+02,1.901913052151363104e+02,5.241772911171283766e+01,5.741433652692143852e+01,3.335008488431248708e+01,2.249824741543719497e+01,1.692682916478369464e+02,5.580074392207095713e+01,1.033645502085715862e+02,7.172962642086589824e+01,7.446251184342537499e+01,1.123555042630705572e+02,3.519391472122396749e+02,6.103948498564566449e+00,7.563749924593476237e+01,7.874892021547645982e+01,1.006118313382584830e+02,9.416826059909207913e+01,1.417411810496174667e+02,1.584916609680444992e+02,1.238194739914636671e+02,4.714176856738197863e+00,1.392507536750634074e+02,1.523868136527093782e+02,1.620539568244927580e+02,1.491884041632105307e+00,1.470666670698451810e+02,7.992784381024557661e+01,2.294963513347709316e+00,1.294366083027226182e+02,1.497328006135136604e+02,5.047199716155203220e+01,1.182088241000876252e+02,4.334731876476455525e+00,1.451823959961579931e+02,2.734161208932423648e+01,7.107035272304541706e+01,1.355505269671243411e+02,2.420503421390512244e+02,7.585784175811519958e+01,1.411073520189760018e+02,8.998772410051858017e+00,9.723998563741423595e+01,9.567073988446495036e+00,9.810366775260673933e+01,6.483444010865638063e+01,1.288520296758017913e+01,3.433868183027293242e+01,1.170866323137788498e+02,2.523495298158149680e+01,6.635360621950569282e+01,2.467163150036005348e+01,5.390969770715506826e+01,9.731602117843821986e+01,1.725450035140195837e+02,2.798420136640131659e+02,5.604984390148584339e+01,1.259781588021300678e+02,4.132249300588461693e+01,1.066403222757641345e+02,3.872907355359777881e+01,9.677650256108462656e+01,4.295490930286307574e+00,8.668490932055119913e+01,6.134251180454752728e+01,1.070970195979206920e+02,5.524441626872129518e+01,1.133932125451100070e+01,1.884039406133375039e+01,3.021284280693312141e+01,3.351045687339726697e+01,2.975152169114267409e+01,6.561449205473161328e+01,1.187488253416478159e+02,3.427690851141392727e+02,5.112278795821971045e+01,6.709374731416664872e+01,6.701476691111990647e+01,1.994776858517221001e+02,9.864722573523350491e+01,7.207928683209358667e+01,6.097106812240822649e+01,3.564071223270203603e+01,1.476035196126268367e+01,8.343991413226690668e+01,1.128404879512470131e+02,8.414570165001036628e+01,1.307088888412223753e+02,1.265596804178841950e+01,3.706692125762148038e+01,1.689566485333694743e+02,1.840466026118296128e+01,1.467514365451313836e+02,2.926319113600428068e+01,2.023837765041861587e+02,1.960181575044757381e+02,2.174608340359953047e+02,1.225924687593108047e+02,4.032311965318577052e+01,1.349153011761364418e+01,1.656486011312117057e+02,2.586174559181513999e+01,1.281756524356999023e+02,4.259631102373054290e+01,3.610836841532339037e+01,3.088664149772604262e+01,6.967840481425277233e+01,1.137581019555241966e+02,3.919937259546261998e+01,2.941961086497935298e+02,3.261841919334218005e+02,1.575924798957086637e+02,1.157603856663000244e+02,1.305856911461655478e+01,1.577571716259299990e+02,2.644009880777142598e+02,1.036928162195667547e+01,1.729530647128910630e+02,1.995912090107410393e+02,1.253118421793949011e+01,1.509362303173134023e+02,1.451517586015425110e+01,9.551234361859371802e+01,4.181206002924435694e+01,3.537329224958835994e+01,3.021284817786003600e+02,3.510259301981203350e+01,7.988490665378697031e+01,7.932685839659229998e+01,2.896440861939233358e+01,6.936124654120548882e+01,1.040526533164750731e+02,3.113378776405162540e+01,2.708103775578060635e+01,8.352243162117004260e+01,1.856326764888264051e+02,2.426326671727978024e+01,2.845252275221535001e+02,5.083270812907543501e+01,9.633657897933948888e+00,1.943235895792375061e+02,6.038670383248125972e+01,7.388864778856672899e+01,4.166958779125322820e+01,2.321730107227431290e+02,1.274603799561996311e+02,1.823985229949716214e+01,3.333449985797565063e+01,2.320560174184876985e+02,1.795728394022936811e+02,8.508780605506301242e+01,3.695233861704782896e+01,1.539571065187108161e+02,8.389094595900449747e+01,9.294883018886623915e+01,1.866393182384263127e+02,4.660538211259950003e+01,1.694260230545356478e+02,7.758926715394495943e+01,1.073717141066244238e+02,3.423775836570546858e+02,2.026185404797168701e+02,1.264216999077986401e+02,1.404202044883978999e+02,6.950617895401394719e+01,1.862202354579233372e+02,5.236727262498670932e+00,1.041591496264086913e+02,2.783488233543457113e+02,2.081773346588796301e+02,1.003550474022932946e+02,2.427182415110867097e+01,8.081039440135110397e+01,5.107057436237356995e+01,2.939001111068943715e+02,1.305844669350339586e+02,7.164171322153034538e+00,6.840975565410603565e+01,2.188652250177244696e+02,1.192537687833356301e+02,1.239712990330278473e+02,1.228139266785725567e+02,9.375390429656588864e+00,6.524262841301955973e+01,2.579551896222212690e+02,8.977913333468301005e+00,5.827916654477075298e+00,1.980827261706454578e+02,3.690531026779225954e+01,6.517515315257129771e+01,5.314675435772258538e+01,2.354268013044332974e+02,2.204930841821898468e+01,1.119011088533896441e+02,3.527065469550455532e+02,3.427741400946552375e+01,1.883955385817884860e+02,1.050185123703399093e+01,2.377544727805801301e+02,4.742651043321559001e+01,1.055751441690126171e+02,5.001444958373114247e+01,2.010264149350187424e+01,7.087982589792480326e+01,2.790382741662952526e+01,2.364381921417779608e+02,2.159325742654021596e+01,1.511073617275777536e+01,7.685191101482251952e+01,2.206385107612702541e+02,4.471216816813725359e+01,8.564066962828769647e+01,3.245700087741828952e+02,2.501076673600317335e+01,1.174118781362631125e+02,4.546902350678019644e+01,5.181769824290120852e+01,8.562641143804471255e+01,1.302815208003825092e+02,1.310370615495474738e+02,5.371579689509289324e+01,2.473621732188013027e+02,1.334403343970892486e+01,1.316818292852994716e+02,1.187693727313849621e+02,2.665955634293217713e+01,1.089346277792044475e+02,3.082104351904675710e+01,3.068536930280693653e+01,2.166557751650013941e+01,1.993197662852909104e+02,4.635004211249760147e+02,1.338514927778932133e+02,3.147567711292301738e+02,8.018683767090006143e+01,3.741884953763727140e+01,4.669442735378687814e+01,1.910600589784600913e+02,2.120783596075774540e+02,1.245681311399326177e+02,5.833565719001828143e+01,1.115314139215067613e+01,3.782501627927096877e+01,1.096616804055037306e+02,8.650526208150162155e-01,1.287340878229119028e+02,5.332354367346286494e+01,9.935586336157763299e+01,2.888179985873421742e+02,8.842460630819568124e+00,1.508782960158701201e+02,7.645112956134575199e+00,7.929229731314696039e+01,5.931971928975852393e+01,2.052531780013199239e+02,1.775583737606359875e+02,2.117608066885542257e+02,1.543200249483012669e+02,1.201443548780903825e+02,1.614481524437331643e+02,1.376355528090917346e+01,2.156795806936940778e+02,1.279654296817950012e+02,9.886812681045345386e+00,2.793268861215925014e+01,1.892116913943178247e+01,2.948155985420997638e+01,1.708292196625068584e+02,1.607782780299341496e+01,6.955518007394816493e+01,1.328617996611304193e+02,3.069394093220391895e+01,3.256377363592974472e+00,2.065615864958854431e+01,1.117709087839828896e+02,2.713993056091325329e+01,9.290006945680001138e+01,1.939474002122335321e+02,4.537057473220335879e+01,9.602597287376079294e+01,3.059165955977125009e+02,2.171443020812878899e+01,1.460916684303593343e+02,1.497188472215234185e+02,6.572741344429340415e+01,1.316604865598390290e+02,1.242962517448560931e+02,1.937236923010609928e+02,1.318336985855682109e+01,2.043631226459342543e+02,2.116142337465879280e+02,6.261273619566715354e+01,4.048861512787283345e+01,7.278614551474221628e+01,1.733432810670005892e+02,5.261290896796325711e+01,1.074968604847798019e+02,8.421921870329768467e+01,1.723543982711870726e+01,6.038131357923245446e+01,2.253013285664099996e+01,2.864656965471316141e+01,1.191037817503108585e+02,8.242014104257278007e+01,5.072164460332458269e+00,1.014213107014467283e+02,1.042223435508715568e+02,7.777404494567429083e+01,7.372808288380015540e+01,1.273220019576999285e+01,1.146966639482012482e+02,8.347051036875383545e+01,1.704048915571759153e+02,1.594177631932563770e+02,1.176967382103740078e+02,3.927390801567919976e+00,1.637101459639879693e+02,1.438252361927471412e+00,1.121197387683161537e+02,1.804029337969561197e+01,3.667241194475928268e+01,8.585443329620267150e+01,9.441554006623080397e+01,2.398379175785880193e+02,8.084736311356579108e+01,4.214415809694119019e+01,6.861843854207620552e+01,4.237698730127296898e+01,9.840078453165973826e+01,2.499243410062160251e+02,1.158214904643738805e+02,8.138065428016754765e+01,4.311031851349227395e+01,2.828305699741609303e+01,1.700186246135224053e+02,3.333458383808057590e+01,2.173520864448484602e+01,4.806715760753093747e+01,2.566813189100504289e+01,2.187942113686182779e+02,2.980162324022052758e+02,2.413832944689097815e+01,8.806393494157318003e+01,1.592743177974626576e+02,1.502578495548470983e+02,4.711746123078740567e+01,1.416814819051330971e+02,4.419060359194347853e+01,1.958037721074441322e+02,2.278477369942780513e+02,6.309570624877096634e+01,1.677454407520903317e+02,7.110629293997412503e+01,1.485139110585302724e+01,6.246845950648073398e+01,6.371733709004431745e+01,6.903427543708758662e+00,2.227963075176549523e+02,1.233587595804783490e+02,9.759014137399033118e+00,1.105570458474305724e+02,2.175327448272028903e+02,9.268577800261310529e+01,1.346019505529210676e+02,1.548899945180374971e+02,6.860644876508386858e+01,8.845459621271926665e+01,3.313993444947016798e+01,3.992367113344905505e+01,4.562775781527449226e+01,1.820096228698168090e+02,1.749108327142269275e+02,3.426515807563987437e+01,1.926502097650990493e+02,4.523693737005950055e+01,2.073759434738952905e+02,6.749234683479343744e+01,1.168305926398035126e+02,6.080648306080838950e+01,3.782270505311281283e+01,1.719029248200477298e+02,2.016562997444754330e+02,2.283042141237757150e+01,1.372666911253878368e+02,1.388424749695971911e+02,9.373977613889114480e+01,7.300163296395508894e+01,2.774826791660684080e+02,9.866886575920418068e+01,1.489153335109325553e+02,3.569225199071041743e+01,1.250829265308221316e+01,3.463427116288392540e+02,2.652081981435271132e+02,1.057646397589431473e+02,2.012917448574688422e+02,2.032520244139427135e+01,1.177026623815143012e+02,3.038382440577898933e+02,1.278578031517083105e+02,5.304187670738829752e+01,5.872047686640794950e+01,2.451279400140066116e+02,2.804951291028107718e+01,2.394984688762399472e+01,4.924012992555680590e+00,9.667149738733689901e+01,1.526888758694841215e+02,2.364744865805084828e+02,4.904574832935710305e+01,1.017665348678778940e+02,1.973937067980693598e+02,1.727804965476765986e+01,1.089828465125676189e+02,2.796270318015327803e+02,1.010892066528510327e+02,2.101452094116675084e+01,4.631869385803232575e+01,1.095211292686938833e+02,7.716391072025800213e+01,5.216096205628701199e+01,8.050809894423106527e+01,2.025911174876437997e+02,3.776400598188860158e+01,3.249984148339621726e+01,1.831248371712856340e+02,1.238319988726295975e+02,2.524289249140154823e+01,1.325331767012403645e+02,6.760327103405751359e+01,1.273166797199787936e+02,1.856159064577940114e+02,6.707544079462542186e+01,1.247273093553874759e+02,2.696277967320460789e+01,4.256182682682415219e+01,7.213019951072497804e+01,1.325155941181911423e+01,2.585122131398136389e+02,5.426148838337461200e+01,9.614499843101485510e+01,1.824743897508310795e+02,2.309296799754207825e+02,2.649282107113433593e+00,1.036375028582875188e+02,6.998883235459963714e+01,7.694368064908110227e+01,1.239079357628688456e+02,7.286592251314024793e+01,1.679546664826542894e+02,1.901624733676797803e+02,1.176578351881330917e+02,4.230783156267947653e+00,8.203058055524790504e+00,6.514410970788348720e+01,1.450687134616933065e+02,1.201642168517117000e+02,2.418636042299391065e+01,6.272063661285798020e+01,3.167537701085595927e+02,3.012804097815820228e+02,7.462847990314084257e+01,1.109158737988215648e+02,2.755667310964094785e+00,2.266004906330887181e+01,1.557888628942673961e+02,2.581707742539894070e+02,1.092256662109478782e+02,1.223987880316198726e+02,5.386542523603014843e+01,1.509032936279427872e+02,8.483961076861736217e+01,5.695822782517709726e+01,1.294183354005916726e+02,1.465109525422027730e+02,8.080701590058822603e+01,1.310483528884066402e+02,5.305014154205895949e+00,2.679700964637435732e+02,2.981371765201237167e+01,1.029748692861706019e+02,1.242772863707103284e+02,9.311953330010732088e+01,1.497125680027515955e+02,1.593399726316382896e+02,2.376372475565507969e+01,1.158585705088133544e+01,2.335026940590193689e+01,7.316243702874335497e+01,1.523885534112746711e+02,1.638537410995593575e+02,5.941156506720482611e+01,1.080493118223085816e+02,8.784484449429248798e+01,3.026744061606027714e+01,5.412711184735823622e+01,2.661895860546172230e+02,4.263247326472654208e+01,5.959313427994852752e+00,8.291738752341119323e+01,5.409458082685382152e+01,3.091301528251148678e+00,5.936131316316731699e+01,9.258838547244197414e+00,5.587474127727487883e+01,3.268819091184755621e+01,1.603671094778404438e+01,2.584773962008054227e+01,5.121554850522833391e+01,9.207794181246738674e+01,1.010254386124523620e+02,3.930716040954244761e+01,2.388061627437909635e+02,1.711924690328740155e+02,4.167235168564076275e+01,7.971336645496462836e+01,1.781763024793684735e+01,1.460008215110834442e+02
5.532693672765552151e+01,1.192640109984081676e+02,2.810724344140903099e+02,1.309565750840845340e+02,3.121595046884076297e+00,4.268324825641178677e+02,1.537198863601884398e+02,2.294721695401246819e+00,1.560028927219681520e+02,8.682625626507130434e+00,4.226288465244933690e+01,1.609982748290264283e+02,2.469746676006575470e+01,8.384696945721132977e+01,8.834945890318424233e+01,1.934876566265810993e+02,1.424240960655787802e+01,4.595108480327667166e+01,7.952837777441301625e+01,4.578778349853507734e+01,2.071845388635009328e+02,1.352726681358314238e+02,5.704044773279171920e+01,1.398120229336168485e+01,6.687733185432385596e+01,4.456691997067118791e+02,2.504994027174948101e+01,1.454092426810035761e+02,1.354690398228907533e+01,3.809542866841806585e+01,8.855054620284414924e-01,1.980617082381820921e+02,6.081308576002128774e+01,1.079579403787070646e+02,1.507237322193297473e+02,4.779144767103417024e+01,1.135014089189502187e+02,5.235567583699455696e+01,9.091248239404033882e+01,2.537929156423498398e+02,2.382241392769579988e+02,4.340405062261999660e+02,9.910166156461441389e+00,2.132176518020954958e+01,1.246814632779917531e+02,1.698375255422658086e+02,6.108491738824511685e+01,1.264499150350058017e+02,2.490213165966951863e+02,1.643517828463545882e+01,8.200152644024994686e+01,7.896763864673219757e+01,4.805137328697753105e+02,3.218755187014385797e+02,1.695345174042381871e+02,4.287005650805452319e+02,2.589800304185328059e+02,4.963485355556613143e+01,3.413544091053682337e+02,2.512633005955324279e+02,4.890346432164660229e+01,1.580396432488855680e+02,3.035012482176018125e+02,1.834221967024200239e+02,2.437382217991250570e+02,3.641181117545538086e+02,3.715972307116379625e+02,1.148229590606907813e+01,3.892107696107679971e+01,1.626901537534610895e+02,7.409710889777025500e+01,3.293881809024024392e+02,1.302417099171887855e+02,3.060720540559726146e+02,2.596334665456886626e+01,2.493126135416565414e-01,1.512017063458914663e+02,4.311496425591298589e+02,4.798535398336500002e+00,1.012736577873788377e+02,1.107863108429418730e+02,9.974447971999437357e+01,2.808479594190716853e+02,1.334871716286658909e+02,1.570427557492617723e+02,1.845388225371973761e+02,4.358862137113859347e+01,3.929506904500402129e+02,2.238088404311730244e+02,1.832178480931295610e+02,3.191078711772075138e+00,8.098269889932353527e-01,4.532108018252736059e+01,5.328061879957147084e+01,2.510800799083002133e+00,1.021525311886713894e+02,4.693818705849802875e+00,1.663500684844153810e+01,3.619013929664710645e+02,6.572649140790700528e+01,7.621864068135035097e+01,3.546822921906136230e+02,3.762717883540467767e+01,2.627844702697046841e+02,2.415921995222321925e+02,5.809943741431646202e+01,1.633102891129221632e+02,2.112004937386121739e+01,8.594176461680285684e+01,3.350872145626219094e+02,1.375659440098546611e+02,7.197252346504168230e-01,1.734746528403685488e+02,1.960110007850767033e+02,1.187400781744718046e+02,1.526100861622707043e+02,1.931186301645666674e+02,2.906956613560703317e+01,2.713607447361015943e+02,3.007288100922881426e+02,1.237680498356748018e+02,7.618971151657133589e+01,2.151033689384955316e+00,8.714633531312129833e+01,1.181258413465835702e+02,1.442179401026196786e+02,1.119318716438519203e+02,2.632122594676235963e+02,1.365513022613251053e+02,1.594115111858426985e+02,1.277172964154566159e+02,1.341987194074251306e+02,1.170389379845662177e+02,3.357639995189548188e+01,4.583889077324577954e+01,1.551128236259204414e+02,9.357866129207815220e+01,8.891172114366747792e+01,1.904938437978198635e+02,2.297052002987899186e+02,1.505135733430106200e+02,7.161227300300980758e+00,4.180362010524518723e+01,5.458616240121658336e+01,1.817197875641611233e+02,9.920956884254862018e+01,8.061061737463545285e+01,2.206985924210645678e+01,9.622321272753499954e+01,1.539316476959345152e+02,1.086423159283262123e+02,6.304077834824375515e+01,2.792730175758468825e+00,1.816894059416280882e+01,1.638559770767912198e+02,1.211519453326309304e+02,6.583134644957130632e+00,2.535518791949804154e+02,1.113682365935462002e+02,2.145842961575712593e+02,5.348719501069260218e+01,1.251151554185351529e+02,9.103203769440101212e+01,3.431335435982877868e+01,3.277078961430029125e+01,1.940514790181147120e+01,2.446979357172416485e+02,8.666834000739855526e+01,1.738322266381589998e+02,1.420087629396833790e+02,2.704684494490663269e+02,1.215665914951859179e+02,2.743962881403141907e+01,1.009648801011616257e+02,1.589850453081014621e+02,1.302358829579942423e+01,1.551693191749045013e+02,8.684284784686111891e+01,2.344052516489636773e+01,5.301717387102655010e+01,8.978879427490285536e+01,3.511105599423802346e+02,5.400187293918421716e+01,3.438704861310545198e+02,6.124864043822412185e+01,1.852091707717198972e+02,1.864890037742233915e+02,8.928196832164995556e+01,1.352137148013514434e+02,4.964055049641650186e+01,1.191271380735520182e+02,2.383768770109270463e+02,1.603738457999708373e+02,9.507259751360022548e+00,5.778214743754724481e+01,8.626352605932022755e+01,5.423144671079867152e+01,1.199976333536967985e+02,1.039458354935920994e+02,9.171960029512212031e+01,8.907573709873730650e+01,1.926452141507089948e+02,1.360742331496655595e+02,4.553139929395330796e+02,1.558985614135717945e+01,1.624077298240044058e+02,1.927766651687338140e+02,1.750964540069620909e+02,2.754627306838048071e+02,2.035983668912951927e+01,2.662784209824369555e+02,2.230730596259207914e+02,1.957972395983141567e+01,1.121043197244064800e+02,5.058166121083128353e+00,5.656339878915211017e+01,1.166036608326726025e+02,1.737801998303080779e+02,1.282154946934768418e+02,5.796738883709472390e+01,1.387435708449811784e+02,9.788958953191156809e+01,1.787497700761952046e+01,4.475669599552617228e+02,8.068406576197858726e+01,4.054903711135684574e+01,1.804894497832337947e+02,1.055457318363670360e+01,5.537309714965512164e+00,3.651104828838648331e+01,1.574305079274807611e+02,1.178954111193992702e+02,3.130874521948427969e+01,4.202726441789287293e+01,1.231443793695951285e+02,2.349923254904919290e+01,8.075510276442557256e+00,9.521091843489941198e+00,1.729423648312609600e+02,7.597981613053492822e+01,3.640723666462022834e+01,7.596966858382838694e+00,3.208803120538465805e+02,1.156907836546059229e+02,1.206376584299017019e+01,1.815697724168962068e+01,8.577034022596963325e+01,9.291482410405647840e+01,4.216320248572365870e+01,4.601886436191833951e+01,1.776045538795893037e+02,1.697697389585908070e+02,1.509623900918480821e+01,2.503032828796357876e+02,8.490037286323200760e+01,2.387403954237639709e+02,1.482686966670908646e+02,1.099011689261077152e+02,2.412036035460316725e+02,1.522952639786803957e+02,2.069396377665949771e+01,4.128762332258241230e+01,4.053558684046219582e+02,1.142356419304397122e+02,5.904432755696325863e+00,5.222184446907905908e+01,1.331912418884192846e+02,5.835301445073661597e+01,6.180687295827462435e+01,6.938705171017666373e+01,2.338258732460878786e+00,4.516565503584575225e+01,1.590888099520576020e+02,2.895541645201639653e+02,2.786218389673599063e+02,2.786025128356005798e+00,2.602750948133017914e+02,2.351076959874032468e+02,3.464549359971732656e+02,2.914735562122847909e+02,2.644786308327963411e+02,5.384938225118090571e+01,8.384241936579998367e+01,1.487154070049882364e+02,7.265445599187670211e+01,2.782892913207572292e+02,2.802866287887990193e+00,6.853050197119918607e+01,1.170493965559886362e+02,1.449121568028177442e+01,1.094022093894948000e+02,2.589154383650145519e+02,2.515516029071280855e+02,2.749823537867987966e+02,1.210579741744911360e+02,9.737748910999557950e+01,2.290224341928462763e+02,3.166052643607079062e+02,2.075516461434391715e+02,8.673238774209782775e+01,1.240548427723226297e+02,2.169373116129170569e+02,1.396644645827365423e+02,9.913657424919382777e+01,8.579223723936530632e+01,8.797323815215433740e+01,1.623456220630702518e+01,1.447295064378752443e+02,1.154352736222647309e+02,2.347901211914824842e+02,2.045888808936435623e+02,1.376009139386143261e+02,1.401603033052874991e+01,8.890917833525037395e+01,1.013206562073172421e+02,3.270393123599757246e+01,4.274280445477462109e+00,6.877810134874310677e+01,1.982215558876957857e+02,1.015449955930896664e+01,1.712878649612755737e+02,1.028543036385701583e+02,7.511085499872497451e+01,8.730808961512109079e+01,9.282528560109833293e+00,1.318258165348011062e+02,1.059181458003536136e+01,1.089228161749332457e+02,2.102222716512715976e+02,3.035152667773477333e+02,1.386252723786539631e-01,1.197456970433152890e+02,9.286170433729859397e+00,1.498458694891017160e+02,2.225138766128040047e+01,4.676188688364162971e+01,1.129983652339882667e+02,3.524924433816912739e+01,2.772093945446510475e+02,6.346938460096139778e+01,4.056733604752196811e+02,8.228473035111083078e+00,1.428647711994262011e+02,2.132384741959796770e+01,3.526582707256907838e+02,1.572097337148906888e+02,5.011752195998963266e+00,1.566920886446116583e+02,1.987292128959584048e+01,2.581410868107690817e+02,2.825403403775488300e+02,3.446460491882992017e+01,6.143674592028433068e+01,2.164566247337810694e+02,8.757510208361297543e+01,1.314379638800906207e+02,5.507629955273117872e+01,5.619505156834216564e+01,1.630348772911311883e+01,3.544995364002643257e+00,1.130017426434320669e+02,7.870772128781651134e+01,4.191232703011271354e+01,6.026369553828774883e+01,1.255870036232656730e+02,1.603538664066919921e+02,4.240750512562896546e+01,3.701091025529820513e+02,6.117849228685741991e+01,2.779042739393615591e+01,4.397686764759683342e+01,1.564883499667135425e+02,1.451418461169371881e+02,1.985651530160007212e+02,2.742754180817090628e+02,1.490189013257870272e+02,2.714561211147253630e+02,2.358001256869709721e+02,1.389835151670825724e+02,8.476760419962289461e+01,1.839528687332556558e+02,1.255294450043007402e+02,3.110912015968518176e+02,1.349831013872622236e+02,1.483177158890909908e+01,1.622673646536269132e+01,1.270115973081932879e+02,2.752934391739557185e+01,8.359217249377485359e+01,8.003411352277344903e+00,8.509001082387884196e+01,3.255418260411382647e+01,4.711128179370056301e+01,2.184352250768597230e+02,1.325946714343776307e+02,4.192659740956252712e+00,1.134935879506935095e+02,5.345290614358549419e+01,1.088846823663862473e+01,5.972348413354652941e+00,2.739123806471055786e+02,1.503160504899423984e+02,9.086611256485880972e+01,1.562387759550234705e+02,2.222731550872666162e+02,3.343321437062348309e+02,9.642618993584528653e+01,9.805055441399231597e+01,4.296983787409622835e+01,6.702991640352983893e+01,1.551375375235246850e+02,1.193722336274563531e+02,5.699206847439282342e+01,2.643321815597379896e+02,5.979460101647987358e+01,2.071541489091188453e+02,1.313025827257483229e+02,2.858566634075263480e+01,1.527294228410639221e+01,2.495382692225374228e+02,9.118753646932286472e+01,2.195247147535824013e+02,1.699432672653165355e+01,1.242947547790162162e+02,9.058949798962883904e+01,1.855331634291266312e+02,8.670059630277536655e+01,8.162989751780655467e+01,1.375208176342118271e+01,1.192935064475122999e+02,3.390272624445260021e+02,9.118691102263216663e+00,1.224005206119759350e+02,1.464149060299385781e+02,1.188522940031898969e+02,2.686531960071874181e+01,1.652712439201608561e+02,2.880638170851656241e+02,3.350272181333763655e+01,1.494691246682517942e+02,1.362373058373580363e+02,3.019443916856353667e+02,1.293790307343451218e+02,6.685823036983316570e+01,1.524429412550529435e+02,2.404323953552457738e+01,4.588800418370308876e+01,5.772757493528572326e+01,3.118146668478390779e+02,2.129215390600609581e+01,2.087268067927479009e+01,1.422384858961856651e+02,1.164922781778940788e+02,3.965550031463393310e+01,2.219188622378046887e+02,2.033859624371885104e+02,1.121862721855617373e+01,1.680562035411086015e+02,6.001573671317797221e+01,1.140203989060114793e+02,2.674002073838866522e+01,1.530693328550215142e+02,5.188269876264932634e+01,2.262724411424437676e+01,6.499101352636790807e+01,9.604998161373090682e+01,4.262480812656257712e+01,1.640275543426609772e+01,3.488235612274526432e+01,6.416520419105899009e+01,3.553083709651542677e+01,6.422675469156171602e+00,4.612545908654896039e+02,9.283021652838826299e+01,1.464310652993104327e+02,2.875096155596011158e+02,3.287857871566422432e+02,1.073858239794457603e+01,8.681608158580232271e+01,1.399758582353067027e+02,2.170636552601046958e+02,7.618355530234411788e+01,5.972112154952417207e+00,1.333730225272455812e+02,4.358733367352356680e+01,1.351714793288584531e+02,1.421468394180396189e+01,4.974049686676159467e+02,1.558292607028646444e+02,1.238209300481379529e+02,1.794291073716116500e+02,2.107772832259906011e+02,3.042177232635232897e+01,1.249524921864177145e+02,6.346343760603011930e+01,2.099955413802623809e+02,1.452209713799025224e+02,1.133332601319969797e+02,2.527499297840370787e+02,2.087186934892747843e+02,3.425708100382985322e+02,1.384598548352160385e+01,4.503782341045906179e+01,1.839875848790437658e+02,3.641919518689447699e+01,4.157314191630128875e+01,3.463323926646222617e+01,3.940170457158574777e+02,1.074532381984641916e+02,3.580837052308574471e+02,1.197801372711244170e+02,2.756900332662085020e+02,1.660107958939277850e+01,1.111165758122151033e+02,7.366509089407581712e+01,4.194013660681071798e+01,3.154945504815549953e+02,1.223609157541594215e+02,1.345896845288271209e+02,3.369036095148636889e+01,3.824240219331034041e+01,1.149025374102101438e+01,8.530543139289966348e+01,2.106638206806501401e+01,8.858710299484609152e+01,1.460193878752937202e+01,6.858485037431690046e+01,2.981215236668345483e+02,2.284370764974872259e+01,5.271207576048454513e+01,1.314207603812880905e+02,3.427777141605137956e+01,1.910373690612325106e+02,3.427695901510886500e+01,6.331866217615094428e+01,1.100466709115585040e+01,1.945264846715013221e+02,1.899564018280195299e+01,2.346121297430470065e+01,1.855860935223381603e+02,1.748293136972017408e+02,1.138766890706305723e+01,2.115171123719798913e+02,3.283970499667291278e+02,2.502328327305938771e+01,5.742623908983798486e+00,5.230442392053475054e+00,1.121872946793495061e+02,1.156007559038033463e+02,2.722428843610583158e+02,1.001376189314559468e+02,3.552654141132688892e+01,2.939154780581768591e+02,1.152134031120914273e+02,1.739721342372707511e+02,7.404711273725480680e+01,1.312888217727159486e+02,2.061935295603191491e+02,3.304576270242953342e+02,1.970979221814032201e+01,1.081137002713356878e+02,4.386815946889747408e+01,3.648780717741693280e+01,1.558777074550954467e+01,1.046316242175707174e+02,9.703226500570077917e+01,4.702781188216646768e+01,7.898012361372521184e+01,3.573319744861485106e+02,1.395067302739866300e+01,8.959314176079929837e+01,3.313952810308811792e+01,1.089045686003054811e+02,7.462787135705207220e+01,1.771440037711471689e+02,3.636508025388086196e+01,4.961804870147928881e+01,3.811285276947482430e+02,3.952141800156124418e+01,8.678651720086845955e+01,5.782694782706429493e+01,1.243149870930133858e+02,4.083519177486969198e+01,3.553898345829363166e+02,1.440992250867319342e+02,9.713888755941910347e+01,2.214166553423462176e+02,2.661923178900547882e+01,1.289514881543412912e+02,4.461243689546120095e+02,1.786368598867770174e+02,1.466480993864647360e+02,1.080788391361186171e+02,1.516275520308207376e+02,2.473869787347231579e+02,2.598985374422147174e+02,1.009828687990781582e+01,4.635000634607860661e+02,2.085869958794791046e+02,6.143933486423066626e+01,1.078999873869085349e+02,4.267232985986753988e+02,3.832247594493007625e+01,3.889656844043382300e+00,5.029180544374867168e+01,1.031109302215864965e+01,1.446379009867872583e+02,6.029505344273560041e+01,1.786029602294688630e+02,2.735371305027508129e+02,1.041228150909779941e+02,2.000257422963866816e+02,6.508744600391737833e+01,1.605820279852872261e+02,9.920824079565606723e+01,2.276120349768506799e+02,1.745101427876963385e+02,1.497957896102490452e+02,1.593565864832243761e+01,2.799069238072868302e+02,3.037633225948397921e+02,4.045539028890883770e+01,1.209774814790173103e+01,3.427965955695640332e+01,1.495696732558039628e+02,7.373317392510705304e+01,1.693409321206780760e+02,4.791390900170006972e+01,1.200643455500746093e+01,7.057917484660138996e+01,1.023438329240296696e+02,2.037427391848194418e+02,7.840770171344680683e+00,5.129588247802016276e+00,1.212247653776593523e+02,5.005376293227467954e+01,1.483452979391591668e+02,1.484854369679945592e+02,2.414250775895633012e+02,1.615663380790047938e+02,7.738878282648055063e+01,8.626360860882684278e+01,1.212242718901530054e+02,5.151877881713595286e+01,2.347675989147947462e+02,1.317407475964432422e+02,2.597269643025405230e+02,2.216603470988136149e+00,8.758282286724067944e+01,3.196983352110499368e+02,1.841164773322188353e+02,3.686845570170601150e+02,1.760521158192732116e+01,3.280155098096878419e+02,8.419897657068521823e+01,4.257073194891468404e+01,7.766767733458762279e+01,5.414279539000338559e+01,1.711314346180492407e+01,8.509925986852492485e+01,2.456540073234468124e+01,1.488678676489190345e+01,1.048641909076994096e+02,5.429823493313797655e+00,1.895581830385108901e+02,2.378808746857204071e+01,4.562081368270435888e+01,1.526948173616690063e+01,2.034318645765175688e+02,2.288266354704373953e+02,7.027687839694280569e+01,1.841592074246630375e+02,4.821070772234716628e+01,2.444142141140995079e+02,2.122874079851105833e+01,4.120755643615791541e+01,3.835688181958069976e+01,6.640319952446235163e+01,1.124758872491550221e+02,1.060807151774558577e+02,1.264518624275904131e+02,1.666880216341942145e+01,4.056640582072503776e+01,1.958516723266154358e+01,3.527132224963715998e+02,5.027295710452479938e+01,1.515133931782864067e+02,4.060249823596372920e+01,9.450687435597970421e+01,1.114395372576940844e+02,1.096764956592865303e+02,8.175076479893014891e+00,3.519074553915017844e+01,1.430377832537407983e+02,1.212399089475167102e+02,8.746376954499838519e+01,4.643135945194496372e+01,3.275913804493471471e+00,1.039816870331014620e+01,8.193545314287888459e+01,2.642452416378002908e+02,3.672564650193598936e+02,1.034452252609997771e+02,1.838077225427650285e+00,5.643184792756622414e+01,8.578501815104971229e+01,5.730186895369285338e+01,1.152974791889599402e+02,6.379344155618170475e+01,8.420692206347700903e+01,1.740672414661809242e+01,4.736586163128321800e+02,1.045692784060702820e+02,3.433319590066435580e+02,1.771974018906540778e+02,6.477914418061948254e+01,1.387637997833467125e+02,3.592753957927727129e+02,1.597616266116546768e+01,1.011438966184040993e+02,2.016875659293458227e+02,4.226101546236368023e+00,3.848147143661003042e+02,2.233593065693581821e+02,5.832239006137263715e+01,5.405017712630707649e+01,6.426553389497710045e-01,2.178957529064674858e+01,5.217473375563218241e+01,6.916016691878125755e+01,5.365436327940483352e+01,5.630413369737642393e-01,1.025532879806529678e+02,2.212155118033930705e+02,3.288274625997195244e+02,1.007748143812524688e+02,1.891809389759913813e+02,9.672034091220512053e+00,1.884493115701562544e+02,2.042552345356638170e+02,1.059092870815771015e+01,8.223355667773613220e+01,6.354095392834068434e+01,2.988967181992435584e+01,3.050015839212803925e+01,6.185021288908777848e+01,2.021170328386420749e+02,1.704376398598114690e+02,7.930586539140037416e+01,3.754540239901064069e+02,7.536947362831877228e+01,4.993193923553100433e+01,1.043542511135692585e+01,3.402505799796106345e+01,4.155030663714807702e+02,8.389495181113862543e+01,4.066807864779726600e+01,4.623339372800651148e+01,1.583891461735972541e+02,1.033389038856139024e+02,1.954556640868307511e+02,5.999995108472595717e+01,4.247172124603674206e+02,1.568357836059454939e+02,1.403070787603124643e+02,4.800320739199556641e+01,4.861837819383963932e+01,4.761202758207887342e+01,2.663155280215718221e+02,1.548942480591894082e+02,8.884555194257755772e+01,2.754464060605045006e+02,1.161354058838138599e+02,2.424498026863221867e+02,8.901619708587743673e+01,1.997137304683235186e+02,8.661933420962456864e+01,3.169330292273455996e+01,2.423219777457856310e+02,2.064281632265533517e+02,7.428956238201114104e+01,1.253522742198926068e+02,2.690597448844271753e+02,2.088379594393547123e+01,9.899947473239123497e+00,3.973174433236770398e+01,3.123870270216548874e+02,1.239279210031669409e+00,2.243634696452559751e+02,8.031233688756331901e+01,1.598953737173423235e+02,1.158020875610299356e+02,7.264899107683754131e+00,3.398524674549196334e+02,2.200254227922803807e+02,3.487393471578111637e+00,2.812592314643419513e+02,6.697430780574990195e+00,6.171013522138068907e+01,3.122917596612490456e+02,4.878601413487729843e+01,3.195769325954231590e+02,1.081089996830208264e+02,5.336289976154936454e+01,1.729245658777321921e+02,4.123439311904355122e+02,8.894884526562746885e+01,4.652090176694732904e+00,2.146068684642283397e+00,2.684792062168220994e+01,3.676106333222509761e+02,4.677080264969567480e+01,3.420792716554374238e+02,2.152285105170383588e+02,2.646809744520533414e+00,2.640708085066524902e+01,2.924268341682335048e+01,9.812183010956452733e+00,1.655458172959773435e+02,2.654108547446944613e+02,1.456442338925283195e+02,6.632838558453908462e-01,2.080073816529976583e+00,1.680422554204053824e+02,4.202534486172269226e+02,3.038847154130799666e+01,4.806298774858870360e+00,4.458619647567581410e+02,3.059426807509876767e+01,6.641614891675600063e+01,1.031111060665526082e+02,3.743273350947941935e+01,2.868164988178786245e+01,5.439913973259840674e+01,1.053540932521913334e+02,3.464079674024332576e+02,1.211543101080253564e+02,3.355882412718214596e+02,3.699633841527717664e+02,1.027680829586013687e+02,9.944077181025625123e+01,2.356055663225803016e+02,1.440086929062221373e+02,3.909318594647277223e+02,2.871854495944476184e+02,4.796327277719085913e+01,8.773244989061197430e+01,2.236573833482107787e+01,4.121600935436183732e+01,7.222589615701517118e+01,1.496589533584231333e+02,1.894097498857167921e+02,1.863579627542208357e+02,6.050818659924012621e+01,8.184979705882328460e+01,9.913463996600067674e+01,8.567778378088947022e+01,1.087827089126021178e+02,6.994085982482729946e+01,1.919963394922339717e+01,5.896414741212146993e+01,2.079469587086540798e+02,1.393525678019809106e+02,4.963187476098213580e+01,3.889328077932826204e+02,1.370149257846732382e+02,6.867100628212181590e+00,2.192474422778133487e+02,1.389559254848631724e+02,2.503508054677276462e+01,1.893436883252980749e+02,8.127927218645355367e+01,1.180550759334485349e+02,1.232809203527533128e+02,5.849431198942362187e+01,2.446957672300372906e+02,3.927724943595021045e+01,6.659048964694454753e+01,1.720068867067966494e+02,3.040952391687603651e+01,4.881585748007403680e+01,1.191710326313113342e+02,1.247742080846782926e+02,1.872536604169780787e+02,3.665109399997987794e+01,1.427811093737281851e+02,2.693031890902014993e+02,1.651914171554651318e+02,1.813717614641640807e+01,1.667291048122394841e+02,1.954219359467050197e+02,4.056522044594746035e+01,2.182422019223290022e+02,2.147655830023078067e+02,1.595206289861323796e+02,1.185708115570513144e+01,1.495397703650216314e+01,2.928316280474714617e+01,3.290580553720295853e+01,1.588752445310093719e+01,1.064762901406171949e+02,6.005940424747280559e+01,1.261539210223527618e+02,9.891602426636252687e+01,7.164130781694269956e+01,1.940117486990132818e+02,2.981001043253059812e+00,2.884347920869146620e+01,1.132443382754413932e+02,2.196038877141904493e+02,1.430261074361172575e+02,1.754726169255730994e+01,3.614435892330523359e+01,1.102240227212607380e+02,1.762017030258781745e+02,7.860154763746434980e+01,7.907969707433007045e+01,1.793257701574839018e+02,4.792290984262631923e+02,7.107852107000924491e+01,6.360141058738385311e+00,3.561304433588161800e+01,1.011417570300078665e+02,3.667970275469780006e+01,2.966419417852292781e+02,3.411566536539205572e+02,2.016066635627541643e+02,8.256524479785615256e+01,1.015353224584439040e+01,8.532219095937675490e+01,5.136126998808415323e+01,8.300823397868897757e+01,1.080142243728561766e+02,1.949915139860803492e+02,1.873201853497048717e+02,6.623458834379340487e+01,1.873560191949041780e+02,6.168734689752619715e+01,6.730912396200616854e+01,1.886018127873558470e+01,1.573514556375645590e+01,4.863161538280403562e+01,1.955307088761628904e+02,9.487905596245937545e+01,2.391287153741507439e+02,2.871819974381629095e+02,3.409876257442861203e+01,1.279760151136151194e+02,1.888520989996638093e+02,1.059142933416323871e+02,6.693505100108245642e+01,4.100534739182495514e+02,1.942855734185042422e+02,1.096697810403350246e+02,2.090163268412780440e+01,1.942418146835535993e+02,5.199933769803272554e+01,6.268375916122357694e+01,2.027674871929218341e+02,3.252432895060152163e+01,2.434938454485228476e+02,1.359505535544762900e+01,6.138425854256504266e+01,2.144979542208819225e+02,1.207979963111008992e+01,3.716023002809448172e+01,1.069088656022424466e+01,1.480794054428142204e+01,2.572745420454543819e+01,7.602326726399809331e+01,2.186505211568720597e+02,1.375422902058316481e+02,3.307535210587513461e+02,1.586585518911814707e-01,2.222467023655113749e+01,1.965337110938309308e+02,4.033507507410794091e+01,8.261852018100064754e+00,4.226507463174500003e+02,8.427049188014417780e+01,1.164049399210354210e+02,8.240391179710083236e+01,3.337073186091286630e+02,9.355129340054007514e+01,2.227439531967405344e+02,3.087984879662445223e+02,4.246109402303594749e+01,4.167927392844401311e+02,9.770456959045419865e+01,1.756641027476777950e+01,2.645312866388817952e+02,1.022951766869396693e+02,2.910917635575269813e+01,2.541697721583151122e+02,7.903128649503996428e+01,3.057870080488748386e+02,2.519559914941446550e+02,1.486111055927164841e+02,1.130946495081681888e+02,1.461994678222845323e+02
3.144911730666719052e+01,3.648792699344351718e+02,2.158477171170194424e+02,1.491639127301936867e+02,1.411638678056385459e+02,2.426902297977838430e+02,3.492875378119470611e+02,2.455506081976145367e+02,1.194296937404020440e+02,9.354369386849191059e+00,3.750206620466101270e+01,1.108130801562140277e+02,2.001093353331026208e+02,4.280173387247523209e+01,2.341617381745539035e+02,1.243060517753106637e+02,2.462490196077437190e+02,2.466024915344410999e+02,2.540033820308170789e+02,9.532484977544966398e+01,1.740406239641588684e+02,6.722893975332971195e+01,1.387404067328844519e+02,2.340152744584178208e+02,2.032877709095474756e+02,7.238309026689721293e+01,3.380377451220869602e+02,3.959223655511197393e+01,8.242852286501688752e+01,7.927925928541183964e+01,1.905995190915552087e+02,1.916390143673242790e+02,1.620769244243739138e+00,3.550807509385817298e+02,6.512362649767625555e+01,2.250763233127184648e+01,3.227418249739171188e+02,5.309974226252072782e+01,4.441302880510083924e+02,1.804016978716668973e+01,2.885300397981479250e+02,2.995176732737069756e+02,8.186685149391693983e+01,3.368336955263532495e+00,2.338442871457411343e+02,3.429800679256661624e+02,2.894534205342664990e+01,2.343897021439488881e+01,9.669120472385714038e+01,2.914003790378495751e+02,1.634249115199605455e+02,6.797532094293225668e+01,1.599120496164087797e+02,1.946008865615684442e+02,4.260191769047788846e+00,3.298917495992120621e+02,5.867320278515163068e+01,4.474051066696267043e+01,7.415669412100102420e+01,8.661020983227695069e+01,1.539797019633886066e+02,1.311588106722501550e+02,6.188076464753563499e+01,9.629518261050976946e+01,3.087940232131591642e+02,4.909326154905296669e+00,8.455582681821768176e+01,1.038030854209583396e+02,2.930640879489868098e+02,3.623809300140203504e+02,9.470572000294016846e+01,1.837078129152345412e+02,3.277987349239793247e+01,1.257964199824858831e+01,2.303458946925729549e+02,4.594587657613160303e+01,1.064167706200216941e+02,1.155077135473226093e+02,2.129445224838755450e+02,2.870352273341230784e+02,4.772133745777295388e+01,1.733233781491477714e+02,1.367761679092336102e+01,2.584241239287064786e+02,8.006638411200511030e+01,4.946039359469260717e+02,1.728706160877692710e+01,2.078126659066310538e+02,5.042529981155948349e+01,1.204223724625201584e+02,6.044088428017858661e+01,1.032176772545545305e+02,1.479232986916995003e+02,1.876030982213444531e+02,7.977107324832309132e+01,3.136002030044871844e+02,3.035450764552927581e+02,3.069267325441134897e+00,7.956888251670727641e+01,1.216184484491703302e+02,4.197416471654752854e+02,3.112260810375341293e+02,1.107275610548475981e+02,1.066502183006362685e+02,2.175561998767742296e+02,2.038011042901465260e+02,3.065417042585852982e+02,1.698298479534148839e+02,7.772366555563268165e+00,2.354050859741017803e+02,2.760631638388838951e+02,2.265523818126191884e+02,1.312788436961838272e+02,5.244484457478075257e+01,8.250421747783771309e+01,1.076996232875907538e+02,5.110080889247502114e+02,1.420098658134953666e+02,3.234062585635217033e+02,1.361474006044241776e+02,1.463703766661153054e+02,2.798148538841497270e+02,1.384816062107556700e+00,1.999846625831704330e+02,1.062213063383937452e+02,6.688337771328549763e+01,1.421659099988058017e+02,9.705587750216845677e+01,5.368162725723600914e+01,2.329859433266549047e+02,3.282151194057416319e+02,7.852285444119360136e+01,6.947929468856698065e+01,3.348919201437274751e+02,4.379380233603847614e+02,9.016633738258506980e+01,2.613646042793867608e+01,1.982202743784117160e+02,1.437314178986659101e+02,4.144493722017973028e+02,4.526889595567708824e+01,1.354933285068304372e+01,3.139068893163631060e+02,1.491243522356214442e+02,1.162094276093699818e+02,1.060243329363944866e+02,2.833953604488675069e+02,2.032619513787429071e+02,2.131834158551859275e+02,2.256795856961221318e+02,2.159746673117126647e+02,3.480830053498963821e+02,1.727664829247673879e+02,1.283190995969499966e+02,3.323299622600216594e+02,8.118154147796569475e+01,1.150030211591760434e+02,3.697742048566187822e+00,2.218818075432934904e+02,1.446476574199347169e+02,2.944091987845220046e+02,6.315349821477911796e+00,9.368131450962788875e+00,5.134523535699706542e+01,2.688985232516443489e+02,5.411452272514977579e+01,8.043034089570781475e+01,5.364925842084198138e+01,1.548214451341887070e+02,3.394501760917474087e+01,4.859148050845782905e+02,1.629664315067695100e+02,1.734847945307223860e+00,1.267702097645484969e+02,5.036448564641855228e+02,4.877951253522311248e+01,5.446410911392377585e+01,2.338494075561050067e+02,1.945252188028547096e+02,1.585521569652600533e+02,1.056934240740537660e+02,1.276719318247342159e+02,1.043627896781656119e+02,8.314956452519373897e+01,5.486786094342477327e+01,1.986858998677832915e+02,1.454931270023371042e+02,2.728512910767566382e+02,3.040783898196133919e+02,6.648513852971909444e+01,2.187786720097971909e+02,1.567488905551721423e+01,6.412783963248022019e+02,2.212764711046668538e+02,3.181951495573904367e+02,2.784969006404620018e+02,2.502585264631654738e+01,2.814450931695062650e+02,2.118380234760875567e+02,2.641374405525476377e+01,2.651933628665175888e+02,3.043932454717680116e+02,3.250116282675533625e+02,2.732324634879572045e+02,3.615757890800700238e+02,1.177442544089279295e+02,3.494146322574814008e+02,1.916688892573907026e+02,1.214683465828461806e+01,7.082071507614769246e+01,3.003873354871802235e+02,4.741281203029437563e+01,3.636685119475948369e+01,4.114025738201958688e+02,1.487999123745919690e+02,2.256240315962486704e+02,2.524378340500510660e+02,3.815933516238220022e+02,1.180677331137749917e+02,2.814510034434812837e+02,6.312987886704859619e+01,3.983263373062695791e+02,4.141375808979802855e+02,1.467644292641094523e+02,1.828847000442934529e+02,3.292001402613479968e+02,1.846338459815100066e+02,4.139363644963523825e+01,5.565562571896109745e+01,7.012427740009934496e+01,1.832746601038852816e+02,1.033124044134977595e+02,2.024363940236131398e+01,1.393052659988491371e+02,3.048150879545500516e+02,7.928745069524766542e+00,6.189602952372527511e+01,5.020406059969093349e+01,5.103312593259093433e+01,7.985926970830627170e+01,9.178199758175050249e+01,2.084990428563604610e+02,3.485488747161707757e+00,1.453686608378342271e+02,3.288131785292566747e+02,4.246882350185131827e+02,2.106924078934593680e+01,1.356276753311462073e+02,2.283252373463477269e+01,7.298728987700398818e+01,2.200726526108099108e+02,8.837453827716448984e+01,8.898377698173077022e+01,1.346469846428841777e+02,1.068458416589345319e+02,1.862479122187170688e+01,6.271270454339558853e+01,3.085354164880477512e+01,5.172396743488554449e+01,1.478045366987290947e+02,9.715977860912033748e+01,2.443568766787052766e+02,4.754063318298340164e+02,5.874192900127589212e+00,3.974194028919690140e+02,3.264718930068157192e+02,2.248372237878698243e+01,1.272516017075219139e+02,1.099440487648307112e+02,3.570180667090318138e+02,2.005755378399246354e+02,2.276993340776044477e+02,3.917102379022284708e+01,3.447209332632069732e+02,3.921975164453425009e+02,1.987435364994214240e+02,5.830648815321944056e+01,8.386811847326625013e+01,6.376108327819984822e+01,2.872937088303728501e+02,6.437981446663711438e+01,3.222988935556832644e+02,1.365867021969006316e+02,1.125314964208965307e+02,5.758344236152651519e+01,9.945780373397325036e+01,4.844613635446330022e+02,3.597907830985580802e+01,2.791966387729137864e+02,3.716578050109620790e+02,3.854386937398033410e+02,1.307468242964559408e+02,2.126049260984986802e+02,1.704721499217794474e+02,1.195044019961319890e+02,2.076091670991702358e+02,2.243741950435885428e+02,2.910213457571524600e+02,2.385489613334010812e+02,3.136986088010055482e+02,3.383163293010432682e+01,9.478855965040561671e+01,7.762087164234330317e+01,2.526566448936960967e+02,3.150877219676013308e+00,4.602051901087450148e+01,2.177406047595315286e+01,1.223995285293782445e+02,1.775449510932014618e+02,3.331259056412705633e+01,1.370260411140256167e+02,3.248083902046865319e+02,3.898106095195323206e+01,2.374518148505788133e+02,1.217561863249464515e+01,4.749009602172167206e+02,4.626441709796319657e+01,6.184244379905329936e+01,2.021058149820563301e+02,5.944046186482551519e+01,2.714074247129329365e+01,1.610064917446264019e+02,2.901518399455017629e+02,1.354198755579935494e+02,3.425167869246639896e+01,1.438960222308960795e+02,1.937577906289799401e+01,9.180447586635801827e+01,8.182189579765734777e+01,6.330256224189376013e+01,3.829032441247384213e+02,2.125702892053261621e+02,5.147933066657070640e+02,3.309128692314276918e+02,1.531693323935705848e+02,4.441656089113602235e+01,2.585572420893645926e+02,4.474962534572659578e+00,2.043495966425268762e+01,1.451032325878196900e+02,1.834293872861442480e+02,1.163431923753934143e+02,1.297728499128248991e+01,1.927154091390036399e+02,1.143968773780430439e+02,2.931512996205011632e+02,7.375211188308584553e+01,4.825071152287718945e+01,1.825317056585984972e+02,1.500011580228688786e+02,5.213074500668064104e+01,2.311370158642064325e+02,1.295990091695707918e+02,2.268453994926192081e+02,3.232919896431683924e+02,3.066293812028088794e+01,9.246639476657151135e+01,2.855567693243784220e+02,2.987714606875889558e+02,5.403004167421101300e+01,3.937421801862985262e+02,2.781842623238168812e+02,2.845393709402791274e+02,1.659578700959610558e+02,4.671413696942772162e+02,1.630508083755736664e+02,8.170739808145556538e+01,2.709236463717660968e+02,2.725388706390489091e+01,1.040854117182538658e+02,1.064748850641305609e+02,3.419330894138170720e+02,2.042307985739228400e+02,3.566025138437949948e+01,1.886215512540840393e+02,3.256409829573238426e+02,1.709265256052993820e+01,1.116731897923074399e+02,1.310853380942552633e+02,4.501215193965195027e+01,1.452710321806409866e+02,1.671619679963094995e+01,3.178761504157226341e+02,3.525263055581067420e+02,1.508464403601918775e+02,2.025122381090948238e+02,1.142998201144638557e+02,2.434583191418167019e+02,4.836182191485506543e+00,4.577764054269074450e+02,7.792343533490470975e+01,2.466418918806180471e+01,8.574620929354944110e+01,5.147526878772899828e+00,1.703356420406234122e+02,2.114272089433017356e+02,1.050076500794620529e+02,2.262502635852061701e+02,5.891302691774012601e+01,8.685450712270451845e+01,2.614651520749662836e+02,2.094439594925283075e+02,1.463769365608517887e+02,1.298705744346578967e+02,6.572003471199846736e+00,1.814562963644834497e+02,2.413438227911734089e+02,4.021503004927082543e+02,3.815665026185731108e+02,1.358700149506291837e+02,4.278533417315671272e+01,4.197074027257557560e+01,6.100203503171617747e+00,2.334045747752123035e+00,1.745931436453031083e+01,6.637494834251704390e+01,2.449791867222791097e+02,4.721831988638292898e+01,1.533962456467715469e+02,5.623117300765159143e+01,3.863902443372036828e+02,5.729819126491144488e+01,8.831915137035247199e+01,6.941925831569824368e+01,1.753294180312409765e+02,2.392909610526820074e+02,4.304930008717471992e+02,2.068246469373738421e+02,2.221161565648557428e+02,2.540638601420788518e+02,1.984056333336836531e+01,2.329351395714514297e+02,3.036739100681996320e+02,7.167503357670122455e+01,7.179387126760873628e+01,2.187879175034236923e+01,4.359840988762637153e+02,9.844850895952477643e+00,7.207494063095070658e+01,2.004604932017282408e+02,9.061187328082665360e+00,1.343667459604809551e+02,2.254692020567108557e+02,1.390050930256267065e+02,2.273244073634845677e+02,1.394661092455104097e+02,6.279739303026333630e+01,2.319826935403868902e+02,2.198420789402484488e+01,4.563666062396051615e+01,6.676169115321555125e+01,3.147394112904277677e+02,2.218653500275482600e+02,2.331543832910653862e+02,3.009013346952585835e+02,1.407444772548082028e+02,1.233680814460705619e+02,6.652257468883441049e+01,6.877637692880072962e+01,3.311215239790001306e+02,4.750503007606060919e+02,1.237577063394755470e+02,5.808753383432473782e+01,1.271410042639165106e+01,1.813800613884005486e+00,2.285031226352728311e+02,8.588927249936658370e+01,1.217704287496847542e+02,2.093614683679675466e+02,3.602194195928930043e+01,7.133774053323533337e+01,8.844420943470776564e+00,1.316360783008038027e+02,1.805216215454107385e+02,4.523301753388801139e+00,3.058173918814313197e+01,3.170449815015862214e+02,9.366270828338656429e+01,4.914731859155920688e+02,6.744942827903294358e+01,1.680206322290004550e+02,7.568656069239773387e+01,4.056165345761610297e+02,7.515828550169763389e+01,2.135268344563925424e+01,1.610235826035501105e+01,4.764004908719214768e+02,2.179338724017344759e+02,2.845870065412609620e+02,3.873994417699901192e+02,3.916091431795777567e+01,1.200845097355517339e+02,2.067372822243638453e+01,1.939088461136026069e+02,2.833506320356303831e+02,1.824802456184044956e+02,2.230963214749314716e+02,1.559856090053654327e+02,9.462264246684615898e+01,3.682728183747371418e+02,6.322745491118548671e+02,3.269824061487739897e+01,2.117832956374718663e+02,2.100115042543856987e+02,1.252975443040614891e+02,4.865720540693758380e+02,5.202590929878954285e+01,3.436349728242470292e+02,7.334095279000342771e+01,2.040793365940750093e+01,1.794770527053966305e+02,9.119237467525891816e+01,1.111730623099630435e+02,1.167659404209692156e+02,5.202072589119405848e+02,3.614544639302835094e+00,4.593080159859248823e+01,2.755695118768909992e+02,9.303383466466518925e+00,2.856448702193354734e+02,4.042890050294313937e+02,1.048176786342780673e+02,1.174918472554805930e+02,8.532720043468521309e-01,2.157236759926008745e+02,1.892855389293072506e+02,4.570737765325704913e+02,1.092086157657692382e+02,2.611580816237353133e+02,9.107903555964382747e+01,3.662774175951802249e+02,8.822672850128809330e+01,1.130506831381579502e+02,4.749727732378944189e+00,1.199696966176543356e+02,1.770277032818572138e+02,3.006306279307436657e+00,6.560299398391138936e+01,7.404137448787066944e+01,1.496030561647642969e+02,1.669895707265932288e+02,2.495355090952791954e+01,1.835420837121892816e+02,2.236146788665722625e+02,2.351658668166365658e+02,1.590791432099200620e+02,1.617360337416606910e+02,3.019196680790941514e+02,2.477721863208873856e+02,2.105337851212300677e+02,2.424447898290981840e+01,9.591271297372350091e+01,1.465486356824809100e+00,1.213304765469000301e+02,1.071493404156092311e+02,7.987334530751850536e+01,1.418444278056419421e+02,2.243222642027378697e+02,3.205174493856127924e+02,2.159316288430586610e+02,1.913413326681805131e+02,1.025993911198212203e+02,1.642710497701018539e+02,9.849429948269090573e-01,2.598044999500693564e+01,3.632412701284885657e+02,2.538252517408915310e+01,5.469458124554650169e+01,3.030768339830635796e+02,1.072495144275825112e+02,9.751131572775450707e+01,4.573498211597507890e+01,2.793749158482267489e+02,9.693871134637289799e+01,3.172861470797852803e+02,3.163554499063467915e+02,8.080932456465235703e+01,1.595225257146782916e+01,1.340754625808149569e+02,1.082411343120483451e+02,2.582143295515789418e+02,1.577971651348051125e+02,4.705115611364752937e+01,8.803324833999165833e+01,1.494801852964818352e+02,1.153750672519568496e+02,3.274303372304424187e+01,2.538541952676507307e+01,3.815688175308992527e+02,2.973982397990783966e+02,1.692605602675709804e+02,2.157955985539581718e+02,1.090125803162270302e+02,7.871876363236884799e+01,8.479188590397460246e+01,1.845766534762936715e+02,2.598124984202251042e+01,2.430578767153053548e+02,1.703455328353174707e+02,1.535926249473523626e+02,8.701519890686402903e+01,2.882211463365947566e+02,1.201351913086660517e+01,2.555887923540762685e+01,7.906662165042121160e+00,3.013145209271950762e+02,4.552943829091518779e+01,2.731569697247601312e+02,5.804114626776934927e+01,1.311178897418759277e+02,1.861841618225944615e+02,9.683985680622559755e+01,2.105366257260071734e+02,2.127536197928720014e+02,2.283578477583005224e+02,7.023937186564248236e+01,2.230691752554810492e+01,3.489284511833739657e+02,6.597004433350130626e+01,2.869293973492034411e+02,5.110107070024747031e+02,3.376088992997721903e+02,4.839367250089118215e+02,2.407448957292599516e+02,2.075995778739382729e+02,2.942934511905584216e+01,5.843371488539952452e+01,1.690832769418791486e+02,3.168993431977782507e+02,1.638663983116848897e+02,3.686154065242738511e+02,3.495124508818128106e+02,1.934182208097521993e+02,1.722517463151953905e+02,2.841370716777600478e+02,2.055618538608481742e+02,4.880213028915726170e+01,2.046758326797531993e+02,5.091938331494662293e+02,2.020851667316261739e+02,1.923390160889630636e+02,4.434739489341063177e+02,1.064305862474083142e+02,2.383833334367679129e+02,3.450844953452919981e+02,4.320914716841564740e+01,3.071632068956258763e+02,1.080375944024420676e+02,8.412829693975122325e+01,1.278406148043926152e+02,5.947511068972773529e+01,7.577095442421190796e+01,4.760828841350599561e+01,1.759937230037861582e+02,2.036809715496338811e+02,2.437706361335014265e+02,4.090515227774636173e+02,1.171417919409523165e+02,3.315598112940058968e+02,2.520249311793116647e+02,5.430510685086054501e+00,2.361764557994788731e+02,4.177778972816194170e+01,1.438550988511400703e+02,2.701244922386869121e+02,5.805845411814039636e+01,1.705306683097973348e+02,1.165801548180658109e+01,2.115776332285081764e+02,4.674960256423951819e+02,3.085526843948292139e+02,2.376895603907786381e+02,1.336935213393664128e+02,1.173162610493399249e+01,3.203895180571520882e+02,4.051921633599567372e+02,8.927660632887793213e+01,1.711757094006380555e+02,1.102396092749972922e+02,4.051632850743999938e+02,8.410143169562103083e+01,1.707389550921149350e+02,1.201052754361613495e+02,5.954134954128389268e+01,1.648679125063864959e+01,5.159341111877961339e+01,2.571705813185050360e+01,2.919926346412636065e+01,1.793994070454178598e+02,1.565419349074965965e+02,2.571304543166474446e+02,7.932661056192884530e+01,5.045122592170920228e+01,1.242733083724603489e+02,2.464437736796813851e+02,3.310042667396816682e+02,1.358081877046048476e+02,1.255413432452179734e+02,2.356654235742752519e+02,1.121551690632477403e+02,3.263572691559465397e+02,6.910747221392674078e+01,1.605297171263986513e+02,1.198798905526609957e+02,3.469000179008353939e+02,7.639547825511642998e+01,6.132897024870339209e+01,6.500894116107650689e+01,3.531355351404960743e+02,1.253026601652789083e+02,1.214221662515521984e+02,1.336125461260617726e+02,2.232864556692374265e+02,1.582016109884378352e+02,9.842612821802187284e+01,3.301586803219915396e+02,1.947918907081148632e+02,2.532635387474485356e+01,1.053428017047123291e+02,9.915122324500501350e+01,2.285007223491367156e+01,2.073452171925170173e+00,1.888040375440436662e+02,3.229306861160363140e-01,7.553395153901092840e+01,1.648905451837685803e+02,1.924479013746004910e+02,1.485395698009686498e+02,3.480432989635806962e+02,7.718436170475031588e+01,4.185141734512421294e+02,1.066669630982316335e+02,7.985646409362124132e+01,8.858595017376008229e+01,1.358731509752297200e+02,1.999868310279575496e+02,2.697424444821970635e+00,9.703122103649390340e+01,3.252417833229158646e+02,1.871614426556094770e+02,3.463360233999772220e+01,4.421985255946752886e+02,7.249591242956101667e+01,2.935947874872504713e+02,2.106038664650494354e+02,2.194874646273938765e+02,4.904247931597644765e+02,1.914608564244883553e+02,2.277807792537842886e+02,2.885676930286927586e+02,1.694760641713906182e+02,1.295640251333853428e+02,3.102475229665981828e+02,1.475815207417969361e+02,3.073849509260867308e+02,3.011535435745068980e+02,1.654479345352148130e+02,1.512328085050441189e+02,2.086092960773711980e+02,2.739772862481269158e+02,2.752916429089384565e+02,1.410725847313002816e+02,2.740197018229175683e+02,4.843145682546889041e+00,1.508962986892960316e+02,1.651018875564568873e+02,3.654619935197504219e+02,2.237646326204140053e+02,2.296538222705281669e+02,8.479198350465070178e+01,1.022964712574651998e+02,7.271510493449521562e+01,3.052160283197217154e+02,1.424377945455895826e+02,2.667901133337212514e+02,1.271763061909923636e+02,1.666017353143707851e+02,1.281927981318871446e+02,3.599641706811291186e+01,6.132480928471255766e+01,1.512216619810905911e+02,2.108573412386414532e+02,2.314324996478028496e+01,8.606025551651175931e+01,2.209051298507622718e+00,1.129052152115241370e+02,1.356478486403652823e+02,9.114543551919372533e+01,2.220302525706656809e+02,1.102548466728373455e+02,1.614057406283646685e+02,4.021530799406991008e+01,3.892433491920623112e+01,1.264012730840356511e+02,5.665513606178065231e+01,9.402549824582980875e+01,5.218047195511916243e+02,4.446771663303166520e+02,3.804453277923296923e+02,1.475094748798938724e+02,3.704832776980794051e+01,3.790480207799255652e+01,6.600659026410669128e+01,2.105317362025268437e+02,2.291028029709537179e+02,3.563867787352898517e+02,1.564482275271395224e+02,1.045462196488592923e+02,1.236085269663976760e+02,2.562755315635407172e+01,6.242016474848518470e+01,4.939221163432826955e+01,2.316138642877027394e+02,3.030916346823867116e+02,5.241300093283887236e+02,1.731473285534099489e+02,2.466058833442971547e+02,1.092388343171566589e+02,1.737612781090621183e+02,3.294579187062520731e+01,2.799072942875232570e+02,1.254582528120367755e+02,2.940728184996663117e+02,3.038326463551317715e+02,4.509627025946515033e+01,2.979079731095417287e+02,3.319550047154368144e+01,1.407439370837190040e+02,1.057177962815990071e+02,3.544063630942198273e+01,1.970799675350295104e+02,1.801540812600856611e+02,2.013802020581141861e+01,6.590976826308734360e+01,1.856911271428783721e+02,2.592368197578725244e+02,8.606718074775200478e+01,1.347783307846301852e+02,1.924381703211755905e+02,5.401494025503650676e+01,1.583676611860573473e+02,9.171039682856360287e+01,1.869875719414992830e+02,2.566922001577859760e+02,6.356905492842934109e+02,1.075927278133920879e+02,4.170331137398673604e+01,2.277296434361566924e+00,1.393399391139187742e+02,1.156905023316572283e+02,1.670091833577831437e+02,1.146164949966988758e+02,4.516517712412252763e+02,1.214490698055510620e+02,9.588222134705320343e+01,1.452173869257333365e+02,1.612801464019061881e-01,3.815816421850112761e+01,1.348727309517927324e+02,1.413568052972495082e+02,3.188888590377328001e+02,1.312633654122854239e+02,1.769857831953129050e+02,1.993093543917683235e+02,5.244021212888169430e+02,1.175274484355127242e+02,5.819526124417266999e+01,2.840755099815218045e+02,1.760061992345008619e+01,6.206889963755993449e+02,2.435724971830242964e+02,1.541747420510880033e+02,1.154872667975274680e+02,1.185577745047586831e+02,7.050529304227658223e+00,4.075443188869632536e+02,8.481906833590086592e+01,1.039938902042621152e+02,9.723978332090406695e+01,6.986052320073051192e+01,1.502994545315972061e+02,5.777679998803620975e+01,1.594158926678060482e+02,1.180561103206017179e+02,1.742982244295330645e+02,4.913439473651330758e+01,2.429765196937691769e+02,3.158994520663587195e+02,3.576766633945152876e+02,3.723681296476799929e+01,3.174640157231865487e+02,1.747586883583769435e+01,4.639266040212745423e+01,3.775364781382783690e+02,4.107193732281780285e+02,2.453530289211886384e+02,1.179764339625283469e+02,2.553039042867493151e+02,9.256019950979090538e+01,1.851568010427027673e+02,5.224582404091137988e+01,3.738533563414371770e+02,3.348236395300286858e+02,3.408924290362862308e+01,4.812121683350927270e-01,9.626732522685001570e+00,1.827141032675055214e+02,9.960306779355799733e+01,2.702106725273507095e+02,3.700599967413190825e+02,2.312476370470335780e+02,1.931143794601387924e+02,8.868858081291337214e+01,1.408565839909578510e-01,4.518353991454262086e+02,1.533892250068977887e+02,9.953036131519822050e+01,2.481971929067229610e+01,1.421552346656686723e+02,4.562085191315830457e+01,2.360239274512726482e+01,1.214613753523698314e+01,5.795676303983356803e+01,3.957480411746721671e+01,2.256266484934456855e+02,8.950891493128898446e+01,2.461730806013608515e+02,2.392733089253408423e+02,1.599012536931984414e+02,1.198856537577364776e+02,3.566653408311133830e+02,4.920471129913132557e+01,4.251494944604691995e+01,3.589727139479424523e+02,7.486055078346747393e+01,5.495498477141742910e+01,4.421865743030032547e+01,1.746010689404824063e+02,7.792640018619641751e+01,6.351626321936259956e+01,5.629900748932993793e+01,3.320493235024648584e+02,2.505767402456691570e+02,1.702558973440433192e+02,2.011512674947136077e+02,2.646776248174700754e+02,1.049453888369845345e+02,5.581922821524954088e+02,1.464586380293237937e+02,8.024618834561980663e+00,1.242929708974040750e+02,4.289641494986526027e+01,4.671931830688841814e+01,1.783798258525601739e+02,3.839998180146337177e+02,1.897770472178883381e+02,1.137978110965231338e+02,7.229630855102867315e+01,1.927383898230611123e+02,1.299840050925566892e+01,2.134449660374860684e+02,3.881355470682945565e+02,2.025171775266281315e+02,2.343600511898651177e+02,2.377099551888960889e+02,1.083927183576818543e+01,2.072381210771539202e+02,3.106523006601418615e+02,3.097899584172706113e+02,1.422722122101447262e+01,8.302893918248058469e+01,1.356667160331485888e+02,5.552045151024833558e+02,2.680702739654416291e+02,8.997498684823027304e+01,8.693176056710468913e+01,2.063694725142525783e+02,1.431376451079567858e+01,2.389689164651795465e+02,2.318482600974683692e+02,3.539112761406478853e+02,3.081148244930009241e+02,4.945416493805500302e+00,2.439238844932573329e+02,2.413218053467118978e+02,7.420551466273606422e+01,1.956045422620680485e+00,1.953517715408204083e+02,6.251275510320487001e+02,2.729556663119112727e+02,6.357493821410611190e+01,5.996362479160466137e+02,4.534663943520749854e+02,1.152270817477796072e+02,1.002189302702812626e+02,3.018399662123375293e+01,1.202101689876929669e+01,9.990362171474946251e+01,2.088353198444248164e+02,2.309080846260443138e+02
7.737065851894742252e+01,1.307136078165241633e-01,7.226708296884721960e+01,2.438459632633357188e+01,7.039763816185350187e+00,3.170512800128484443e+01,4.754609993744366392e+01,7.890734655944312692e+01,5.469463885058551078e+00,5.589777465487352970e+01,2.916833147198909515e+00,3.506824526032791312e+01,5.466911028619720270e+01,1.708621571501090231e-01,1.055559884795496828e+02,2.127241823866527071e+01,1.967541282125047886e+01,1.849490667153404999e+01,2.786053812361172444e+00,1.735972384394619894e+01,1.970522316787713635e+01,8.538844623486133045e+00,3.026718337282896698e+01,2.685850351050035201e+01,1.518238225653433915e+01,4.231116184209218289e+01,2.666295550400775483e+01,5.487695518056163735e+01,4.134222701012689072e+01,4.180279888588181336e+01,2.510933118059914548e+01,1.643049193870572822e+01,5.761630123257943836e+01,5.336611265343265131e+00,2.075067893113284434e+00,2.953182104186638313e+01,1.056452014182391395e+02,8.291019438001583808e+00,2.317297619215104021e+01,1.296969240398100176e+01,1.462490539473254358e+00,4.385561497567366729e+01,7.753767446896429938e+00,3.571162829823190066e+01,1.108551597342968087e+01,1.849164972892271308e+01,3.225887018230737979e+00,4.757514063122302872e+01,1.169590251755129451e+01,4.717275553087147522e+00,1.200980238321582192e+02,9.164404775294939043e+01,7.279146170321486409e+01,5.338855157898222359e+01,5.219097136510271895e+01,4.311298571724816497e+01,4.598683479597974966e+00,1.894069851508375368e+00,2.420335932241706089e+01,6.568803414926848916e+01,5.940642672848405681e+01,8.253416302617699429e+00,1.386658987966217182e+01,1.116405808247915985e+02,7.987926371753162869e+01,1.463420373880370846e+02,2.836787391199259378e+00,6.029658528464483247e-01,5.061925088490617064e+00,1.754845330903529543e+01,4.868569978740656978e+01,1.663803746002072259e+01,9.237119654293725546e+01,1.899777852692921343e+01,3.525167875306735965e+01,1.114266940446315068e+01,1.467657760366996689e+00,6.480623448019150601e+01,3.673036524539177350e+01,7.279552547156971087e+00,8.736829939258241140e+00,5.243354627131758861e+01,3.268512142898781292e+01,6.466858330754161166e+00,1.167049883854021708e+01,2.668594772957348837e+01,3.485417430631631563e-01,1.676784429985351892e+02,3.585134145913579373e-02,3.663131851219486634e+01,3.269453541204488278e+00,1.096635566028467501e+01,3.111711079573545291e+01,6.275491907644422440e+00,7.955508231721520218e+00,3.627552140844518647e+01,6.806952006438358183e+01,5.840551293415370537e+01,4.947370475401918988e+00,1.800867051235457836e+02,6.889026564301424571e+01,3.741563037437507688e+01,1.274067559814589998e+02,1.048975402869597850e+01,1.251554120038785989e+01,9.054040184641236166e+00,7.621754922702299950e+01,3.019459633796655940e+00,9.741296343944993552e+00,1.070336513034601182e+02,6.705045182494774103e+00,7.157049234235475232e-01,1.881315450637035624e+01,1.457856885676500802e+01,1.407047262226210727e+01,1.584439026183165389e+01,3.174874168455076173e+01,1.576707530534079638e+01,2.735483818196212269e+02,2.245004243968858759e+01,7.606298526234365198e+00,2.719899585372937167e+01,7.172225364651700374e+01,2.705075996563926921e+01,6.142667010988678733e+00,3.198456743413444414e+01,8.919590119704709252e+01,1.418928493095904031e+01,1.924153611531108936e+02,3.052443343199102799e+01,8.977438375629633072e+01,9.102294843290225757e+00,3.874006695013584789e+01,2.109808912386516155e+01,3.428808392328879506e+01,1.846349770338548169e+01,1.856953156155813360e+02,2.169909798232053788e+01,1.110747234370397649e+02,3.660361922035328774e+01,3.290834100023812425e+02,9.151174232456307678e+00,6.157940812781134099e+01,6.374054482686408285e+00,1.737309415765441756e+01,3.253129757515921483e+01,7.391432468029334757e+01,4.211871612743448878e+01,6.922730597722777190e+01,6.765709958982954575e+00,2.958145472783088792e+01,1.294646912140696493e+00,1.018430665352748434e+02,8.462581027361694908e+01,1.494256277828182533e+01,5.704567990603414351e+00,7.853517786601864259e+01,3.855389769578714709e+00,1.193279803929805105e+01,3.967191738871019879e+01,2.319127680548001535e+01,1.477192360285502843e+02,3.654378730581340307e+01,1.519186802196566433e+01,2.296920656041508302e+00,1.785262149465767578e+01,2.534863242461646848e+01,9.192122857862321084e+00,4.901501186062510840e+01,1.725818571671549861e+01,4.338731204781814910e+01,9.271836147523838179e+01,3.825020704076495637e+00,2.194366347793723548e+01,2.473976575917227549e+01,5.831964564308953669e+01,1.302643139937608163e-01,7.179863322368362333e+00,3.794818594546296708e+01,5.742556460394035867e+01,6.056256063133510281e+01,1.242631987209730404e+01,1.147259722446529828e+01,9.473972940058118519e-01,1.128394378940878617e+01,1.196666375375190796e+02,1.092107654308388334e+02,2.290438493618012217e+00,1.069658508362155125e+01,4.076608271413559237e+01,1.418814100324388328e+01,4.457021902480839515e+01,3.583074160054084700e+01,1.181877480475314854e+02,2.288579582248614841e+01,1.345016910532296173e+01,8.665281079326608449e+01,1.141764286940354509e+02,5.794911001389379201e+00,3.774669435806696072e+01,2.955001602079587641e+01,2.066092307383727178e+00,1.231293232166460285e+02,4.662926156190605553e+01,7.633422826405854345e+00,5.844600069815882648e+01,1.239633918445915270e+02,1.037140723491280738e+02,7.564347603464342740e+01,3.002487623841875841e+00,1.089124799759050255e+01,6.723912152940236808e+01,5.539320951179342423e+00,5.092000719940771303e-01,9.223597802102089815e+01,1.835778047044144401e+01,4.544608302683283796e+01,4.377596472199362410e+01,6.400891263720031255e+00,8.249003741828880720e+01,8.930585570174311272e+01,2.215392773169657659e+01,8.186581440185607050e+01,5.606412780734182633e+01,8.800557652589803581e+01,7.695425209485244977e+01,2.115539244185324819e+01,1.157071535806046114e+01,8.013143847314438517e+01,1.126917946862972641e+01,2.819951691136640193e+01,3.879676654084640575e+01,1.662345098178468561e+02,8.749488580197719045e+01,6.502259009369650755e+01,1.565839661633505520e+00,5.791807658980449247e+00,2.726330647015914010e+01,2.012156991515903144e+02,5.928917711361690834e+01,4.147647078909258056e+01,9.862535502888521322e+00,3.769229066083476454e+01,4.234406935117314141e+00,5.308273699250462840e+01,5.821682384572506308e+00,4.862715308966753014e+01,1.079855158355590561e+02,3.343260041596909673e+02,6.369228042689708325e+00,5.535187450808046350e+01,4.668509129049481743e+01,3.161894710962052102e+01,5.209449487273764845e+01,5.667631282642906854e+01,5.986915860542601564e+01,6.898241215439840346e+01,8.327316268716890013e-01,5.553500635262204810e+01,5.012736627162349912e+00,6.078573832825697565e+01,4.244408852704382440e+01,2.412392204216813241e+01,3.532486753459818374e+01,1.615618541388669982e+01,2.229509590186638945e+01,1.586249429916215803e+01,1.431271685182159388e+02,3.255708632168921213e+01,1.167824446223342107e+02,5.434733635580327871e+01,1.969113607822090373e+01,6.674939367438979332e+01,1.939403112562888865e+01,4.640193824536850364e+00,3.067755229746622181e+00,1.437861677661130777e+01,1.086169657169574236e+02,9.056620455381553469e+00,8.513087620509253384e+01,1.309033602366991111e+01,5.112968890248897891e-02,7.485984704321656125e+01,1.356422577026492888e+02,1.878151296375699530e+01,6.342207113707459598e+00,2.426355366721345774e+01,2.312257084727221184e+02,1.440286904388346123e+01,2.945453440688648339e+00,2.083451940951226788e+01,4.683401617550692286e+00,2.750005117195520299e+01,1.427186961351216610e+01,8.242819301412366428e+01,5.009478336737637427e+00,3.318071020155905870e+01,6.412200476188731102e+01,1.921810183694092089e+01,5.404618623970493729e+01,7.861674233685088886e+00,3.621290579386857278e+00,8.564373669497589603e+00,1.327369212639075080e+01,8.352659975932341752e+01,3.739132837327240821e+01,4.348386240944578418e+01,2.114401308130234369e+01,1.806756994745751044e+01,5.055052411403791979e+01,6.522179433257085712e+00,4.502303545125194262e+01,1.540223142540341605e+01,2.268722380152847862e+01,3.602753340332509424e+01,4.618130950600474449e+01,2.732693877583582420e+01,3.877574805082732468e+01,8.882585647606677792e-01,1.336045531747556936e+01,1.717140952364977409e+02,9.220000194139592153e+00,1.943035682337654535e+01,1.123746795885389105e+01,3.751470755034866755e+01,7.586980253786008177e+01,2.479499153774501252e+01,1.421870683711590466e+01,5.865880279829710275e+01,7.185253635058677979e+00,2.445619775905811011e+01,6.765014137726579335e+00,2.300490657520099447e+01,5.383470572227818707e+01,5.321483419267982384e+01,7.370542582627958694e+00,3.464923837687698693e+01,3.961252549587456429e+01,1.291381328485911872e+01,3.178220723997129227e+01,3.941578650144010254e+01,4.029623690413996684e+01,7.123874185774737633e+00,2.458234996711239546e+02,3.303136158406574197e+01,5.900462011399486073e+01,4.890763978996285566e+00,5.957185912127670235e+01,2.378755023903269361e+01,1.914229894236734353e+01,1.453117323009884387e+01,1.010293280892826004e+02,1.337026676852735640e+01,1.007954851049383471e+01,3.505763300827877060e+01,1.382933238398038611e+01,2.287127272692650592e-01,3.515034223440824945e+01,7.808573873323243930e+00,2.648306847575794976e+01,2.594414969211123889e+01,1.917688403405285555e+02,1.188594415520592484e+01,3.469754879435110695e+01,1.388778968920753343e+01,1.227650444711461297e+01,2.374822377818346908e+01,1.125476245397405108e+02,4.337769622630583655e+01,2.120487895400308886e+01,6.715635350917670721e+00,1.696279820268204475e+01,1.537771809395698064e+01,1.966062519439773482e+01,3.831548848506016469e+01,2.035823650782222671e+02,1.383429749732720104e+01,3.979765249548883332e+01,9.011543084101203860e+00,4.238571610094304987e+01,2.191871063904816452e+01,5.173174422614919621e+01,5.309434900677229763e+01,2.339135005346388496e+01,1.919674892746478747e+02,3.189384376899270990e+01,3.407851253616695431e+01,2.783870309280434086e+01,1.240222062633224276e+01,2.232245796856260611e+01,1.517914369932125567e+02,4.016024021336099992e+01,3.193860478874807640e+01,1.819794229893861086e+02,1.593011373052966562e+01,9.397822208579685865e-01,1.602991217990638262e+00,6.015231568819466856e-01,1.460155688255120943e+01,1.055232823941090281e+01,1.552880930030652564e+02,1.162939216293078459e+02,5.610662519375890156e+01,1.445491789178591802e+01,1.078005048932873144e+01,2.242921084125509523e+01,1.413846786161650471e+02,1.659761226321572281e+01,5.066337628032109563e+01,7.518452323624627809e+01,4.707523582252750316e+01,8.375985173904764736e+01,2.894872446053017967e+01,1.343803834663058194e-01,7.954470406010047157e+01,2.290180594629189059e+01,3.269905847466149140e+01,1.322425596125565050e+01,1.081128229140266761e+01,3.562618923959032902e+00,2.241750032104051016e+01,3.339324003071673275e+01,5.462541713381413189e+01,5.281060441790609294e-01,6.581680898112850286e+01,1.021087778167422222e+01,1.183783258526799074e+02,3.114036506830835549e+01,2.381981159745851429e+01,2.669497106717562360e+02,7.387327443165077057e+00,2.552093204121583270e+01,6.260715388010578408e+01,1.499250700910497436e+01,1.065962895168721669e+00,9.163663564313736742e+01,4.053845811359181539e+01,7.467528983957697619e+01,2.720296374614612844e+01,5.766791801866465228e+00,2.405255088590846313e+01,1.536272293238854729e+02,1.426260343214266513e+01,3.340901729337187209e+00,1.059657763726687385e+01,6.247508325642590954e+00,2.397246202864856812e+01,2.529537722654783849e+01,1.132226215699902205e+01,7.958708513354024205e+01,5.817355642158452866e+01,2.792032625617821751e+01,1.754946279285634292e+00,2.652411752466155193e+01,7.285822829089977581e+00,3.372298142230650342e+01,2.422159930886823176e+01,1.833457425854405543e+01,1.541633931943818858e+01,1.049721729435533319e+02,3.867339069903685367e+00,1.493293443948291177e+01,2.293244694457579769e+01,4.060843957815815308e+00,7.828237043595402511e+00,3.763114864366001910e+01,3.309744435801582796e+01,4.384710464913886341e+01,2.389732415138192234e+00,1.026932683356120002e+01,3.200099145340075069e+01,5.700889385110493635e+01,7.299625374567345659e+01,5.133870640372023075e+01,6.758047339718856961e+00,2.213756447367216751e+01,2.217246753846879059e+01,6.795993179205207291e+00,1.991771453786583734e+01,3.315416106823209641e-01,1.995827120959671319e+01,8.756664024314483186e+01,3.179001665261738996e+00,1.734665211373545901e+01,1.071204255728578403e+01,8.075737293494620417e+01,6.515064229249276195e+01,7.179080911240687612e+01,2.420506983417361013e+01,3.749436066967288639e+01,8.264600747738189312e+00,1.974465591238910989e+01,9.943060247812988806e+00,1.218928372894601264e-01,7.205167212505340923e-02,8.199765770635938367e+00,1.067486907828235729e+02,5.897137373029366358e-01,3.043670790287209016e+01,1.229505662145227163e+01,6.880072315209427636e+00,1.507004266701923445e-01,5.284058024409389986e+01,5.312705649974089539e+01,6.757937669957415494e+01,8.070081070170952842e+01,5.601555756459063673e+01,1.476621952188306164e-01,3.877499579318038059e+01,2.064299475077575252e+01,4.272188845849696825e+00,1.761796939362227192e+02,5.891982023666572132e+01,8.620454667443901542e+00,8.571590995412440961e+00,4.727643285377319415e+01,5.758711813270078576e-03,4.223332397438802843e+00,1.160422489351471285e+02,2.057434216228655899e+01,1.731195385155386646e+01,9.637875998805947475e+00,9.159529181932167319e+01,6.878086898989232978e+00,6.730695936165831483e+01,8.028015999219262255e+01,4.400645156083137266e+01,1.795710645313893750e+01,1.662096737507121702e+01,6.111769531611648887e+01,1.927137130539725547e+02,9.448056779608291933e+00,2.590091249802280871e+01,1.074141809844097111e+02,1.736923887019375172e+02,4.447074008521516220e+01,2.397496551746450155e+00,3.097029567767787128e+01,8.679899033587012980e+00,5.854385463014828872e+01,6.913444935233216881e+01,7.279417547423284951e+00,3.550967508833750230e+01,7.778081249362954530e+00,5.066894747753171835e+00,1.003328815807263474e+01,7.342737540766562176e+01,2.371823713492435459e+01,2.387670378239481028e+00,3.397820039533922198e+01,3.565390217880381840e+01,3.819878198938089664e+00,6.705897688254809452e+01,5.182486800932736060e+01,6.097111113368838886e+01,3.185059478571563929e+01,9.372900139997538815e+01,1.099005507915110798e+02,7.142406342637350747e+00,4.365434355720265813e+01,6.013957351158544462e+00,9.564387896639124920e-01,7.501061906521172773e+01,1.576558148068355933e+02,1.246268655201319433e+02,1.840657090714677224e+02,1.324327329304724365e+01,6.985210430544819360e+01,2.335066799591455222e+01,1.497439946212189739e+02,3.094165244697119732e+01,7.901582797880307929e+00,6.168204482153596757e+01,5.976774365217369045e+00,1.982835403050029699e+00,8.836447239010800558e+01,8.441008836260353476e+00,1.005056767036498400e+02,2.766774895856249028e+00,2.463069546627458450e+01,2.876431534263460321e+01,4.791236277158767365e+01,1.091253038068835757e+01,4.628404608780557083e+01,2.528341381520597508e+01,5.411469899523425653e+01,1.452124759727207071e+01,5.926804709688325801e+01,1.102955519173297372e+00,1.739080723631804304e+01,5.206194109546139970e+01,1.050922247711170741e+02,6.201821924103555972e+01,7.598486668957745849e+01,1.961017136810179418e+00,2.275930131655480793e+01,2.628214719893739559e+00,1.360535445750993588e+01,1.820338501677773024e+01,2.860581133598302017e+01,1.042682658077678859e+01,2.493649696978053854e+01,1.306946020816662113e+01,2.512238054733765935e+00,4.844307693520669744e+01,2.142415997135658667e+00,1.589496901993966276e+02,6.198732010135544357e+01,5.345926257953179572e+01,5.911690366466451962e+00,1.012817148785681667e+02,5.500646468726121618e+00,2.575437314041107317e+00,5.494142477068556474e+01,3.878128534986287690e+01,1.298141707775934890e+02,1.071319859985715226e+02,7.007070008309219133e+01,6.744628932217368344e+01,3.887585365128776260e+01,3.309942188929528584e+01,2.781374282066538228e+01,2.415143805236647552e+02,6.688502759181574220e+01,8.420478481578190610e+01,1.759956588784579390e+00,9.595693717175488757e+01,1.039787598000174853e+02,1.530839584264850828e+02,2.117622933799438201e+01,2.016965812606896691e+01,1.969604554557005471e+01,5.832571831379496530e+01,5.650670097458407781e+01,1.827573281829110954e+02,2.744547134548458001e+00,2.857974502371349956e+01,1.863467713332815689e+00,6.847540424103829793e+00,6.969088220331551042e+01,5.929767003986660256e+01,6.230611398590050420e+00,1.721404727760682647e+02,5.047230956427374515e+00,3.197836497632242470e+01,8.623458086303679693e+01,5.031752594676080292e+01,1.759806982704244263e+02,1.264340087761645748e+01,1.994211047413191906e+01,3.782834965260240523e+01,4.920961101376470737e+01,1.865034148038687078e+01,7.737245232002203466e+01,2.029928499587736912e+00,5.026037573457664109e+01,5.713756494865602775e+00,4.147886284068321494e+00,1.597102816528547287e+01,1.352764784372812983e+02,3.260232825730823691e+01,8.233246376377623577e+00,8.121817356458691961e+01,3.916671852980859825e+01,2.059302063750814966e+02,3.351768925675803867e+00,6.335816897588459895e+00,3.518194229732984724e+01,1.923068127277789685e+01,1.284087373186582965e+02,6.171190363306141080e+01,1.540188449107054325e+01,1.156152148813196767e+01,2.685973167155665919e+01,1.699387881407015044e+01,2.263688105469547551e+01,1.732693788435713600e+02,3.363745170362860648e+01,1.037778602664415075e+02,3.334568546211648510e+01,3.958139633989220307e+00,5.637774741163300796e+00,7.834699079698401292e+00,1.848849287319026402e+01,3.333774528244618551e+01,4.586853083545121734e+01,1.562866456906919836e+02,3.377866296992139183e+01,8.082450595033268570e+00,3.429320563337011407e+01,3.007217692201066939e+01,1.000728635362679597e+02,3.373529302888527326e+01,1.778100478483722213e+00,2.681565966047199012e+01,1.231646120216181650e+01,2.000438772040400881e+00,1.479370184290616237e+02,3.986649678488251425e+01,2.481537724624818608e+01,1.387088864175895786e+01,4.600882081034755089e+01,5.435104001468723567e+01,2.212364712948763668e+01,1.209807462671380485e+01,4.873796849151217003e+01,3.663765964326219660e+01,4.099905104340979278e+01,4.007342410585969361e+01,4.188577300287625604e+01,4.733868462311962588e+01,6.278717703340133127e+00,8.579874760408485201e+01,2.650069625335862433e-01,3.104642879329042415e+01,1.917368349830894658e+01,3.645228773964150903e+00,2.279771742938565637e+01,4.252897346918175003e+01,2.058217445314595651e+01,3.993815892691018377e+01,2.845883174815134709e+01,9.817925609943111809e+00,9.252111011076674174e+01,7.175220135428035917e+01,1.688005588000549153e+02,4.277076647854004676e+01,7.076976523901046789e+01,2.975275805954296615e+01,6.592288973062201762e+01,1.340451699317634926e+01,4.699029954158103806e+01,3.861147038918045116e+00,3.519750445182508969e+01,1.490669438123428847e+01,9.223015793492919556e+01,4.456823754354474687e+01,4.882697387688866542e+01,1.034033871293326570e+02,7.352732498053286747e+01,2.772432123019657979e+01,6.616665748971199434e+01,1.086424785713141539e+01,1.014863883714543569e+01,6.653640570069462079e+00,1.524442889178642524e+01,1.310511153205393242e+01,5.322733780900567702e+00,2.076893803001798133e+01,4.252146685609234922e+00,4.865788929706577615e-01,1.880787677376869382e+01,9.724889925763136489e+01,1.528247245816920774e+01,8.739511675297137572e+00,1.032736146506113499e+02,2.198825807018681289e+01,1.079819538398808589e+02,2.488997256960405835e+01,5.812170793348257547e+01,8.673270360558380077e+00,9.617321243777087858e+00,1.163636129536607378e+01,2.575475245368677690e+01,9.791824519154866735e+00,2.792236684848029427e+01,5.757114995213890296e+01,2.328402703036104171e+01,5.063192959046728703e+01,1.248554198411692262e+01,3.778694050571556318e+01,1.083116453138904589e+01,1.439615824860919169e+01,5.674952168925636187e+01,3.602621883358767718e+01,2.838393460841346894e+01,2.126056939916262767e+00,6.468792159983577505e+01,1.017019097210128997e+01,4.887150516917878207e+01,1.277999207627060407e+01,4.793557387098857703e+01,6.553828790997552112e+00,9.543794279188945495e+01,1.960531179209430519e+01,2.232552712195580824e+01,3.059173080854208138e+01,1.099902939232154893e+02,4.379958787914915774e+00,8.807558046869646162e+00,2.458300625487570201e+01,1.887441225927046418e+01,3.047953101258042352e+01,1.454000608927936034e+00,7.333325717860263637e+01,6.457462293199199621e+01,3.859411138587226731e+01,7.893088620422200385e+00,3.970406619778390223e+01,5.666520356112351386e+00,1.320517209970359751e+01,8.026305687621923823e+01,3.004758019151559711e+00,1.727361578526901553e+02,3.037408504665162567e+01,6.438237066800311048e+00,6.515328326981658336e+01,5.770626692870174423e+01,1.010231672443622308e+01,2.442828055182129887e+01,6.591247927455200717e+00,2.076293715736740353e+01,1.224122657451948193e+01,1.175740904092335803e+01,1.733115618230733546e+01,4.383460467179124720e+01,2.487843107544963672e+01,4.628548194575418329e+00,3.866854112312027691e+00,5.490276800131461243e+01,5.659719546850069349e+01,1.888643177150066688e+00,5.955588233097908635e+00,1.517876953412358887e+01,2.414242142832037175e+01,7.733596297170889500e+01,1.542938794538681790e+01,7.944413271410092570e+00,1.766186550473651380e+02,3.922076996712241481e+01,4.285203814539740641e+00,2.847331619428047489e+01,2.474971250025731351e+01,6.851069908806279329e+01,4.208625280086152287e+01,1.233161526486562032e+01,1.574192736887761157e+01,9.547089885812518162e+00,1.190764406960578903e+01,2.835854385172378400e+01,3.748741706394675788e+01,8.567140908934543120e+01,6.619070022345268001e+01,2.682755676808090239e+00,3.441052459241201689e+01,3.159147887570728486e+01,7.541021308651336597e+01,1.942630836589270515e+01,4.824200897997670978e+01,8.162288545751989943e+01,3.154862900421535699e+01,7.082259108789953927e+01,5.220557588050328235e+01,6.218590253910854670e+01,3.192498266185008404e+01,2.656896705820494731e+01,5.025578264562717834e+01,1.350857334851241660e+02,4.225107945885622485e+01,7.373008806228714462e+00,2.453013481448573074e+01,1.574670513064837678e+02,1.565726479756274330e+02,1.819613756384417158e+01,9.169049354031956867e+00,1.571861290345999196e+00,3.810616228283176099e+01,1.419690777857223019e+01,1.315122740915132660e+01,2.525159445950159309e+01,1.717890490134630577e+00,1.207469066931490289e+02,1.251600148972774162e+00,2.238266351736754345e+01,7.472627312304429381e+01,2.600084546260072127e+00,7.923695991830448371e-01,1.386048073336304753e+02,4.370299297780019465e+00,1.176680946602466626e+01,7.345376023450632452e+00,5.953711088283245800e+00,9.386806130592832176e+01,1.230165342581486421e+01,2.190911911024091907e+01,6.675040176449801521e+00,3.514620188151823044e+01,2.217921517866840020e+01,1.826989197150525968e+01,3.112353691335890815e+01,4.590551257099215121e+01,3.396737419675613978e+01,7.946456058958854207e+00,1.603539697738391467e+01,2.837591275831474391e+01,1.007965728582978358e+02,1.450276166745139790e+02,6.042529902847220313e+01,1.006080492541485860e+01,9.089477760981266385e+01,1.372684806506697441e+01,4.560996641371182392e+01,6.587774180813654823e+01,9.817757954821009037e+01,5.595472507819913943e+01,9.632772510522878306e+00,4.351887445097040796e+01,7.595487133809940872e+01,1.590845254866355596e+01,2.222718292718020294e-01,4.740517116315131574e+01,1.512202996292278385e+02,1.971891081618930386e+01,3.042189881873397894e+01,4.824282834871849701e+01,2.190839038288373430e+01,4.964257305332331072e+01,1.837579448010928118e+01,1.144300344409512071e+01,6.066069367541271617e+01,2.759361022320632273e+01,2.212091701720642689e+01,8.739071973673948435e+01,1.524750822529627214e+01,7.399892632245742341e+00,1.269402131170717096e-01,7.741436986121101427e+00,2.690778935237851499e+01,1.540100752965468622e+01,1.060324817074051396e+01,5.249974369816193587e+01,2.724781466150940190e+01,5.208609875353770491e+01,1.863925506705139767e+01,7.012096971195532547e+01,5.963412071353354094e+01,6.289027519843247660e+01,2.405379010856591648e+01,5.483932903568243944e+01,1.396178453437149614e+01,1.418291126976454279e+02,3.491174251723644772e+01,1.010535473941704332e+01,7.968348623347382897e+01,2.304398641925881819e+01,1.687780941636130549e+01,5.318343925524348492e+01,7.243930517163489924e+01,7.037424548075500752e+01,4.325975786210143070e+01,2.176309940182800418e+01,1.204653232733950086e+00,4.184249944465224758e+01,9.108350119504537545e+00,2.566111813426381061e-01,8.268244704765479014e+01,2.545538140825094686e+01,8.937193463264803484e+01,3.788062874436426419e+00,4.141410532597752336e+01,3.289211479404450955e+01,4.523732637178888183e+01,1.979912077440291398e+02,1.523943467832370686e+02,1.255273553737748138e+01,1.211878901332203071e+02,4.603072428420039941e+00,2.570813191221187566e+01,2.313599388409718927e+01,4.363326196004137181e+00,3.571938778916076984e+01,2.899663507252446948e+01,5.111090547872875867e+00,3.455084395240821493e+01,2.421559012021191748e+01,1.850131399018108169e+01,1.154740954391015038e+02,1.885214720218946027e+01,3.610961325333359184e+01,2.086379225045389862e+00,2.007398913331022072e+01,2.662462706565054660e+01,1.189113699482930997e+01,3.145674181098709710e+01,5.841513764062150216e+01,2.835816565797615851e+01,1.297865343247823056e+01,2.583351470879825129e+01,1.243676068210583878e+02,2.696074954314777727e+01,7.573358700562313572e+01,1.110607118599701693e+01,1.009121679279353287e+02,2.235291813944625972e+01,1.959774254708181784e+00,3.437540738283902897e+01,5.005772706457804588e+01,5.909233991266753350e+01,4.684807359376300440e+00,1.184595434702964667e+02
1.489224801725932146e+01,2.794256196127959413e+01,6.513418003636560760e-01,3.075762343262364951e+01,2.467105994199127110e+02,1.009299535388787064e+02,1.981793032465814974e+01,1.176039289775703089e+01,1.429608597648374086e+02,1.235138405157499086e+01,4.236433913252867711e+01,1.155307116555531977e+01,1.330627503074009326e+02,2.024935809577314956e+02,1.205809074444552031e+01,7.735203678012793205e+01,8.251247445504168354e+01,4.306131375163368347e+01,8.980710023606887660e+01,6.080245537582143811e+01,6.475359772588879537e+01,1.097493544514897366e+02,1.167931695704213269e+02,2.445783472855501017e+00,8.500368267704933700e+00,5.238621492775437360e+01,6.483793037692996108e+01,1.185423597328055045e+01,3.716374371114183450e+00,1.675814104062359089e+00,3.052873615261762069e-02,2.374373431791414291e+01,2.672330518736512062e+01,1.381622983900264501e+01,4.781210125465876359e+01,1.149552932846114572e+02,1.354139541014083647e+02,4.436978783065546139e+01,1.490519141478151255e+02,9.371481353202599784e-01,2.529302413626919233e+01,2.979088429196060872e+01,5.366355373168879339e+01,9.844393897077884148e+00,1.771056980641384371e+01,1.310204584394473954e+02,2.506714368087986955e+01,5.052280437250227685e+00,2.155228587361369534e+02,6.250456881248184260e+01,2.973928564089544579e+01,1.436302887135613275e+02,6.752727838893187595e+01,3.978857871026050042e+00,7.390307014163538213e+01,4.325279644912819066e+01,1.700529159297281012e+02,3.161527979747244288e+01,1.444103617832950981e+01,5.682164224965703170e+01,2.796188312948708088e+01,7.128062735325174515e+01,2.235355585902079767e+01,4.634050554184448600e+01,1.612149862107197151e+01,1.548252802724217680e+01,3.156295878938583765e+00,5.552822256294654757e+00,8.906108157772740341e+00,4.391811892807979234e+01,2.029586683897094090e+01,1.703824346842435133e+01,1.026707030855950542e+01,7.203412138327871617e+01,3.098820571842151139e+02,2.227249493608027464e+01,2.734484487214078996e+01,1.782169072571736876e+02,8.766351372072000459e+01,2.525186124653516799e+02,3.349548375747300355e+01,3.473181812691699832e+01,8.649366284022632101e+01,2.787731118646678663e+00,1.035770935692768404e+02,4.747433437327678973e+01,1.754545103158941188e+01,7.612810954196584134e+01,2.466848068087398005e+01,1.590102917978219637e+02,1.727925211502148528e+01,1.678149204198843947e+01,1.161348837446067783e+01,8.028599619414178790e+01,3.158306984927918393e+01,1.223845936020579188e+02,3.191229041005466627e+01,2.290861877217053078e+01,4.260700714608233142e+01,2.434128503914692203e+02,6.809758170633584484e+01,3.181441098194327211e+01,6.892853995468284367e+00,4.933015962039127800e+01,1.963970697494607975e+01,3.320071863988261640e+01,3.898431656433751158e+01,1.469805081451442952e+00,5.436676754737358230e+00,1.669059256741053687e+01,9.188029821954922127e+00,1.794088075072563981e+01,1.500692499444473782e+01,8.964785877730923858e+01,4.474670707233286748e+01,1.122151816771370250e+02,6.981356818276537979e+00,3.745150443130777518e+01,1.929872846203190306e+02,9.466558113946675235e+01,4.572012082898502427e+01,7.113051106810358704e+01,2.072629501998122592e+01,3.770895933173975578e+01,1.613339890657592548e+02,7.627677050454663288e+01,5.652372022785368877e+00,3.342549066133973401e+00,9.418220795289562020e+00,9.255901937037238270e+01,6.064900042569911776e+00,1.148456535831596028e+02,1.215895804124157422e+02,2.454861505571451019e+01,3.020687476836074836e+01,2.883777146289002502e+01,1.240114693084974817e+02,5.751856999480551735e+01,6.615256557575371232e+01,5.305795246656791875e+01,1.643313808113603969e+01,1.750089042302036262e+02,1.511557047860694425e+01,7.463121101641918642e+01,1.115225191839563621e+02,6.623445606306317757e+01,1.080176205628699648e+01,4.118532881350451902e+01,3.360905809391611143e+01,4.166507280747759268e+01,7.146043539451913773e+01,7.411463752227373192e+00,9.982891220702276414e+00,1.248428305774736025e+01,1.426221530871581500e+01,6.790825142446394125e+01,5.848519500062352883e+00,2.046518340759332943e+01,2.852894835701393106e+01,6.987537427316054561e+01,3.427820514533688367e+01,7.630935069347772526e+01,2.247817412825534689e+02,9.377984952845154965e+01,8.285042010399239132e+01,9.562703625819077402e+00,1.896215443933807698e+00,9.375796103430887873e-01,6.381318960402737872e+01,8.708607743056855099e+01,4.869285019573832329e+01,9.530617695531164202e+01,5.584028807405959860e+00,7.735474555127501617e+01,4.758385681000515177e+00,2.685726865194694923e+01,6.421610727713088806e+01,5.195889372864412081e+01,8.016191844574804293e+01,3.438424294034497564e+01,1.400561306555390502e+02,4.253923768660546756e+01,5.276934356879277743e+01,3.289215283255263955e+01,2.947156105593312869e+00,3.939085508359771381e+01,6.429624568071042745e+01,4.949482115464475807e-01,9.805309915698268242e+01,2.879393276916715649e+02,2.505398946276240579e+01,4.209249176224624023e+00,2.585720233591372974e+01,3.932523082388594560e+01,5.514510936994448542e+01,5.564978165828625833e+01,2.736637863825769301e+01,3.656624026732760058e+01,2.663704685662053961e+01,1.082716293616745133e+02,4.997941574439107626e+01,6.778181996407086274e+01,7.025963272079449951e+01,1.063939967757352711e+01,2.066943264411256109e+01,6.363229331453738036e-01,2.798329950568762001e+02,7.324096300880545973e-01,3.136986661661792652e+01,1.320274603574261789e+02,2.330614050461575104e+00,3.601013152790528693e+01,7.024415056596707174e+00,8.187710845351661249e+01,2.016409662574428907e+01,2.583571766874908970e+00,7.062157137049156574e+01,1.956872926201099574e+02,1.177901172332126123e+02,1.547717385898798454e+02,1.178805281721307665e+02,3.095380604262135549e+01,2.184410855410860464e+01,6.415442522727714447e+01,2.579695033456820941e+00,3.139256969768257832e+01,1.598528565130527035e+01,2.779507739291352095e+02,2.869997123083768997e+01,1.323684264688602674e+00,5.168012302711120043e+01,2.499829450730788594e+01,6.058646040009517719e+01,2.220301377310245883e+01,2.914976839590806534e+01,2.816491477272330712e+01,1.987302400101925048e+00,2.300043697307675572e+01,1.791582340125003370e+01,3.636693136883252908e+00,1.389263830972982916e+01,1.128704266317605409e+01,2.835826994440146631e+00,2.838833561494854862e+01,5.618609887146951820e+01,5.007518207143119016e-01,1.052220367178968496e+00,2.006584654246129418e+01,8.500972533292235767e+01,1.329891046593785404e+02,2.406506181882162476e+00,5.489308735429239050e+01,3.312691844842166233e+01,1.177930067237106293e+01,5.755226463378711088e+01,1.272577816370311155e+01,4.231773332476422844e+00,2.134358011326110827e+01,4.078244731488177166e+01,2.515214146628833021e+02,2.909347176155300119e+01,4.880536469095516594e+01,1.229576330181487975e+01,1.377470445344414145e+02,3.164207993263309504e+01,5.536071189095960676e+01,6.211292920256087591e+00,2.677525300339443604e+01,7.721924083256855864e-01,1.325754377477752044e+01,7.965721989042791051e+00,2.733723185323073324e+01,6.466628063018247019e+01,7.916654766676539445e+00,8.544575912720726762e+01,2.398018910765719980e+01,1.378347554434551192e+01,2.075708200665478032e+01,6.568729597802462017e+00,3.472930652755180603e+01,3.520035369859478891e+01,1.785860258891705499e+01,1.009060076410695039e+01,1.112721734842195929e+02,2.470550620959402011e+01,6.091563370313452452e+01,5.753732017145004818e+01,1.769954837970923123e+00,7.266175597577911560e+01,6.264293561780546327e+01,6.446022691902741464e+00,1.522758193253020487e+01,2.964145722562073004e+01,5.532969101855259453e+01,4.046130974580935202e+01,2.686535924949565413e+01,3.843442564732968236e+01,1.173559713244722218e+02,3.892156357558268098e+01,2.002863157094649580e+02,1.632389870485534686e+02,8.501622629704429812e+01,1.110179007314483712e+00,3.756792798181234616e+01,6.362833047734301317e+01,6.286041484800001911e+01,3.592108768264828456e+01,1.042493770922824439e+02,9.771183154124629766e+01,2.549066108492396676e+00,9.132954917270266648e+00,1.534455691692679480e+01,2.722940871000148277e+01,8.653731981817569974e+00,1.846464383166045309e+02,3.248663284460050704e+01,8.024775820036580853e+00,9.142690497164751662e+01,7.888259353547800856e+01,5.345348310491240085e+01,8.858268144034724401e+01,5.776937419188157463e+01,1.888406808486177724e+01,4.631178167296575765e+01,3.645833285300472237e+00,4.993572025370111334e+01,9.201818709617894854e+01,1.313037803429557187e+02,1.254855837502115747e+02,3.309912320009618725e+01,4.151855425519888598e+01,1.669790857392174388e+01,2.403017209585914671e+01,2.265021871169455281e+01,1.378780713979084460e+01,2.383684303075535738e+01,4.351480875128451231e+01,6.857387514008912888e+01,1.144108674777873880e+01,2.298953315709162482e+01,7.543720826283050940e+01,7.285195808701647735e+00,1.085832256068215607e+01,1.223731566334363130e+01,8.597002487179791785e+01,6.051410661910823308e+01,3.425156482330422847e+01,5.090287705547415698e+01,8.056439250913884109e+01,5.171804765969066908e-01,3.501397263621308209e+00,1.052354771834885128e+01,1.686107325274757684e+01,1.256867117768885862e+02,1.957869222966611460e+02,1.021349131307493785e+01,4.674113443812984769e+00,2.226751856852694189e+01,5.091235166410475443e+01,3.620794745476379362e+00,1.288147626443597638e+01,2.323115534377824254e-01,1.194739706999902218e+01,1.187872533918623397e+01,3.770196513893416324e+01,2.780335304671499941e+01,5.800275316168224293e+01,7.249772584117629926e+00,7.764450345655808405e+01,3.876487706395095501e+01,4.140117910148740421e+00,5.353505527114783291e+01,2.293978297250717802e+01,2.069094993882121258e+01,4.301007543453875570e+01,2.709397954989125523e+01,1.244385142279737444e+01,3.011806859545707482e+01,7.473635420866942525e+01,5.107378756358250627e+01,6.889660807546918875e+01,1.278701652220702201e+01,4.172937094734124486e+01,5.807140331326095861e+01,7.025277469685523357e+00,2.419050582609123978e+01,1.915582045574656078e+01,3.298781203229709291e+01,2.116921298878503421e+01,4.655461755044270689e+01,2.816129641891387081e+01,2.247518077951205839e+01,6.717254946089511236e+01,9.973539072456128451e+01,4.689257664214610344e+01,1.876516635421687695e+01,5.378109843187633743e+00,5.522246582704767803e+01,1.374232612442135633e+02,1.010964298975045139e+01,1.881628524471096569e+02,5.281201516758346770e+01,2.913989010260569898e+02,1.150078036343440004e+02,4.258866140943752043e+01,7.345106931222788660e+01,1.553562173527092511e+02,2.126421001757493556e+01,2.398584813142502270e+01,1.886923677276876177e+01,1.327364548370909425e+01,1.555022039165004522e+01,1.970614437421104981e+02,7.314794101291228401e+01,4.736130206277699273e+01,4.361386261758701011e+01,8.179877176228441016e+00,5.246993017974403273e+01,9.809935502578439070e+01,1.613921921228342455e+02,7.308032715992274575e+01,4.763226436380551831e+01,1.192746870231798653e+02,2.790112994966711568e+01,3.622918272467383360e+01,1.384104680312596081e+01,3.126756116159897658e+01,5.551853749029370277e+01,6.022846164717910256e+01,3.838677571975719616e+01,1.244451351473114329e+02,8.824060507814252219e+01,1.218339778267665885e+01,5.555906111811133030e+01,1.037477092681129420e+02,1.128278929348134199e+02,9.867647022797621403e+00,3.709435822752607237e+01,6.572027399766644074e+00,6.555992833688863186e+01,1.720659400302093545e+01,4.881770920632559552e+01,1.241294783940878688e+02,4.989564599941554235e+01,1.101972138593439077e+01,1.501398882917702338e+01,1.164846284465014037e+01,2.919703313568362191e+01,8.860238407842341957e+00,2.180406788745421487e+00,3.427340859239269122e+01,1.535890571772522861e+01,2.125577185572691619e+01,8.109093355154099569e+00,1.449565818517680782e+01,1.165314037308939703e+02,2.576165990667668737e+01,5.116624952493835821e+01,2.220626908251908205e+01,1.775052556957618677e+01,4.677085849820684871e+01,2.553817190575819041e+01,4.765872761682835090e+01,1.664441817262794743e+01,1.281197941436420429e+01,3.624819393756087038e+01,2.947508479686714011e+01,6.920768887367080424e+01,3.995950132898852303e+01,6.549272709310823837e-01,1.208742512703151384e+01,2.082316461203318170e+01,4.846224672052266147e-01,3.136009536652828089e+01,2.440942472111434558e+00,1.520761329914014404e+01,1.325364882145855745e+02,5.821136516107677039e+01,2.222299041960807031e+01,1.146986126038359544e+02,8.981875159654056517e+01,1.591503218643848960e+01,3.248238069201117639e+01,2.432899147403874807e+00,8.369044386621648357e+01,2.499503598402444737e+01,1.480682028222370832e+02,4.833689593145081886e+01,1.031496569538164643e+01,2.417276710956137364e+01,1.417388341854092744e+02,9.917525279344430089e+01,3.810723821073316486e+01,7.232477422971710723e+01,4.000127138837775220e+01,1.442362336562173937e+02,1.580171454762525940e+01,8.871074530444830941e+01,8.645572166552155124e+01,1.447630391561011542e+01,3.203541778930394202e+01,4.333274618123994770e+01,5.286706826807530746e+01,1.589344627099963425e+01,6.369228489870809362e+00,1.929108882846610484e+01,1.859174413877877541e+01,2.168000860525132012e+01,6.694957319659357609e+01,1.873586900244052700e+01,1.720575883578714027e+01,6.085335198021596881e+01,2.819734177945111142e+01,4.980457906049946359e+01,1.916172067142287361e+01,5.927819969278091072e+00,1.281844141405283644e+01,3.004020951392095995e+01,8.331389257761545153e+00,4.758005836261433075e+01,8.070877319541700956e+00,3.241204218257581715e+01,2.335054062549172116e+01,2.545535701638290860e+01,4.223798163789200544e+01,2.061109268355480140e+02,3.624162783238566732e+01,1.333487940545909396e+02,1.048158566019312019e+02,8.304749948201229870e+01,8.180217798399011997e+01,1.101099151568775358e+00,2.947795950582296953e+01,5.656920325627815060e+01,9.424335128511724236e+01,3.371560151118178794e+01,1.624192642382894647e+01,5.917913188676703840e+01,4.918262535973249072e+01,1.204474554006917764e+01,2.372445961909246748e+01,1.417239128775511325e+01,2.064553579230598856e+01,1.469289135821088905e+02,2.946349629660154434e+01,2.132004981864612603e+01,3.042374915523761914e+01,6.894265737539454619e+01,5.386081075282731945e+01,2.818843978705675379e+00,1.391774211307840687e+02,1.152459068841508980e+02,2.321091115185267384e+01,5.370743413986334147e+00,4.780410193097753613e+00,6.228121002457606892e+01,8.465652920991033170e+00,2.439205488710679148e+01,2.778966019844122837e+00,6.680907807654853059e+01,4.370477052984912802e+01,4.448088235385463207e+01,2.636383416780725497e+01,3.954784699992717378e+01,9.139139619754209631e-01,7.504588351365305243e+01,1.563496898783625682e+02,4.937956735954114862e+01,5.578078697408876963e+01,2.139108025620427966e+01,1.205263726744439481e+02,4.987734583669081445e+01,8.264727893655592794e+00,5.908224081697819763e+00,5.385452496394918853e+00,3.232567203460718730e+01,3.519793559365687230e+01,1.850546579535715708e+01,9.526360446649236735e+01,1.665847894127135831e+01,6.533412201188880886e+01,4.222362472808564249e+00,3.387731590961835337e+01,8.206035072838263034e+01,4.325659874115698500e+01,1.044535492978119464e+02,1.508809447597215403e+01,4.757317166756330806e+01,1.859262575389543670e+01,1.719259503221512659e+02,1.617958553447128267e+01,1.035435972970103968e+01,3.291525663067034913e+01,3.835883270379583365e+01,1.541072081701334184e+01,3.288548852115909682e+01,1.663531046841225347e+01,7.381769721881629209e+01,3.583949112950144666e+01,1.971996673782362564e+02,1.262407180135377160e+01,4.498054651681478333e+01,1.338541591496256729e+02,1.519242053896147127e+01,1.668534727977962007e+01,1.872669281355310602e+02,2.287801858006567102e+01,4.254031983589231913e+01,9.399257388835449945e+01,8.040128160889243247e+01,1.509748870130520793e+01,1.423575896426121146e+00,5.321350716020980798e+01,4.657597254344629789e+01,5.830713856422278241e+00,3.168263650016395871e+00,7.612666810245310955e+01,1.417161021571402379e+01,6.269836742564036669e+00,9.518628214580057545e+01,1.223353461659077368e+02,2.249600720266318206e+02,7.263952214994475298e+01,5.965673303994100962e+01,7.634870807473481591e+01,1.789144211007289584e+02,3.312405831071003348e+01,1.106983728500330066e+01,7.842335173531508019e+01,2.308755623195804674e+02,6.812832527169368291e+01,1.468835830141518883e+01,7.391248101524558933e+01,3.874232641492228169e+01,7.280244362713580131e+01,5.550597062267114268e+01,6.136516057706906224e+01,3.119241234424524833e+01,4.705669061117703933e+01,3.772104787436450124e+01,5.715214500430142408e+01,3.725981909631413913e+01,3.342083652872979815e+00,6.407783942094313900e+00,5.089569680526744122e+01,7.747496641300920528e-01,1.962529442482940700e+00,2.276292227161314941e+01,2.606603512303848902e+01,5.256239012191108628e+01,3.217899355824288765e+00,8.511380807040068719e-01,2.543403462121617054e+01,9.480051633055818883e+00,2.414346549746489856e+01,1.359272922756354518e+01,4.061641674110859412e+00,3.488623121783429326e+01,3.669893177304923171e+01,7.309173974202975543e+00,4.329464121986339453e-01,1.257366360773872458e+02,1.013297953737916979e+00,1.442250981565655081e+02,9.143946151806341049e+01,4.492674818730757380e+01,2.327060673091822807e+01,9.361333345925758920e+01,3.940166591303972510e+00,1.271435574391906798e+01,2.376625616897363713e+01,9.668276919612939224e+00,8.817384936913398974e+00,3.927913086088039307e+01,1.538179350644870453e+02,1.735350450664288502e+00,3.186845939277719140e+02,2.412131340319586670e+01,3.665342542862068598e+01,2.684480051757871966e+00,2.939708732701683971e+02,6.804458966105201512e+01,6.932663653557605699e+01,3.246182921627216444e+01,1.438064582024481126e+02,5.942175946233532358e+01,2.177638419457601415e+01,6.156973408138600945e+00,3.871391420657558768e+01,3.012936217404589456e+01,7.145075152159675724e+01,3.632649038450154677e+01,7.891645972427019728e+01,1.349604456948386826e+02,1.949527518439509421e+01,7.964051121228048657e+01,6.342323881740797731e+01,1.099927134943304274e+01,8.977420834435021391e+01,1.330320904337812671e+01,6.638552887372397038e+01,1.142302375064801225e+02,2.703734337456412451e+00,2.110522697511738954e+01,2.429086365264722858e+01,1.688381189044535802e+01,1.116203311190487426e+02,3.656498696849900654e+01,3.415731025432395995e+01,1.669064410029366741e+02,1.715531616379251645e+01,2.328877854983371520e+01,1.048235309791042447e+01,3.199352765646448660e+01,1.053908079112282650e+02,2.926926656768851842e+01,3.793275746031944351e+01,1.064258116134016241e+01,5.315276902435534367e+01,1.614016888880809830e+01,1.513383879010766009e+02,5.365260694130008723e+00,4.905703199464433339e+01,8.814335983894901361e+00,2.615598063010773444e+02,1.871376887714966486e+01,2.727429511469141232e+01,8.763618738194536206e+01,1.563490770614842873e+01,9.428976051142134551e+00,1.283725748754042151e+01,6.450087827426199460e+00,1.759300482382224828e+01,6.741137434968492492e+00,5.703624620207269125e+00,6.497556031540847243e+01,2.515690581597916164e+01,9.747292713843757284e+00,8.660169685610766521e+01,1.044219206849151647e+02,6.216738063090468813e+01,3.532918900660992345e-01,1.378581808357187981e+02,1.083859491812460218e+00,3.044254187482959040e+01,7.358629796819026581e+01,2.113505486005493950e+01,4.135032605218598434e+01,1.036267282298360186e+02,1.157093083788896450e+02,6.804839698131736725e+00,1.872101672692934571e+01,7.790286291851789890e+00,3.344108497295326998e+01,3.076941126268348725e+01,4.790731413715650433e+01,8.760225440561332233e-01,2.676883610731489171e-01,9.763896222994461027e+01,5.958123971998779922e+01,1.338023431073330300e+02,2.752903830838984689e+01,8.164961572677951551e+01,3.059673945449067034e+01,4.799506591552744794e+01,3.671714698442116998e+01,5.490200201901572541e+00,8.266800209294382284e+01,1.541604843133036411e+02,1.398011644672389764e+01,1.040488140589808275e+01,1.260386872598228081e+01,7.402569037752738446e+00,1.141658980046402405e+02,1.672071773827885721e+01,6.227373933920495119e+01,1.765478468796143545e+02,7.092664327623779741e+01,1.488262941730460227e+02,3.523458488213753412e+02,3.179923366231757953e+01,3.233031053298355317e+01,5.795439349284158226e+01,3.294320418879316748e+01,4.354490997632955107e+00,7.553433528477810910e+01,1.971550067510293331e+02,1.453828253086467370e+01,1.389242770890621870e+00,3.368996181509893262e+01,3.602669236526431007e+00,4.942945218066788909e-02,3.999385911428120721e+01,7.628406349954828158e+01,1.382610648907190409e+01,1.218106979428248193e+00,1.257326506837596014e+01,2.128462661730185701e+01,3.833988214743437428e+00,9.025689386380340906e+00,6.644929084590499713e+01,1.823208115086169556e+01,3.847473187526610872e+01,2.698234230727499749e+01,5.296295420390848818e+01,1.725553509537141395e+01,3.126599783084575179e+01,8.159799633565171462e+01,4.303196827052261852e+01,4.864904995393208509e+01,4.005783430929240829e+00,4.268187578652594283e+01,6.127312981021965044e+01,1.109009679919872537e+00,5.271640401413292665e+01,5.877627151368452019e+01,5.832275307516151308e+00,8.502289643055517843e+01,8.683120225483268939e+01,2.784284847590585343e+01,1.066070325095016758e+00,1.322198324138148751e+00,6.261745333670531721e+01,3.290356761222459170e+01,3.148544992053867286e+00,5.361316513609024526e+01,7.456347406499257602e+01,3.084347589110044652e+01,2.561370751927849909e+01,6.113625929570227413e+01,3.379394042892595706e+01,1.509154212847417398e+02,6.020161973193350669e+00,2.600850352387805842e+01,5.416147026113270613e+01,2.231597829912206876e+01,1.722782357965657241e+01,3.502754984126305970e+01,8.381402758259838492e+01,9.326574779106228164e+01,1.043307497322032873e+02,1.764250779452683915e+01,4.480412143503386346e+01,2.703486556307844921e+02,7.087674482967409517e+01,1.901637704054984468e+01,1.904430688718030922e+02,3.073815087322277151e+01,3.271210688028108393e+01,5.493905863387383448e+01,5.854991412391719940e+00,4.867092298168554976e+01,2.409220717308598481e+01,6.469806294898354793e+01,5.087019832583579415e+01,7.949748563767134790e+00,1.710385739851909364e+02,1.372782305163140215e+01,1.084030554163293480e+01,4.008470039870640989e+00,1.149584405973447510e+01,6.674045685716832566e+01,1.427258396818945130e+01,1.809693396197132031e+01,8.946654085364930609e+01,5.548182221240912781e+01,2.424997030341280890e+01,3.800244442050314575e+01,1.126824568326019858e+02,3.852792588514787298e+01,6.441709858760097518e+01,4.058335395079514463e+00,6.681455322658406715e+01,2.990322991363719893e+02,3.190192353169187456e+01,3.519095096467931683e+01,2.353906962115317913e+00,7.104897867276907419e+00,8.319401319489675428e-01,9.877186534039379850e+00,1.656568575896687179e+01,7.660232739446311001e-01,9.205463186513370033e+01,1.012485532957301082e+01,1.217644081428341138e+02,3.113728599640724237e+00,1.502087703181892664e+01,1.815190449217116608e+01,4.210864690350114614e+01,9.455459942518614014e+01,3.066092352287376954e+01,1.565868732864615538e+02,1.093305281662972739e+01,1.608501225875019998e+02,7.585511048328953621e+00,5.061401467999178294e+01,1.586757817923611036e+00,2.191111108487336523e+01,5.069495913924337316e+01,3.124676426918176730e+01,4.620236368361553758e+01,5.571833519592913575e+01,1.274647270183548464e+01,1.270041860070581379e+02,4.657983294526830065e+01,4.504890727781666548e+00,3.059128606940597095e+01,9.980131094112239509e+01,4.586207851817079728e+01,4.556809515486099116e+01,3.055840658790597075e+01,1.288865865421319334e+01,1.403637340620859142e+01,2.031032704319489213e+01,3.289807995059077683e+01,2.920773052556980929e+02,2.609363598178088139e+01,8.454737617998329569e+00,2.176491557637231153e+02,5.410511261694387741e+01,5.365072471074935123e+00,1.206399204516013590e+01,5.096875638965741473e+01,3.192476276649987810e+01,4.333887764962355504e+00,1.615000752850422217e+01,3.612681759321049668e+01,1.890294122988054539e+02,1.241721561288910713e+01,2.792099737440612461e+00,2.382878130171831899e+01,4.141080450778265920e+00,9.804136675836348047e+01,7.922683192633598992e+01,1.200752481813581163e+01,1.172317843747823396e+01,2.441773108170308504e+01,4.977549154321209102e+01,9.555080039900887812e+01,4.754271354499089597e+01,1.539247151579424155e+01,3.240954283062886532e+01,1.590770775200144982e+01,4.105279167118069950e+01,1.996985017496317516e+00,1.758316428172495023e+02,8.393467737415562624e+01,2.028591775629298599e+00,3.516504259738332472e+00,4.559522387324122406e+01,2.336108604987775905e+01,2.890305960867443247e+01,8.741953444861367828e-01,4.464100802042502147e-01,2.176436565503212073e+00,1.949805361904872525e+00,6.409277595854698006e+01,2.338131779818541744e+01,7.005526636874920143e+01,2.485014597762178212e+01,4.870404715321428313e+01,3.444888722842976136e+01,8.428006591463399388e+01,9.747598572711303477e-01,3.410218696491238433e+00,4.117767202257444836e+01,6.861425045662571165e+01,5.703403449534895486e+01,1.031848726746807046e+02,1.027440931565509175e+02,7.853787526490635607e+00,7.183380855586291602e+01,5.727322047401924010e+01,1.021911945722669657e+02,4.543565844175302182e+00,1.334238691909529280e+02,6.324233205477486308e+01,1.738867671960754535e+01,7.070446272752164418e+00,1.436696282585222129e+01,2.668489046593137104e+01,5.191501975032323202e+01,1.119484063446087951e+01,9.217241283279770414e+01,2.602299557920952466e+00,6.299419213348383728e+00,3.960577770790165264e+00,4.736483650290801251e+01,5.649360056285479992e+00,8.782035383896285907e+01,4.891791470183267876e+00,1.122219696967383129e+02,5.171020722576635364e+01,1.193766834410283018e+01,7.335422014502594124e+00,2.403254443560404852e+00,1.449292176360711721e+02,9.210409267492788388e+01,1.344653830055500698e+01,3.399950349606158539e+01
3.978095316254758984e+01,9.376126958339659367e+00,1.876778360007149331e+02,2.195564179189345566e+01,2.946959701528903608e+01,1.811565741435533639e+01,3.889760069871525872e+01,1.196242502255198836e+01,1.461842692250791913e+02,1.413619219216894578e+02,1.263027329681793134e+02,1.042158294353886419e+02,7.960666380878870996e+01,2.481041997762073663e+02,3.818762091917735688e+02,1.689000407767530589e+02,2.616666974440234981e+02,1.455157839722845665e+02,9.023075657389948390e+01,3.746161055396411399e+01,9.041796688083765332e+01,8.832618914560829637e+01,2.075586913815267280e+02,3.500177398923134575e+01,6.660257075862864440e+01,1.064028090421748942e+02,3.034978613149614257e-01,1.652636094095375796e+01,2.870068155812877464e+01,2.658451631454723838e+02,1.784040090837033006e+02,9.694420678397454694e+00,2.896960419816327317e+02,1.595320879507083056e+01,5.598682172615311714e+01,4.107397185146896845e+01,6.594044280744141417e+01,5.399713809825790634e+01,6.190072185766773316e+01,4.436922884334329353e+01,1.750533883654572094e+02,5.613764861994277311e+01,2.919907727851285628e+01,3.316927251581547775e+00,1.309306083930495390e+02,1.617673342564390992e+01,4.604257273856911326e+01,1.979430572558468526e+01,1.187326779512232520e+02,1.382068624442387943e+02,2.285439234399958863e+01,2.602381319437364482e+02,9.867723341688503069e+01,4.541361635230173732e+01,4.376215859053977653e+01,1.959067101141829141e+02,1.783600540071087153e+02,1.393110256934885456e+02,1.351934235070273971e+01,4.545658080242915133e+01,5.462533497722247233e+01,2.196578025742880698e+02,5.897609716383500711e+01,1.230251316541803561e+02,7.148139347037138691e+01,7.747805455950711462e+01,1.361670177789413394e+01,2.522545049197991602e+02,2.278062853650476711e+02,7.304917430314952753e+01,1.874534873577116301e+01,4.297779856876297089e+01,1.125638182971521104e+02,7.010515610766135808e+01,1.777107476054593747e+02,1.317182562345389307e+01,2.378511856237912241e+02,3.789580708208746529e+01,3.185984032360764786e+02,2.481784532261738718e+02,7.915808030903477288e+01,3.773754427485167540e+00,1.384484906144172385e+02,2.379694777551545926e+01,8.534581609001507729e+01,2.372101275700358940e+02,2.882170668100975064e+01,5.820801069670951122e+00,2.958635944793804242e+02,1.754199344017038982e+02,1.295807023594047713e+01,8.855836185803326543e+01,2.847432440456638005e+02,1.399592927603118824e+02,1.374459598118265546e+02,9.467832006040988801e+01,5.466445912519827743e+01,8.520580801743696142e+00,1.388563674216995025e+02,2.146446519955591725e+02,4.292795038542357844e+01,1.183479921158154546e+01,6.846979134937539868e+01,3.883633054088583236e+01,2.418075865077306617e+02,1.741737453123327484e+01,2.952048917642204984e+01,1.253215973904221592e+01,2.070156066469252494e+02,4.555197589947626824e+01,3.735668384507130213e+02,1.684445880937150264e+02,3.601168137210782447e+02,1.433425652135039456e+02,1.821471737680820695e+02,6.274025714434166900e+00,1.025363676064093621e+00,1.665729988930423531e+02,1.476104313255080740e+02,3.147230558010696200e+01,5.975437165301520537e+01,3.433753943066602119e+02,4.132027584699838485e+01,8.627072390839785498e+01,9.201194325536734198e+01,1.779611780324763401e+02,9.477907348752158612e+01,3.176139838087834377e+01,2.632697876679686146e+02,1.958703959079212211e+02,1.942378227495271688e+02,1.046967382812596448e+01,4.148849148664739772e+01,2.246501324878661592e+02,2.882205913940580331e+02,2.309528481741363635e+02,8.093387963795380813e+01,2.402369514423992030e+02,2.427313416632824215e+02,5.500403495888983585e+00,7.688557016694284130e+01,2.117406866905827911e+01,3.959338148892555154e+01,1.587413328343060641e+02,2.672856175205645854e+02,3.718164620940581244e+02,3.928626032116102351e+01,6.411011848770448296e+01,2.070273724861823155e+02,1.479801643642413751e+02,6.215642073015476221e+00,8.024533376153682696e+01,5.832361623723983968e+01,6.540606458564467118e+01,5.388139055060495508e+00,1.190584559735168035e+01,1.094363355105587630e+02,1.465536747475165953e+02,1.342281427369530604e+02,1.157719123296227650e+02,2.783453837928153618e+01,1.379539593798188264e+02,2.352366972917209580e+02,3.752220667174076993e+02,4.333901529491519966e+01,5.262820209625851220e+01,1.399048516881967430e+02,2.869024714448272917e+01,2.254052399192002270e+02,2.390125746442133092e+01,2.183767515406154587e+02,2.601942599081546348e+01,4.025242811383378694e+01,8.021441551606868359e+01,2.634371665150766830e+02,4.589178788097391504e+01,8.243101397590363888e+01,4.251606717251846845e+01,8.149972751618061295e+01,2.650667757662905046e+02,7.734039805754208885e+01,2.854651870442772221e+01,5.675626889513526230e+00,8.202619643003843919e+01,2.264811650127986979e+02,3.453385347031768760e+01,1.909611742503648202e+02,1.804884928693004724e+02,1.359762611155697414e+02,1.425503851705322518e+02,1.689643719280978473e+01,5.612494164231606675e+01,7.683692190321268356e+01,2.340255552507244658e+02,2.153325029667846593e+02,1.886886504661544279e+02,2.208025939552106536e+02,4.805625040098097323e+00,1.178267684665408126e+02,4.668087756662294474e+00,1.444575214520228883e+02,1.016028386499868787e+02,2.710643492810152679e+02,4.264276203033580970e+01,4.657629441949325155e+01,7.054340026000190278e+01,1.336318451007593637e+02,6.423528339447324242e+01,1.791284047389450222e+02,1.738562231277331023e+02,1.136632013420080654e+02,2.850559856665732354e+02,1.283004884473657192e+01,4.907871896749971796e+01,2.688562568944451527e+02,1.022287600783705699e+02,5.784321837642536934e+01,6.914999306330612683e+01,3.037652402491848989e+02,1.906894159585749193e+01,1.798907484039847020e+02,3.894080406240287573e+01,1.027677915898935765e+02,9.458954805758581585e+01,3.878568601681261043e+02,2.004745601536936306e+02,1.344488429329382768e+02,1.559092315228545829e+02,1.633743305080099617e+02,3.490107547174455362e+02,1.560218581310624586e+02,2.121977541121684681e+02,1.766402666260884473e+02,6.263645575880148897e+01,7.882057254955876147e+01,4.662482595981558120e+01,1.010824969392030113e+02,1.740865922624166728e+01,8.930156640302426752e+01,2.247361455542127260e+02,2.050091706990393732e+02,1.918724273875440360e+02,7.552705414705955889e+01,2.059362750812524894e+02,2.936618010366415987e+01,2.644180044201070814e+02,1.254187180678809455e+02,4.871249798201191794e+01,1.535686384665657727e+02,3.950629784686001926e+02,9.360189482284752671e+01,2.562875177686585104e+01,7.906945242640597371e+01,3.146949750350227148e+01,1.874079377939864059e+02,1.302368979895578889e+02,7.079910311937680945e+01,3.158108366752588267e+02,1.449467817807891663e+02,2.176306143804746114e+02,4.973425656400245742e+01,5.229928055622501404e+01,1.449124038051827483e+02,1.488618568308521333e+02,1.008458754799654855e+02,1.435226942916949326e+02,1.452153909332450326e+02,7.498226192195757278e+01,4.417299194139578589e+01,3.142414033229820092e+01,1.079309408814587954e+02,1.095076344688706804e+01,3.076120964251607006e+02,3.674870505400370035e+01,9.019307044117554995e+01,4.713078718116776855e+01,1.755930199171438915e+02,1.644793432742777668e+02,1.038642352979580608e+02,1.008884805977370114e+01,1.743854505484599997e+02,3.237723521483035825e+02,3.125242258269425406e+02,2.693284191266980088e+02,2.217947960016276738e+02,9.377603278080101745e+01,1.890253526819014667e+02,7.458358614897919381e+01,3.277612393009348466e+02,7.583495399041551366e+01,5.920683943395675897e+01,1.240515733039195680e+02,2.108743487211803540e+02,2.989135889741345977e+02,2.076001263828624417e+02,4.588210036289680716e+01,1.463871567468382580e+02,2.239827756002520687e+02,2.126569226244772182e+01,5.994138852064195078e+01,1.098735848383425129e+01,2.648206767961118544e+02,3.081662688770009026e+02,2.269829337331668455e+02,3.958465447412623917e+01,4.871547677374528718e+01,1.494229392282928393e+00,3.662342060539373279e+02,5.750708589992740372e+01,8.990835891415633441e+00,1.839063418265396592e+02,1.773563643221752173e+01,2.124190599492645788e+02,1.056233811722377851e+02,8.423895168493384489e+00,2.896419895715683310e+02,1.394164648667617428e+02,5.119375585509224891e+01,4.510959539493140369e+01,4.632372726103688620e+01,1.741202460774389067e+02,3.966041027856977053e+01,1.124864430582945829e+02,5.106984774277826489e+01,2.865284341206273098e+02,1.911906416880211452e+02,1.206317903511430814e+02,4.077653516848385351e+01,4.150782778725247795e+02,3.267595584555635924e+01,1.403497864528783623e+02,1.249170818576114215e+02,2.684096699516658759e+02,1.063110954944054356e+02,2.185985478847572949e+02,6.228260590310461708e+01,1.684239419918103238e+02,2.167854549779645481e+02,1.353566682534932113e+02,1.865621995817672314e+02,3.717799272159955137e+01,1.443018351260425618e+02,3.484787532018603429e+01,5.378981511163956242e+01,1.039421673817178204e+00,1.240483149302329622e+02,1.913965811571341362e+02,3.304161896652925634e+02,1.607790456012263336e+00,4.575289883643834088e+01,3.352356922749841317e+01,1.007542083900025744e+02,4.000065356826209495e+01,3.370130864054823974e+02,6.244005207288918768e+01,1.820522093263534487e+02,4.262384273065863027e+01,4.891087063737212581e+00,1.633883384833643504e+02,7.680798800691627548e+01,6.565483989906489626e+01,1.523069536552450813e+02,5.928060779040349360e+01,1.109671009723374198e+02,8.464641192534988079e+01,6.785090052041491049e+01,3.051368388030352321e+02,2.476736036203697040e+02,1.279654845465836530e+02,1.895643755780519939e+02,1.474919489459619797e+02,3.415169547377831236e+02,8.886919322512626707e+01,8.836979234843950337e+01,1.167509795939638728e+01,1.510588979518891328e+01,5.791163743181583889e+00,4.733160081785229778e+01,8.375282189803970212e+00,3.917203049550493574e+02,1.011884140293477117e+02,6.652167982121910939e+01,1.059507691437396346e+02,1.373278197047963829e+02,7.773293879436819509e+01,5.044227791973357711e+01,7.170115013320406661e+01,7.434316435442008242e+01,3.317898086022588444e+01,4.200677379346490170e+01,5.358471995104934393e+01,1.822667068966262320e+02,2.028836637004536954e+02,1.237356146634878655e+02,1.195834288001791066e+02,2.279833997499743603e+01,3.456022987071071952e+02,1.086712628974112818e+02,3.226345182164731682e+02,2.935792980218728587e+01,1.333578792560766146e+01,3.055138515582814307e+01,3.325820929747990249e+02,4.221765580884523139e+00,2.329682377516252529e+02,1.810049781842295502e+01,5.138736049277009243e+01,3.497470419279189713e+01,2.281713875002612824e+01,2.237372793863530944e+02,2.486843007079911843e+02,2.196368032464968323e+01,5.503160692266791898e+01,1.090595074021554183e+02,7.179382117423129728e+01,7.756480171735432805e+01,1.762777903565452959e+02,1.658931278990280305e+02,1.024146276033929865e+02,1.084046197853683537e+02,1.236044609698967633e+02,2.415137908117046379e+02,2.898540390354104943e+02,3.755740421839537646e+01,5.109556160518349088e+01,4.008794290168000884e+01,1.605621432021404260e+01,1.830169763584193561e+02,5.665111037529274540e+01,2.336867914415669247e+02,1.835338932481838299e+02,1.483772798253153269e+02,1.135650718664716265e+02,4.337484683942826535e+01,5.389534847777755999e+01,1.118195859000128678e+02,3.034901458160422862e+02,1.437188953418193478e+02,3.070729552861423031e+02,1.504942296518658225e+02,1.874831457578386562e+01,3.556625693052070147e+01,1.964733605206866329e+01,4.003017554747331701e+02,3.244663680356114810e+01,9.722526357638987804e+01,2.496276760504849506e+02,4.593769402841007832e+01,1.113244396417175892e+02,1.068838280176848201e+02,6.922773097150526667e+01,1.271950616262808040e+02,1.628076044341657180e+01,7.160832883522785153e+01,1.457633130585005432e+01,2.208895545807524456e+02,5.106914596996575284e+01,4.035422727427282297e+01,2.489068065222636221e+02,1.048263919347644588e+02,1.682173254639198845e+01,3.651006456035019454e+01,2.090866926778323602e+02,4.937366541901211825e+00,2.111150395274976006e+02,1.024596241410605870e+02,4.442353406915157876e+01,6.386100631878234424e+01,2.824757222338199014e+01,8.612550653853446647e+01,2.312151954702870071e+01,2.524780317429009457e+01,1.729802451140693620e+01,2.721071884323119505e+01,2.981684142492968590e+02,6.332672381349730273e+01,2.161815563221682055e+02,9.614446579390532577e+01,1.038865234531970287e+02,7.710647887908402254e+01,5.163706430791763324e+01,1.129725427477596753e+02,8.450547328019796112e+01,3.809834294321821346e+01,1.135186334906072432e+02,1.971883024520758738e+02,1.031767964681701670e+02,1.320098742013575759e+02,3.077418679336341256e+02,1.116276094975874997e+02,1.390289921303038589e+01,1.841675621402361003e+02,8.806917514941494574e+01,8.615606579110944097e+01,1.116855007409794922e+02,3.698462229546301501e+02,1.054441746138176796e+02,1.924319322764812341e+02,7.703913820877511398e+01,3.223873846322033501e+02,3.497736396146627413e+01,1.377855471247958441e+01,7.608835539232315703e+00,1.855263174520933944e+01,1.954954962511928329e+02,1.111993168973160238e+02,2.483659468108450881e+02,1.169959882989834767e+02,2.750126358749378142e+01,3.250941699781054695e+02,1.488035699679482171e+01,2.424082949357628181e+01,2.999465318592875107e+01,3.073579534009085279e+01,2.775851076126270414e+02,1.636536468114425418e+02,1.478280962270636394e+02,1.386768062287883936e+02,7.596169290535884500e+01,9.475169227764270374e+01,8.307764803956246169e+01,3.852320640956750708e+01,3.064026570460000798e+01,3.157090668275685985e+01,3.001660197162335066e+02,1.214403026132633272e+02,1.717966460394538046e+02,5.765610850356384987e+00,1.219401126669990276e+02,1.823675214385497156e+02,1.664440099371537940e+02,1.442807842256960953e+02,5.352181793677666377e+01,1.787555826603909566e+02,2.130646496905919562e+00,1.507716821879571683e+02,1.612333499412061428e+02,3.274227927124847071e+01,1.290904842692306715e+02,3.958978086075089209e+01,1.289960426415046584e+02,1.145047585422001788e+02,5.928474848414389697e+01,1.949994947835761252e+02,1.203278317022354003e+02,8.048163397854732182e+01,3.291955259388345922e+01,1.788479441062983426e+02,2.583277810008025313e+02,2.512172949963179391e+01,5.300325358761633510e+01,3.478126229681078598e+02,3.075115922251205234e+02,1.499580615838431186e+02,1.381061876679461591e+02,6.136638627697132620e+01,6.565038128808660645e+01,2.439237213651435070e+02,9.199486412221646958e+01,1.506265794766922568e+02,2.356700515233438509e+01,8.263675603578064965e+01,4.526237865334280741e+01,3.664271683114703393e+01,7.956833380210760254e+00,5.445053139398113018e+01,5.027674832207934941e+01,2.642783600460057869e+02,1.893387477231427454e+02,1.295789670495809105e+02,1.605226690145985629e+02,3.848421201381967194e+02,8.554733656574852318e+01,9.306597704038604491e+01,7.825943665056600196e+01,5.702436041540804013e+01,1.115480963639888046e+02,1.484010714303885266e+02,1.462156345783947131e+02,1.029253437737031476e+02,2.147997251934352203e+00,1.341923565603522484e+01,1.342804197867758660e+02,3.342468852304513405e+01,7.043000388420259128e+01,2.088963757214002896e+02,1.871183688358494379e+01,2.550429687315960052e+02,1.771368574944455077e+02,1.180651977540563422e+02,1.431614586036463663e+02,1.223347169952597966e+02,1.244297887194170755e+02,6.219461545137051672e+01,1.414106414772846065e+01,3.359317130822225383e+00,4.448550314942934847e+01,3.127027608208539533e+01,1.574898228185588493e+02,2.102768059668732192e+01,5.539605402588023253e+01,6.198817656881787030e+01,3.625620525384531589e+01,7.677306109944765922e+01,3.348012148507781944e+02,4.403083276604360208e+01,2.221454694946480686e+02,1.894310513437226575e+02,2.272975888470545840e+02,9.105698082266213689e-01,2.451193307635994927e+02,3.252069254274903454e+00,2.330383783638799855e+02,1.056356332823242070e+02,2.119068380581071054e+00,6.042174290649629853e+00,5.155679917598895656e+01,3.726068780116597878e+01,6.977540881916779369e+01,3.818922666755214124e+01,2.485038921317917300e+02,2.854697465238523932e+02,6.001762139301956722e+01,1.577151050371324175e+02,1.859978549715427505e+02,1.690549935471468368e+00,3.494723795002293087e+01,5.451026362479331056e+01,3.311029756071383900e+01,3.842945610901765718e+01,2.921976594438377219e+02,3.186675824927569067e+01,1.946176913603070773e+02,2.337038809628736828e+02,3.676796170885175030e+01,5.559701175522371130e+01,1.108227155691956369e+02,1.436651509033169702e+02,1.883810883457766465e+02,1.679494676365733312e+02,7.327496731042087674e+01,3.467775097916905480e+01,1.907442219026446040e+01,9.576417451565680494e+01,1.430754215688659485e+02,8.448379958973551140e+01,2.094237756029504638e+01,7.456800766609630671e+01,5.060980556917684225e+01,6.197882379576278566e+01,2.578646386503680219e+02,4.674547521298584485e+01,1.248455067186361021e+02,2.029362402903267650e+02,1.031669562932617055e+02,1.400626722872711127e+02,1.029049924527006823e+02,2.466303773533267929e+01,2.662881339009692372e+00,1.773015572887114999e+01,1.379610464795675568e+02,4.799768407422305216e+01,5.466755367706947588e+00,1.561058297692945303e+02,6.758075942107170420e+01,1.012234130690868561e+01,2.621350196597546187e+02,4.807485457286531272e+01,1.570927821386230221e+02,8.514790979744786625e+01,1.127708194357505391e+02,3.265831259283449981e+02,7.610312574802661345e+01,1.051222098787951609e+02,1.372475686871357254e+02,1.498419837891211159e+02,6.774002570136565282e+01,1.266329151380002394e+01,3.788621549161427282e+01,4.893973032167539259e+02,1.239136844910712831e+01,4.902033609522093371e+01,2.226453511257079185e+02,2.265494370429962316e+02,1.851320885459603716e+01,1.619305106701136481e+02,9.391048642548292946e+01,1.366171351520113149e+02,2.090651195240542748e+01,9.528675397892170906e+01,2.247488421926133029e+01,8.087170339892973914e+01,4.324441551773375636e+01,1.209908956507488256e+02,1.427823938817225553e+02,1.460478480926582563e+02,5.763273675379502414e+00,2.020009697314020229e+02,1.692896654419294293e+02,1.358753291892299160e+02,1.687344451082407488e+02,1.487827292196213307e+02,6.131932109473356718e+01,1.925237042915839254e+02,6.981682803555898431e+01,1.297829079806797097e+02,4.823836284246238506e+02,1.564704046362749921e+02,1.648170571770622530e+02,1.863147083812559686e+02,1.021295541489226224e+02,6.357602504776009766e+01,2.555067620765502667e+01,2.803258104577572851e+01,7.988150719374652375e+00,9.487913981980470624e+01,2.175995178766696654e+02,2.348702920430295364e+02,2.949270836393509398e+01,3.879253976410956284e+02,3.302580073875560061e+02,1.719746060940394372e+01,1.041244671962972745e+02,5.498810198994214460e+01,1.275005210131426594e+02,1.795610678022640911e+02,1.410595163019281983e+02,1.658503023232006512e+02,8.357163468637996573e+01,2.106661026164610746e+02,8.411118988138667873e+01,5.165781912992604674e+01,3.569310932709411190e+02,3.660708926763235809e+02,3.870471852886431208e+01,5.221261466632407888e+01,4.484347144419523943e+02,1.195184703782723687e+02,1.582737171544470556e+01,3.959189379593465397e+00,5.817370259558840928e+01,2.116100503183682520e+02,2.067830652648251544e+02,8.000558376895213542e+01,1.390174320246024138e+02,1.948277882624356891e+02,2.171058109790173418e+01,2.275823682685788185e+01,1.988220801100240820e+01,2.222204715835211175e+01,9.799130585157243833e-02,3.348285458002953874e+02,2.029547219840401056e+02,7.664846883697750002e+01,1.515891115364828750e+02,8.247737940039925775e+01,9.958322427064969418e+01,6.000055938415023604e+01,7.378620655145505225e+01,8.126230805924036815e+01,2.833286761018033530e+02,2.453983926032708212e+02,3.454696120740901222e+01,2.257380055571312027e+01,1.439094644594089800e+02,7.354172393274525632e+01,1.341539359227477064e+02,5.250659643432932233e-01,7.318468710582730807e+01,7.770682093617749331e+01,5.252547480372583522e+01,2.970565671210075607e+02,1.437983274250340742e+02,7.499075014132243666e+01,5.540671484546658121e+02,1.007870852978126521e+02,7.938029005392674264e+01,7.292014155929847163e+01,4.142988246992494794e+01,3.643733637779234158e+01,4.322797451381249090e+01,2.613514955601306724e+02,2.341175336400189622e+01,3.381628445610749054e+02,3.126371876144776252e+02,5.340771663763081278e+01,7.777635938095084356e+00,4.086915832899911294e+01,7.510126615707703479e+01,1.142019083035296667e+01,2.775403665273763565e+01,6.017533365467080841e+01,2.213757957032530044e+02,1.409123357219209254e+02,5.251445686595324958e+01,1.568406489894436788e+02,2.225508202617593767e+01,5.753000671587156489e+01,3.996609453206668263e+02,1.780422593568715968e+02,2.015989205316955690e+02,2.455191889850422058e+02,2.014012226280396334e+01,2.914171241752299011e+02,1.519222002507222840e+02,1.551862616118379208e+02,7.793633835130256671e+01,2.039592434664170071e+02,3.007572248030378592e+00,2.714769442756644935e+02,4.363955939437415310e+01,1.957633861227847945e+02,9.271678028089998236e+01,1.781991675308819083e+02,2.486988707295807544e+01,2.480341927108221398e+02,4.781584650785311652e+01,1.214033488691444660e+02,1.394300779789909654e+02,1.960514750308716430e+02,1.891185000136642600e+02,1.199338912805623778e+02,3.891459787994912034e+01,1.251746664532733178e+02,4.146161552086385171e+01,1.693155372246910702e+02,2.062678353271597942e+01,2.139277003692316157e+02,4.235154915412713450e+01,6.455263051704763200e+01,3.390802657372353934e+01,7.622381762053881182e+00,1.613511820347573860e+02,8.678691392510557989e+01,1.413699226613166786e+02,8.790350597905182894e+01,2.918439784812871380e+02,1.188272491231273875e+02,4.163292551188640687e+02,3.357956719601671125e+01,8.838087267041289863e+01,2.532578177238844432e+02,3.834724670522763290e+02,1.813540805083734142e+01,1.469745544256298686e+01,1.161336850707408672e+02,6.224766580440664399e+01,3.990970849915384377e+01,9.632100252601487966e+01,1.655267425282551130e+02,6.594707517482433445e+01,4.648539299723143614e+00,1.126352407945921641e+02,5.691347613559645424e+01,2.513325493750305668e+02,1.432203274248091702e+02,8.067834863255123778e+00,1.233768162603256400e+02,2.239827269619836443e+02,2.903384993558152587e+02,7.561450852240199083e+01,8.448015151463378913e+01,2.779564259270276949e+01,1.293051329375038279e+02,2.953539084942999793e+01,2.061393328413896597e+02,6.139975700656144397e+01,1.520997060670657675e+02,2.932794407848907436e+00,4.034911978022761758e+01,3.856151135626359974e+02,3.075403534344865264e+01,1.182728749612653587e+02,5.177733815139180251e+01,9.506313962175697441e+01,2.418766053622028380e+02,1.224661338227460021e+02,1.679916967950577771e+02,4.309798728470448026e+01,1.356349658993793810e+02,3.038447473577576474e+01,3.332741039850647553e+02,1.943541794525472994e+02,9.159122550307847632e+01,2.565058150945662305e+02,8.495105251736669061e+01,1.564029442251083140e+02,8.782319078358185038e+01,3.866397232961699615e+01,2.181362710853457543e+02,1.108920327270107151e+02,5.893769205409639511e+01,2.033088830055391227e+01,1.201961958526524796e+02,1.864629931430979681e+01,1.940867137954046839e+01,1.734249147028807840e+02,1.519335533333538990e+01,7.668497386625917045e+01,2.710744903637352010e+01,1.870232035543862992e+01,1.868006109596229010e+02,8.716726032725675566e+01,1.962231809707929813e+02,2.823236391865026818e+01,7.921953750321124232e+01,8.093384967851172007e+00,2.310750992225279106e+02,2.068344301255685593e+02,6.500884789590786283e+01,1.835066827126612736e+02,1.046291249053175534e+02,9.549152780252755690e+01,1.773570607264781245e+02,2.533266892961673875e+02,9.486829031872771623e+01,8.647604932118669296e+01,8.808869956797963141e+01,1.022443396269526694e+01,1.771750141691475449e+02,9.978536711937312509e-01,2.389863608370030423e+00,1.407253289124278410e+02,1.329505162913757204e+02,1.438838920444127609e+02,7.470259035594902741e+01,6.513095989547367459e+00,1.285563108859239456e+01,1.551340030195961219e+02,1.480439235654179981e+02,1.787825859373868127e+02,1.519753896798574715e+02,1.646342620168592532e+02,1.289451963663008200e+02,3.841190140973608180e+01,2.537602920267110562e+02,2.743047573837851019e+02,1.802053132888654545e+02,4.371632603704104980e+01,3.112253338953276938e+01,2.817032758559923309e+02,2.681831118167856687e+01,1.592880030209005042e+02,1.108908193748302864e+02,1.778348715638972877e+01,6.024819422752457143e+01,1.176996396944402932e+02,1.617462048083651496e+02,2.033442515322454653e+02,5.020400533891632477e+01,4.261801255580380854e+01,1.156146680780207134e+02,4.860569861630856536e+01,3.768408243785743394e+01,3.405107605489456013e+00,1.140194972140092773e+02,5.161769401955649528e+01,4.791701054566201634e+01,1.775808937304674657e+02,1.718203221368964932e+02,4.168104797900068803e+01,2.425879594910594506e+02,3.894826367514254883e+01,1.631649021454636568e+02,5.658451275461787588e+01,1.287563769467937220e+02,7.656123165288975940e+01,4.134707462985875281e+01,4.958617695290421068e+01,5.489978761606464275e+01,1.200788376597422626e+02,4.423746469174608814e-02,2.489722355065831039e+01,1.648428195667042644e+02,9.342919294324451585e+01,2.571246567680834261e+01,2.319203656370089561e+02,2.494714235691045587e+02,5.286398958049093011e+01,1.022622201602348326e+02,1.431487226287162251e+01,2.580656978894517195e+01,1.685620200311527412e+02,7.367860293319708376e+01,2.196400745890932455e+02,1.498342933831132768e+02,3.124185364374164919e+02,6.118455956996357514e+01,1.057790258684289064e+01,9.373498562247017674e+01,3.422363775620391948e+02,1.942962706300138791e+02,1.058868268894094768e+02,2.192543910178749798e+02,1.143133082344643867e+02,3.007755123541468265e+02,1.552027077750279602e+02,2.085808794656777536e+02,1.431952211203092702e+02,1.562332403150538482e+02
1.049270381962882581e+01,6.390672521282701979e+01,3.387798442511155628e+01,7.426058548145145721e+01,7.217178546685714480e+01,6.680421972895658200e+01,1.035080388828239393e+02,2.501932314705341014e+02,2.021094453357267469e+02,1.465074050800279259e+01,2.314776357605718431e+02,1.482639295089038285e+02,6.432991453561072603e+01,4.579931457075875301e+01,6.532270240968260566e+01,3.088006975824540845e+01,1.204873214673067316e+01,2.397084800565213243e+02,1.941107216244974865e+01,1.056000858015735702e+02,2.711971814448969553e+01,9.949760172745685338e+01,7.768682114172905528e+01,1.986444761743047849e+01,1.556882398613435043e+02,4.604933712683000380e+01,5.136072534367303888e+01,9.757394757065560498e+01,4.057448547653764948e+00,7.198245856839507439e+01,1.300991432876213594e+02,1.874247845693602983e+02,4.023050738326850961e+01,2.468747655554156140e+01,8.971464769747682055e+01,2.020627130685685131e+02,1.482563369043049306e+02,8.407526964370449107e+00,4.374972959871860922e+01,1.529217574935504409e+01,6.505368496386131483e+01,1.856407345378016487e+02,1.914734222139075825e+01,3.400521936221755368e+02,3.231063402146093608e+02,1.877538150996989259e+02,5.651250148897386794e+01,1.999334871165748240e+01,6.712123266188542914e+01,1.551224673208689921e+02,3.764292398489334914e+02,4.597827622481577059e+00,4.262824827449773757e+00,3.654463753868729725e+01,4.153170611788642219e+00,4.351002620153482603e+00,2.025072189000619289e+02,2.780373634208569342e+02,8.093412202073481865e+01,1.298117943089763742e+02,2.005305579695113067e+02,1.737945342888366156e+02,8.201755951303327663e+01,6.341779110550098864e+01,1.019469469970693467e+02,2.587212451935346280e+02,1.687401159392261007e+01,8.597560687253771761e+00,7.476810602478307999e+01,1.509254858327581985e+02,2.330080394310269032e+00,7.564156772051893540e+01,1.765861631264941707e+02,3.036314948738919384e+01,6.881702601919428730e+01,5.318625594635403786e+01,2.354548891238323804e+01,1.711578191292438760e+02,2.062503212987840584e+02,1.683935206167975309e+02,8.479070314109857520e+01,1.965443123169790454e+02,9.537498196854117793e+01,2.704100044639258158e+02,4.608400954121521522e+02,3.887459084338600945e+01,1.706380203676880853e+02,6.185854092476036215e+01,1.150337343113700683e+02,9.681165959001002363e+01,4.445400517277385575e+02,1.991105493218546769e+02,1.683288478463330478e+02,6.508648252379948040e+00,6.192136280949967642e+01,1.862650179702317530e+02,2.643728851301045779e+02,2.899189406990556677e+02,2.787857284698354476e+01,2.695163867870609806e+02,2.988932766494298221e+02,4.226999770072985143e+02,2.256840803229331982e+02,3.917489602847893480e+02,2.937234623358745580e+02,2.285295541427985029e+02,1.372648031506257382e+02,9.493615817289649428e+00,2.418386996671409772e+00,8.070933511601639054e+01,1.175462720124992018e+02,4.378391706193646371e+00,1.350231043263487436e+02,1.526381874966017449e+02,5.478497254412840789e+01,3.409835839133518789e+02,7.285626893209762756e+00,2.981526834973457198e+02,1.653079568843853338e+02,2.147706749217697464e+01,2.293233659710604115e+02,2.623501874819805124e+01,7.660815259303221580e+01,7.983992563019599231e+01,1.184957904591560407e+02,2.008697667561023366e+02,5.332890372743292318e+01,2.400388922442374167e+02,6.607004842902641428e+01,7.315277752999917027e+01,1.678504526803953070e+02,1.229695444007582239e+01,4.778351520698486183e+02,3.790828498813511516e+01,8.743335148398828949e+01,8.379281620957688403e+01,1.001897165641729401e+02,9.271761987896242374e+01,4.350729637221677422e+02,2.287466257176394535e+01,3.546961708208344248e+02,6.410345243457824438e+01,1.097036889333976717e+02,2.206911913941933534e+01,9.991477685539804554e+01,2.672953879376189548e+02,1.256465183383298125e+02,1.286700863154412104e+02,3.868992559760862093e+01,1.123832984727020801e+02,2.902791859303284241e+02,1.448488231722488990e+02,4.838105289869033498e+01,8.110956151749077492e+01,2.599245551698476220e+02,3.496817264423776805e+02,2.595990570231073136e+01,1.191048701918538057e+02,2.655913881373987095e+01,1.742348572862612854e-01,2.226576149262356807e+02,7.340067780736939085e+01,1.604128720118702134e+01,9.559345725242950209e+01,9.056774342496451879e+01,5.544142237862868683e+01,1.035373917086089506e+02,4.329895613801021881e+01,6.025300086785395592e+01,2.284595016709077697e+01,2.856842120639339555e+01,1.249595320080554615e+02,1.925083874948637686e+02,8.826797599683506235e+01,4.080538545877743672e+01,2.625013256397153896e+02,8.813036429920813930e+01,2.924744961641927716e+02,2.907595590014980189e+02,7.264882395039622409e+00,1.503647899903833718e+02,7.542952026371098384e+01,2.141317124219628454e+02,8.110453302098918016e+01,3.594918003425190705e+02,4.364989758180249879e+01,9.365448629403630321e+01,6.266344660239305142e+01,1.727943204736683640e+02,5.764398339028537066e+01,9.043266236544637593e+01,1.596292915678346276e+02,3.812161995116532864e+01,4.458218270506750258e+01,4.327012118339992952e+01,6.761907809089912291e+01,2.948316295882337954e+02,2.390604503610424914e+01,2.950485822097907089e+02,1.319714998017270866e-02,1.080906445512599312e+01,4.119721563597138356e+02,4.273861068255076248e+02,5.510872169576266089e+01,5.261998407298666081e+00,1.465077529357764945e+02,1.296362861742218513e+02,3.330391784343563018e+02,6.047299294428665917e+01,1.555295742513873591e+01,1.205091489291567974e+01,1.668322924812005681e+02,8.467827287166372230e+01,3.087890278673763191e+02,9.236864838592809690e+01,3.261390284264876414e+02,1.666706466731319267e+02,1.098038068953986937e+02,6.405325494016508969e+01,8.994318344175100322e+01,7.555919493347489890e+01,1.038369670441016837e+02,2.121501861575741259e+02,1.212994716627551526e+02,4.880502623874431265e+02,9.482734094415177140e+01,9.967137889788068605e+01,1.291297876032626561e+02,7.118974933913585801e+01,2.801467353581992938e+02,2.834650466462258578e+02,6.902060495897372050e+01,6.099366797847275024e+01,2.815318171272800782e+02,2.589743253691170821e+02,8.159470772280873518e+01,1.010998433090389739e+02,2.379488814995721384e+02,3.061208804275232751e+02,7.071082954169584411e+01,7.808862300241385412e+01,1.492213128764830117e+02,1.178513378414697712e+02,2.124615416185498589e+02,1.609493044515565146e+02,9.194115698365887113e+01,5.182133084713327520e+01,1.630571344240308633e+02,2.110265538164929922e+02,2.955078128064638463e+02,2.823447812360028308e+01,8.844161363204857196e+01,3.212128939022533700e+02,1.184135599278318409e+02,1.162061177259282374e+02,1.072101672046278154e+01,2.716172949386219670e+02,3.932300813974740805e+01,2.752328348209625233e+02,8.296115212024106711e+01,2.832532333614911977e+02,9.965249701627973966e-01,6.039352956890252244e+01,2.074363642327153627e+02,2.811063118996020762e+02,1.014137828181247336e+01,1.222420907633680542e+02,7.145755475986335625e+01,4.675633801905320297e+01,1.452697717951482730e+02,7.028308514145108177e+01,7.771571213195463201e+01,2.746188248162720811e+02,1.233217451460925105e+02,2.964927073503620392e+01,2.091982299632968250e+02,2.529676648690738432e+02,6.114326962226914475e+01,8.087705249358918991e+01,2.017868747420942839e+02,3.985745947701015552e+02,7.193665173917680988e+01,1.266075845047192274e+02,5.408598422964884378e+01,8.814166867625057478e+01,7.641386208693751314e+01,2.329415639286066835e+02,1.046183276409030150e+01,6.698738276427923211e+01,1.483289682636749092e+02,4.882834719238611001e+02,1.965195569777698950e+02,3.797622322350546398e+01,3.982329141988095103e+02,8.852318355200880617e+00,1.766398346294789405e+02,1.225452154513155847e+02,1.019174534068598206e+02,6.792219718334104073e+01,4.599821099941017621e+01,8.192115053888612408e+01,2.348851103659586101e+02,6.312341384007436318e+01,7.393101585046282764e+01,2.265574457478329506e+01,2.673658213881106462e+02,9.236871451459860793e+01,9.183018173799235129e+00,2.974582867575499634e+01,2.323032975058943705e+01,2.527395696343689906e+02,9.308562020384755442e+01,1.996104591542493552e+02,7.655394244273585969e+01,1.639483166493180022e+01,2.931665075620744005e+02,1.250408788275755825e+02,9.646033386227431095e+01,2.059655264890401725e+02,1.925580569367871675e+01,5.211205240234569658e+01,2.156485722765892987e+01,6.233853141199126213e+01,2.652523663415564101e+02,1.012578085354910087e+02,1.152306129571618776e+01,1.700151806947786781e+02,6.641972815046280232e+01,2.191561115989972848e+02,3.637202435333040285e+01,9.880154101666819599e+01,1.945365154960506118e+02,4.083394035986232851e+00,3.985243984565600499e+02,2.735612429860548644e+01,3.425894195055013256e+02,1.355506345611835002e+02,1.846098673164718491e+02,3.596220436643691443e+01,1.317696743279099962e+02,1.140570597181405930e+02,4.716218126569635416e+01,1.957444997946534784e+02,1.005974418203168028e+02,1.209542590743840833e+02,1.012589479935745516e+02,1.455619892930622257e+02,3.205924400505775225e+02,4.310048347814301906e+01,3.473334837046853352e+01,2.849238789167415931e+01,3.174024470528487996e+01,7.279425425169959851e+01,1.458459876059665135e+02,2.466471276873016905e+02,1.946888562834124343e+02,5.775451235857851628e+01,9.120482656385521025e+00,5.474923741955801688e+02,7.065173943467492279e+00,1.147499036335220808e+02,4.557062812066848068e+01,7.178118914480025126e+01,3.303137978044436807e+01,3.256705524400054230e+01,1.913388511596509716e+02,1.477516242004691378e+02,4.976328303556477977e+02,1.105114722594653358e+02,1.380593352174478810e+02,1.980501184703094353e+01,1.084018012022816748e+02,4.842994173582754769e+01,2.740705462764851177e+02,6.002629278657294520e+01,4.035821145995191017e+01,2.285354197259777891e+02,1.005090332343429935e+02,2.217807749304306526e+02,1.235951095716865353e+02,1.364709703400180274e+02,3.448487496188682400e+01,3.161003007286694366e+00,4.507194716420502800e+01,1.231942352938767726e+02,2.036662369141960198e+02,5.412013469055222004e+01,5.185774744114594341e+02,9.169307607301730911e+01,3.268081902625818316e+02,1.311464998756559197e+01,8.961264702718541741e+01,1.068412992993467583e+02,4.123129784878126003e+01,3.357066049613583232e+02,1.871423793502928277e+02,7.638110334524668588e+01,4.660577078933862083e+01,5.996808695454845406e+01,4.804505377681451961e+01,2.537213625034912070e+02,4.063194303516472132e+02,1.472001961571401125e+02,2.118086272347198644e+02,3.037158154807135588e+02,1.029768230377899272e+02,1.098167335403976885e+01,9.650183053932071431e+00,7.297391577690915199e+01,4.839757060305908709e+01,1.320235109164161429e+02,5.488011312147924770e+01,1.555872000290962944e+02,2.735004777901355624e+02,1.030292636999087108e+02,1.556765751112513101e+02,8.280362745513964740e+01,4.909717741096631016e+01,7.279186619543719594e+00,1.986777909952078147e+01,1.195539831169736686e+02,1.707777314743662700e+01,9.056293651102170372e+01,1.955016804174941001e+02,3.124151976522131591e+01,7.207546717535309710e+01,6.358128137570969507e+00,5.008833544656504699e+01,1.977245663462568075e+02,2.829647028593936966e+02,2.555141710933742445e+02,3.470474903244521556e+02,1.073781755705361860e+02,3.233040809230025303e+01,3.063976503785465155e+01,2.096936628289180078e+02,4.219038343675101110e-01,2.513802422690522747e+02,6.834949004161161668e+01,3.069944787341324286e+02,2.141847929873983674e+02,3.702415686200546219e+01,2.142145786600636654e+02,2.777400428073145235e+02,7.688534792285580011e+01,1.465142167727528317e+02,9.076611037292126127e+01,2.757855224931887150e+01,3.913846289043473803e+01,1.462129591965473026e+02,1.800884050953090707e+02,4.584604483242095085e+01,3.766996962360837387e+01,1.994010538264126637e+02,2.039800311515192561e+02,2.298500984326847529e+01,4.113245015574577224e+00,1.195598442159871553e+02,6.922170915749936171e+01,1.220007902986077966e+02,3.121765238570412180e+02,9.573612980026653929e+01,1.883019262568563192e+02,1.154076257416948010e+02,1.109143541752302440e+02,1.489405407668990051e+02,9.326717480558501450e+01,1.843683166854098587e+01,1.441694689547782389e+02,1.516384120745425150e+02,6.317537920821906283e+01,2.480668678865955599e+02,2.988053160373283959e+02,6.395799181887740303e+01,4.460200717021208305e+01,3.616825486932188483e+01,2.252808095851875976e+02,4.015899096358227638e+01,2.273159594053408341e+02,4.579750778964250912e+01,4.686279681323647139e+00,1.237533710329539218e+02,5.884183669479910606e+01,3.942395054366514273e+00,1.335878700911663657e+02,2.984807217637648691e+01,1.749878557505465437e+02,5.978839757413564371e+01,5.920409456416797411e+01,2.567196755630061134e+01,2.381853550329460631e+02,2.230472332338996466e+01,3.106510862931123995e+00,7.154072464524104191e+01,5.293001281015881965e+00,2.766250992976130760e+02,1.384087783941367888e+02,8.121885404974170797e+01,4.425097284422676580e+01,6.043151071556501819e+01,6.719197418932472488e+01,8.367905602943876886e+01,5.217328964440071815e+01,4.684891574840300876e+01,1.679844242466515425e+02,3.220811466324301477e+02,1.626593687314687031e+02,4.223270008519367025e+01,1.122188142051770541e+02,3.090081868937343756e+01,1.565892004847975443e+02,2.796630033268430680e+02,1.304150459390206152e+02,1.633426153780146990e+02,3.474086414430615122e+01,3.573753284442409495e+02,2.786164718116651215e+02,5.769328884302802152e+01,1.435494347055339119e+02,1.671217255955118901e+02,5.302572472640125056e+01,2.206718534300461272e+02,7.871893094896842058e+01,1.758399546505981164e+02,1.807706325232976585e+00,2.649257631456481477e+02,2.255876026580057214e+02,2.054625021350863960e+02,1.921861689600078549e+01,3.994184589241261563e+01,7.325866371541680167e+01,2.029189750443167668e+02,1.115693266393430036e+02,1.728338878166072448e+02,5.454443495606618342e+01,7.780638513444471016e+01,6.402364978103891247e+01,2.596680372038126805e+01,1.206570715978571151e+01,2.137889852766588490e+02,1.408270989081442508e+02,2.646002508865652914e+01,7.353286073480200002e+01,1.371050301460661274e+02,5.713663222651553042e+01,3.633127971943026182e+02,1.610188937895296135e+02,8.223404945489633633e+00,5.820165856040005536e+01,3.852087161357047762e+01,8.847466486208584513e+01,1.981242095730551682e+02,2.963580993336605829e+01,4.145487974992102664e+01,3.360386732183331446e+02,1.315738818664775351e+02,4.895940952093121155e+02,6.523741694563591409e+01,7.742351119485613253e+01,1.842020203969515251e+02,2.627736620771511298e+02,1.072906597454690996e+02,4.970797889948186565e+01,5.140531809473785074e+01,2.043235756372194203e+02,3.533605130902615343e+01,2.142462522036595090e+02,1.392503876358261721e+02,1.117174437486331726e+02,1.463699264474824133e+02,1.917869240737184100e+01,2.060306747241193648e+02,5.023302518528943494e+01,1.432992065654187570e+02,1.520762227410085927e+02,1.348932996414738454e+02,1.874567966404055426e+02,1.471693458542557380e+02,1.196657014154524745e+02,5.512005249478684021e+01,3.582183899213885638e+02,1.071532984706955283e+01,5.819217922980960367e+01,1.450572506661241867e+01,2.094848358627925222e+02,6.214803584742376330e+01,8.572278087133032898e+01,1.204898607500487060e+02,2.674854020344778291e+02,8.549073248746296372e+01,3.289314081195704489e+02,5.896578903337004363e+01,7.499642761229168286e+00,2.336998507718792553e+02,1.364845097932598321e+02,9.647143497887144292e+01,5.901443728748929224e-02,6.867695731628869282e+01,2.421303174506684570e+02,3.191374004072020298e+01,1.994868134674899096e+01,7.328557279243425171e+01,9.724595609458775414e+01,8.671734556465155208e+01,1.508440286791107781e+02,3.460250830974677569e+02,3.695563973728192231e+00,3.454326330639660370e+01,1.922032344219717572e+02,1.239281753463590974e+02,3.086500244504799539e+00,2.985154928064062574e+01,6.186731133394800253e+01,4.017441179523641992e+00,1.158437703944069455e+02,1.078897781844798374e+02,3.142742125979549428e+01,3.741608308118503032e+02,2.091229290380070722e+02,2.149220323245439701e+01,1.775076264336063332e+02,2.022984405721068768e+01,2.298385167771216686e+01,1.740171854938711249e+02,7.089259864127205901e+01,1.457838085199095985e+02,2.170468693880491173e+02,5.186798804015109710e+01,4.130947073463006269e+00,1.180219210439997966e+02,8.043234049208494696e+01,1.244308822549602809e+02,7.734801557361823399e+00,4.646081106236501768e+01,1.535673961152464244e+02,8.039052632625551098e+01,4.026380055709318384e+01,5.237329635612584866e+01,2.056578039479133224e+01,5.210770589578305589e+01,3.619088445625016703e+01,1.837814978009533036e+02,6.173175749334135531e+01,8.092645127336281519e+01,1.155566074392394285e+02,2.612377430582791362e+02,1.636652257835404782e+02,8.016515374000919181e+00,3.330760164617895924e+01,2.832595325594336799e+01,5.145738964860349540e+01,1.085951076434692055e+02,8.201176199591490956e+01,5.121071359501056008e+01,2.239519555025331954e+01,2.484147788380657857e+02,1.862448378444726984e+02,1.920785170620152371e+02,1.630898376445810811e+02,3.700679235763750086e+01,1.296353672844884670e+02,1.315984061254050808e+01,1.936799137648048088e+02,6.237330324983397389e+01,4.486222340445863921e+01,3.227536874117181753e+01,2.423226861096440743e+01,6.145751584553558899e+01,3.002603005870626021e+02,2.341289507031127570e+01,1.165243899208579705e+02,1.773648009432921242e+02,1.026120920121459648e+02,1.145024155442996516e+02,2.221497790613726693e+02,1.230549383507665766e+02,9.536604035605124352e+01,1.039396962951173577e+02,1.045141297078421729e+02,6.346491158446263370e+01,2.894051224226327577e+02,4.096480846585422597e+01,4.623804522092002145e+01,7.064031440432296804e+00,4.362996966227562012e+01,7.757810291859773777e+00,5.898980200028046283e+01,3.614680561120084690e+01,1.516606506094406086e+02,2.631574735722278646e+01,2.187017471311233123e+02,1.190519840069554647e+01,1.541291912416380150e+01,6.624262028897277332e+01,1.337843620579733006e+01,1.534466073176527061e+02,2.010118952032699724e+01,2.090797523129484248e-01,1.436889930894642475e+02,1.908841242197221106e+02,3.712786514422589335e+01,2.942314913180897520e+02,1.993973313650945158e+02,3.343088150655012782e+02,7.002645715613434163e+01,1.322184303147894902e+01,6.756443576529441941e+01,2.600530721865609607e+01,1.769511683822727548e+02,3.404375345413231457e+01,6.420043083684640806e+01,2.954309297869983553e+01,1.815460064126785937e+02,1.076197785609133746e+02,3.019826068048634227e+01,8.671854866657346950e-01,3.448446146215047037e+01,3.616726974728419464e+01,6.417214128232294001e+01,2.516994224243258671e+01,4.034749490944955710e+02,3.428880677873830223e+02,1.859732164911898167e+01,3.614932654750724055e+02,1.109207090649458678e+02,6.347354930712461396e+01,5.338213004037663012e+01,9.160892102611752819e+01,2.228557332450883521e+01,4.245226962320000439e+02,4.105316937498616312e+02,2.724661097111149388e+01,1.936990970903983467e+01,9.590162063801641068e+01,9.218253708920055089e+01,9.273423495662881066e+01,9.827367707213444703e+01,4.337410921566850419e+01,5.364380890859135320e+01,1.208140668729996179e+02,5.203831865112101696e+02,3.088913219717352021e+01,1.370374674272417508e+02,2.595889215140640616e+01,3.416554713734967095e+02,2.716557182496043410e+01,1.830895480919753879e+02,1.055945840288186446e+02,2.427716133520061703e+02,1.012744990807567014e+01,3.042289377328877364e+01,9.361860756513989656e+01,1.482002094349085439e+02,3.407698205647075440e+01,1.425221702611169938e+01,1.838188119062803878e+02,3.184966128844913555e+02,8.108995455183246293e+01,4.007375998408033411e+02,1.379951992517104316e+02,1.801219692249016759e+02,5.260518416891549975e+01,1.778685244645320438e+02,2.214112580407977759e+01,9.472069477070549226e+01,1.283588833902855981e+02,1.104851754829613100e+02,1.618473876789937549e+02,1.441802348751002967e+02,1.937995080587746770e+02,2.579726385488036158e+02,1.651781988410320707e+02,3.673601240874618270e+02,3.842880084188710743e+00,3.288735626500174192e+01,1.589053295063468738e+02,4.527815658030441881e+01,1.537605570137102688e+02,2.750023756038434897e+01,1.205303369906509481e+01,2.068595834553331514e+01,2.100254268642347988e+00,5.670394732946653704e+01,1.623496252449566271e+02,1.684623529792182239e+02,6.148698363687081070e+01,1.554114266092426817e+02,2.542630098752783852e+02,2.382609409953016382e+02,3.898988389959200163e+01,3.000274679533676476e+02,7.502807665758787437e+00,1.149148865707480951e+02,1.605489503564913178e+01,1.341302356468689538e+02,3.819970835935610864e+01,9.026715802635763453e+01,3.661939402280640365e+01,4.092692057228032354e+02,1.638230308183863997e+02,2.258553215699348584e+02,2.153704185182507729e+02,1.504048163647530885e+02,6.272871877785127737e+01,1.048389310859287917e+02,1.666016317359151060e+02,9.395854214378351799e+01,3.090597621827313333e+02,1.722820726999692909e+01,5.954750066669913622e+01,9.598655116566457934e+01,1.396501318842490775e+02,2.885755876624100380e-01,2.874203007337698637e+02,1.402675821916281507e+02,3.123117622015200254e+02,2.019252121715741453e+02,1.598080019686443620e+01,3.587353520345414495e+02,7.815797268717177815e+01,4.787043890771386856e+01,8.951923417535748229e+01,6.930729158853557692e+01,8.695295250636123185e+00,1.028410907372835794e+02,1.793209116939655701e+02,3.241333539439700075e+02,8.712586564217174612e+01,1.234165745573260686e+01,2.052441019889517122e+02,7.682761723527625009e+01,1.154204143264411471e+02,5.086029752731136711e+01,3.454487258395870981e+02,1.198497408138929643e+01,4.807805126255732198e+00,2.920082892506365435e-01,1.979150753702455461e+02,5.869560258459215873e+01,2.498202888508675912e+01,1.075425676727196702e+02,1.490987413236734227e+01,3.608878364938823893e+02,1.163386614450107004e+02,3.297823610952845570e+02,2.457043592899026123e+02,2.917002812743433982e+00,3.850431923870587525e+00,1.342021701327539347e+02,8.327588181564223646e+01,8.826306794568994007e+01,1.266944284769221554e+02,1.054351090860697440e+02,2.825869614968372545e+01,4.582207611370338896e+01,4.141105793474152819e+01,1.910486171839000136e+01,4.144156583273684191e+02,1.629195285677247966e+02,2.679862089298381420e+02,2.150964608434438787e+02,9.981812829589998159e+01,1.242511707030568715e+02,7.538931309035287143e+01,6.485368926502124509e+01,8.410454881744158229e+01,2.062675591758880671e+02,5.049522802390597143e+00,8.398998855267911789e-01,4.363033525132173196e+01,2.222372227465411854e+00,2.211866146226591638e+02,1.349494711624012666e+02,5.888444633984541099e+01,3.609359480008140508e+02,1.748713092852096622e+02,8.295043405760158350e+01,1.516549769936494840e+02,2.495897522674402751e+02,6.275001420087684068e+01,3.104393524884950750e+01,2.978164603658197507e+01,1.197543596154467451e+02,1.979036028838161698e+01,5.145487018736024538e+02,7.083711238257733100e+01,2.494895860882482737e+02,2.736342053939651109e+01,2.699454249159458286e+01,2.454523851758469633e+01,6.111832453666508513e+01,2.108924188521246208e+02,9.831236869405658751e+01,1.834396121488996698e+02,7.387220516989543739e+01,1.392627011177856104e+02,1.841644670672177710e+02,2.045212384926752804e+02,7.861389466699591821e+01,3.630222989664000366e+00,6.310536408911232087e+01,3.581133354544933241e+02,1.462410063659821162e+02,2.648103888669584194e+02,1.608293250250530804e+01,3.141530308820637885e+01,2.834893961762997492e+02,4.618631270732500838e+01,1.980958974531466188e+00,2.147039916765228895e+01,4.416036233539152533e+01,4.051197691653322153e+01,1.084600799479783859e+02,2.447212852128217548e+02,9.593062914796986718e+01,7.957548338528431486e+01,8.529193697152706477e+00,7.730040540940308347e+01,6.236571385936912293e+01,1.026480646145833049e+02,1.664525710385182578e+01,1.069178191464804542e+02,9.550520779733966847e+00,2.015950881599226463e+01,2.364397315353095408e+01,7.765855854565400307e+01,9.005759824754601794e+00,1.184104307510506402e+02,1.553376432273674723e+01,1.633412747631745958e+02,2.700652145966822104e+01,1.067067496348367968e+02,3.335623785058916724e+01,1.147042895736183397e+02,5.537395896364060377e+01,1.400337756889075536e+01,3.641755794051000095e+01,1.039876923225072858e+02,2.375041430555723210e+01,1.166676398951811819e+02,1.638896000005800886e+02,1.774858122108902307e+02,1.557795239150541988e+02,5.033281999115778405e+01,5.762071538028884987e+01,1.044814864279231870e+02,1.464057054049764588e+02,2.241342661912362928e+02,3.173214121037125324e+01,2.524265536735367448e+02,1.815596642643504026e+02,1.308050869361767639e+02,5.381558294610378113e+01,8.227570718204118805e+01,3.135547354863456917e+02,4.162414613633904281e+01,1.405077683187482478e+02,6.254752247064238446e+01,6.140672462433440160e+01,1.213233959986720834e+02,7.468100554540876601e+01,3.489407545262772601e+02,7.289806582047427241e+01,2.268938831205538964e+00,8.164636621760152480e+01,3.169045330609197109e+01,1.214511974101959701e+01,1.364880707017011119e+01,4.836845653413433155e+01,1.760851774424122596e+02,9.272075655471809341e+01,4.535739885611557298e+01,1.533140293647431633e+02,7.112738949319874848e+01,7.818059963278825819e+01,1.119221300063985325e+02,8.500301951867157868e+01,2.020321362811000938e+02,2.495040338786353118e+01,4.739661314168474604e+01,1.794983253580254257e+01,1.719847672119032893e+02,1.054209514967669747e+02,2.809670253317613628e+02,1.311514271235820956e+02,4.895348587540119922e+01,7.013926088115978530e+01,1.738606038710949520e+02,3.111219477133949951e+01,4.896813014481779902e+01,1.876782245021260280e+02,7.610774356951053221e+01,8.154252157299454495e+01,2.388588709573326696e+02,1.591974632737082800e+02,1.698062351653226472e+02,1.211145208133123106e+02,1.179714019469848694e+02,1.024343800849459143e+02,1.760274001926985576e+01
5.088996724775190472e+01,2.632651941382167848e+01,9.333932743251440733e-01,7.055816939488053663e+01,8.607931232450921755e+01,2.443820048838048820e+01,1.165525238598481792e+02,2.150931935250272886e+02,2.527666522274241956e+01,2.517252354848338030e+02,2.305237481678263123e+01,2.388337948442646663e+01,8.183418651308910796e+01,1.682368234559552889e+02,1.329397871047015656e+02,1.622954718833568393e+02,2.581067687065094773e+01,6.486068841508846106e+01,1.311166883244815722e+02,5.782059898195804237e+01,1.183866733598684107e+02,1.070916277310470974e+02,1.489433919197959426e+02,6.337848803613206350e-01,2.011317211690520992e+02,2.380591993560611570e+02,8.248136154520722130e+00,6.320154011661835369e+01,3.415032955689266125e-01,5.986736870774451802e+01,5.753028658724958611e+00,4.101278125607902325e+01,7.339219509065146951e+01,4.312424044056037076e+01,5.044987917041851233e+01,1.137329872018607375e+02,5.269835673222340944e+01,3.790146437663090495e+01,4.043218091965417216e+01,1.238212158114927774e+02,2.085913438392782666e+02,2.873958004815022491e+02,1.853960697778622801e+01,1.569117915777488008e+02,1.667687399076303256e+00,9.314991927375758962e+01,2.830984135610060548e+01,6.095964647124328728e+00,6.718690036840476054e+00,3.109943966621898426e+01,3.344142673628937956e+01,6.210363086009578382e+01,6.314662631994770692e+01,4.878679525886253288e+01,1.080175762002282482e+02,7.568220110737017592e+01,2.716707929981897252e+01,1.034031516001704398e+00,9.500938940168025537e-01,5.835951745300306470e+01,2.338024446222810937e+01,7.191707693950020541e+01,5.789335401813558946e+01,4.400256849280082605e+01,1.596231240231350341e+02,1.346580263727088038e+02,3.659801346678615630e+01,6.161149155235107600e+01,3.610174686094455865e+01,7.935620124472183790e+00,1.537643697811522543e+02,5.302893694197957331e+01,3.106323884112914513e+01,2.345334011559772502e+00,2.428585332839269384e+01,5.689134786044925107e+01,3.756404362538275876e+01,1.846768529479652443e+01,1.802971043032189158e+01,4.810708925870625308e+01,1.227991372189454609e+02,1.314416631804780344e+01,9.174415860436653247e+00,3.555890115244806537e+01,1.352441771769239587e+01,1.862157562986251946e+02,1.042298298185551033e+02,1.478630237798156877e+01,2.022617034827713312e+01,4.473424497250928766e+01,1.138673866849816818e+02,1.892182801364680245e+02,8.722641669104733353e+01,2.528743292146824473e+01,1.296500417703850587e+02,3.106107663232068603e+02,8.653216262274456483e+01,1.520979618144385199e+02,2.127440163267275253e+00,3.256902772334698426e+01,5.971228428557984813e+01,1.589117683269912362e+01,6.329360000867112035e+01,8.992435852643944827e+01,1.627223165253676314e+02,5.218360057688264675e+01,4.176433528767346814e+01,2.548048536091176786e+01,1.005572505564570740e+01,7.089131184206449632e+01,8.616531129833777669e+00,9.970740270785684700e+00,1.318021394526870438e+01,5.388424135104499157e+01,2.059375861042703448e+01,1.434840360148467653e+02,2.333137845816451090e+02,6.691524898280237998e+00,2.321036137858353499e+01,6.327857389798823107e+01,8.052643512170236662e-01,1.124547725600062904e+02,6.358231128823219791e+01,1.214644882673113102e+02,3.489516882204816994e+01,5.152403539319656289e+01,2.315756304364236939e+01,4.398586766959876826e+00,5.561376716298119760e+01,1.767560513050501640e+02,1.029550977680583088e+02,6.487647694093718087e+01,1.563580007217628953e+01,1.218834067698501968e+02,2.444105737755380403e+01,2.136248029701965090e-01,8.240883417760045404e+00,5.618843373445540124e+01,8.191167682796346128e+01,3.000834887922519201e+01,1.638567986698600265e+01,8.858684325854129682e+00,6.167860434684185833e+01,1.836261617395282713e+02,6.828881203167521896e+00,1.334901462722100689e+02,5.857813941428396731e+01,3.801106792527564338e+00,1.462503238393627498e+02,1.573922741970227719e+02,5.319546627990135335e+01,1.698288700975123433e+01,1.418240649345926556e+02,1.115981639183772423e+01,2.559841083906378856e+01,1.082414908972375933e+01,3.995653692269218027e+01,8.026488278191308723e+00,4.170926837451154512e+01,1.114644225804670299e+02,6.025425696696941458e+01,2.206955646345887772e+02,5.920411823097112602e+01,3.099298667805280960e+00,9.416728622632399492e+01,1.208106738458297826e+02,3.887857625315555055e+01,7.393596037708492474e+01,5.703760073867947966e+01,5.291106869394247347e+00,4.386505246957197102e+01,1.823807918049488208e+01,1.467390378868485179e+01,1.413261935219381087e+02,1.615454145080931596e+02,5.980517598054778894e+00,7.040940526261047694e+01,6.287106631320181549e+00,2.083217188253674479e+01,1.273191553531267743e+02,6.789447313625133873e+00,7.728026772054591653e+00,9.404945092347544744e+01,1.060922974923449935e+01,6.294112353468208454e+01,6.505613643775020272e+00,1.704704739740341779e+02,5.768924368806369785e+01,5.385004146606077313e+01,1.525215729590234730e+02,1.606039752618846421e+02,1.521804423451523336e+00,2.378181594086576567e+01,5.439663674470287447e+01,8.924080483830285004e+01,1.506865487467754328e+01,5.475917494560932397e+01,2.751741765515311466e-01,3.324127736362160856e+00,9.158784882635941926e+01,1.204915250985736179e+02,8.291075987011538473e+01,8.153880239907531191e+00,4.797479385227255477e+01,9.400772632411543839e+01,4.369522213759707796e+01,3.051994061933932301e+01,1.335011217625591655e+02,2.983353313443984689e+01,2.071992286705800552e+02,1.103850613270806633e+02,5.777104077367305024e+01,2.379332193551419650e+01,6.574192390949135323e+00,1.782142962929810039e+02,5.157617589125507607e+01,3.104736198026749960e+01,4.719119450409422001e+01,9.893684888950760126e+01,3.003197266370452780e+02,1.541159336999783420e+02,5.875782164013876496e+01,7.386582362505188826e+01,6.912077185725530626e+01,1.646664427134644981e+01,2.584341449224690379e+01,1.181311637092712061e+02,2.254279936583943709e+02,2.962787847595023294e+01,3.389853583903533263e+01,7.390201271449493570e-01,6.027828909858023820e+01,1.327216349730877099e+01,8.189783101502213469e+01,3.876821135039597976e+01,4.971427949545309133e+01,8.975493244622329669e+00,1.289457445660498252e+02,5.335383819322664323e+01,1.734075135905216669e+01,7.406305504980093879e+00,5.008145918847382916e+01,3.434765586328605025e+01,4.030680034340092988e+01,8.610058140660953541e+01,2.041105224021375264e+01,3.612247714252418263e+01,4.636131178017088672e+01,1.157433470047258872e+01,2.103979231139203776e+01,7.319664632235367563e+00,3.118412214072741406e+01,4.132657659477956003e+01,4.490081651882621117e+01,9.668957371424790281e+00,8.568053264551850345e-02,5.367809209599503362e+00,8.494005944158770660e+01,6.312276939805676790e+01,4.167561591075831728e+01,3.480269053127100332e+00,2.112905885481723445e+01,6.451640508226998527e+00,1.963490595248167025e+01,2.173037132481123379e+01,8.341351076942606824e+01,1.349250671451896189e+01,7.375322072009095287e+00,2.946496728601011839e+01,9.372175819711988254e+01,2.334260246179243481e+01,2.499690547935472011e+02,8.426236311671019052e+01,4.098155039249183318e+01,1.000930260897426791e+02,3.758250252338186925e+01,1.519180785694971192e+01,2.354539654827678703e+02,1.742365914498585369e+02,7.607676597540502428e+01,1.962041840326469355e+01,1.837816069658850040e+02,2.683553190190937130e+02,8.248549730918723810e+01,1.270978707421889595e+02,2.100085945995094150e+01,7.870940391275090064e+01,9.847013605229626876e+00,3.176329954042519077e+01,1.285696799067955283e+02,8.615238096507468413e+01,2.199154862919064612e+01,3.452640090361661152e+01,1.472801717440129039e+02,2.996314692567252891e+01,6.659827949060444041e+01,3.854490360849605679e+01,3.415120368878303339e+02,6.290620491913918499e+01,5.973772409242437220e+01,1.521788425962173221e+02,2.193006768716055532e+01,7.624347806279644146e+01,1.858031918472639461e+02,2.368024766444980855e+02,5.628622371213602804e+01,1.742708316675951892e+02,2.354148826885644397e+01,6.330745362486737804e+01,4.655762763376463198e+01,2.140765088220788925e+01,1.431735680373432444e+02,1.083514055934331921e+01,1.706366689532577086e+00,8.099482102057019972e+01,8.675531697599988945e+01,1.089958745579542096e+02,5.569376411512334357e+01,2.798065719514901772e+01,3.766681556092495953e+01,5.376452837206694646e+00,1.565707031955650663e+01,5.122481824570697739e+01,2.038450912973439699e+01,5.136789382079860644e+01,1.268748442944769295e+02,1.263698454506277891e+01,4.074388350626838573e+00,8.888298747478194173e+01,1.052219854152753982e+02,3.871363076914870760e+01,8.774187358241604784e+01,1.207881231752688223e+02,2.921149080300923515e+02,1.544830148764783040e+01,3.177750384432314501e+00,5.183218064149316184e+00,8.214197209345940109e+01,1.404641226923244623e+01,1.211268562418121348e+02,3.912540140132679767e+01,2.941524006673755309e+01,5.037588643398562027e+01,1.033990480854274665e+02,1.335648479650739944e+02,4.037595436360654588e+01,6.105892225529708384e+01,1.003384917078946472e+02,3.612119107096504678e+01,1.002722550161028892e+02,1.691441628215173694e+02,2.008371848716363317e+00,1.112618261748603885e+02,1.869652149374212646e+00,1.025093761219628021e+02,5.476842805790503199e+00,2.881844927615069807e+01,6.673111000921032598e+01,7.746791452581193482e+01,5.852797476848125058e+01,4.241360203388196481e+01,1.752979627697993976e+02,2.676026724328171369e+01,7.954776907830342303e+00,4.622534290553252134e+01,5.690643795604468202e+00,1.323847408610007221e+02,8.583369934969553583e+00,1.002154482986829862e+02,2.386601289488708915e+02,4.733645845206538638e+01,9.822820293757145294e+01,9.419038074891304291e+01,5.014483572400462208e+01,1.838182458209957204e+01,2.392457781163301789e+01,1.136717706874735541e+02,7.326025931643110312e+01,1.077106937641643647e+01,5.483641909584741825e+01,3.071155887907581814e+02,5.596602375865123946e+01,1.177313869887387909e+02,1.056061776366601777e+02,1.687507819708681893e+02,4.060263546851052041e+01,1.566308317491875890e+01,3.637862769152943709e+00,3.893237543836028891e+01,1.985252751604414811e+01,2.251853981434458660e+02,2.053689930528901542e+01,7.219042680792221667e+00,1.175402615437294571e+02,5.640031825665877818e+01,7.640402344188500727e+00,4.082550419338809178e+01,4.313982226821084964e+01,2.898692289374285025e+00,8.967256362769670375e+01,3.259263524467644402e+01,6.301447399378788816e+01,1.138936686217169481e+01,8.329378085366759876e+01,6.463871752474892673e+01,9.230936632023879485e-01,1.204349639654937043e+01,6.427167722747719836e+01,1.285619424186248239e+02,4.359305612815588660e+01,1.393628971572090620e+02,5.456374618767222273e+01,2.775073766904352013e+01,1.755969624720816213e+01,4.623123993705311108e+01,7.551049562168278051e+00,4.586382011540698755e+01,9.561087735530884402e+01,1.532247871534702028e+02,2.734977425609521973e+01,3.554774258762641637e+01,3.006254092692670099e+01,1.146850976357522569e+02,5.078865581480368974e+01,4.087951626994848198e+01,1.684712336924205829e+02,4.233365751258536847e+01,1.396378439640189306e+01,9.944765149510766378e+01,5.257291405717935184e+00,2.435555787205211686e+01,4.402433223982836807e+01,1.872338154454592996e+02,1.042489589286892624e+02,4.498531071351561650e+01,1.540261903648070474e+00,7.079044176583791170e+01,6.061022753792330775e+01,4.150306106809836848e+01,1.399218010640737653e+01,8.375144302850458189e+01,9.131813688192262646e+01,8.007386963873364039e+01,6.885509433386268974e+00,2.760290732565409044e+01,2.025577857968556472e+01,1.281911197501427750e+02,6.664475785706363808e+01,1.380349000971865507e+02,1.150533603335777855e+01,1.440687472997278178e+02,8.990087275273249645e+01,4.696271370076988205e+01,2.973469907593528561e+01,3.771087775690666000e+00,1.250590391331129325e+01,3.783272427282363459e+00,4.941501936865648048e+01,1.054894292320991411e+01,1.179774562146795169e+01,4.435081036157363599e+01,4.970086465645524498e+01,1.648309581332035521e+02,4.105694556522865923e+01,1.058046841224857992e+01,5.695937170493792934e+01,3.393099954110180949e+00,3.050852588376494623e+01,2.528819025484300482e+02,6.724706029746202773e+01,3.588251442042832906e+01,1.836148892925941425e+02,5.473176439514820579e+00,1.050070960872313108e+01,5.576239725729664087e+01,8.150081631951701411e+01,1.892690721748434441e+02,1.874644652784478538e+01,1.324442995195283572e+02,5.361941838182532116e+00,3.020622031545123320e+01,3.166337181791526589e+01,3.838907936092845574e+01,1.108173228733092088e+02,2.859907047023625992e+01,2.465930100781983114e+01,5.474390575448886409e+00,1.435092404100333141e+01,7.075448669231413135e+01,7.238232898739074272e+00,3.725160154554350243e+02,2.816259394331204291e+01,1.301543358939786899e+01,6.920607861709002862e+01,1.621684398304470776e+01,1.015312536448676139e+00,6.646031808998677093e+01,5.918644615652172369e+00,2.274390274323416250e+01,8.826197556235952391e+01,6.511783468701061395e+01,2.149535852959413873e+01,3.858115784350739830e+01,2.092889389568148317e+01,1.260825649543528471e+02,9.171790532041539734e+01,1.548248033266169665e-01,8.780544184990618817e+01,1.714019836904088550e+02,3.949598339134311686e+00,4.373232647130475925e+01,6.483654055093266777e+01,1.794877764627394257e+01,8.032220472217755258e+00,1.552369329426512934e+01,2.837413736384163698e+01,4.156970363092440124e+01,4.899649438884673636e+00,7.262172756397360729e+01,3.352376299336725651e+01,7.193785012686950608e+01,4.064708508072187243e+01,6.474591947043550988e+01,9.079849461824834123e+01,2.132534716702204491e+02,4.963928478256027432e+01,1.057483127788464543e+02,6.023014231842780219e+01,1.134871424527309784e+02,1.525593074435086010e+02,7.349231478073589585e+01,5.920071834429266744e+01,7.010896351585209352e-02,5.586255858396676643e+01,4.759160354183376995e+01,3.982802920644639499e+01,9.600304813741809440e+00,4.735269751379366454e+00,1.372792935460410213e+01,1.583533412262902473e+01,1.068639158240041951e+02,8.418103153564048924e+00,3.754217552416001524e+01,3.887793878868228248e+00,1.212878446546302769e+02,3.269373747497841975e+01,2.386284236251884181e+02,4.012259755392073544e+02,2.830186051411210268e+00,3.176884966921257814e+01,3.336770512150191337e+01,6.713749547192327327e+01,2.469017694980841782e+01,7.984814014497567314e+01,9.388437108244433205e+01,7.905589618587509193e+00,2.674544198346802091e+02,1.993829391227572501e+01,6.898045488955028226e+00,3.346438309801002475e+01,3.368939179243217552e+01,2.966333858742582041e+00,1.426740620838199618e+02,1.658169539832474300e+02,1.663609254967846596e+02,3.285130348191884053e+01,9.214354196089828974e+00,2.245285693214059108e+01,9.519585763017612123e+01,1.258718061181206771e+00,3.065490271937944158e+02,4.265708722904992101e+01,1.452291009014139718e+02,2.793220628393441629e+01,7.969653555451210991e+01,1.565670834549241590e+02,1.743596402829306058e-01,6.826072535533292296e+00,2.829039876014870813e+01,7.671807429162313952e-01,2.946252117719263310e+02,7.368291199900708932e+01,2.021133936841133050e+01,7.607031344302312448e+01,4.425857829318329095e+01,9.563921849578908052e+01,1.110025255173371619e+02,9.177319206409551455e+00,7.769348467386328672e+00,1.437718852166508476e+01,6.767866698610136211e+01,5.571485223437125001e+01,3.014623923759458890e+01,1.184138229263952624e+01,1.730584123663481222e+01,4.609438243672428825e+01,9.190194606283453993e+01,6.672384704201392935e+01,1.860736255605722178e+01,1.665597367166061531e+02,1.028460788781247146e+02,3.011027104342414518e+01,4.581655270229776278e+01,6.751914683403636985e+00,1.068731911320522272e+02,4.198266547421568617e+01,6.427744740611187524e+01,2.271000552521051929e+00,1.649965646611989101e+01,4.736633676396598247e+01,2.369892771062048098e+01,1.381089491363683308e+01,1.181522798960602039e+01,7.568882511916639544e+01,7.662213496439120775e+01,2.653010162372215675e+01,5.164441559121382852e+01,4.291119473672776508e+01,6.172986820247986373e+01,8.070905627740368971e+01,1.759582268234625246e+01,5.150414080441879427e+00,1.267072695793582859e+01,8.436600161042004231e+01,2.432854225057780706e+00,2.418315076445213947e+02,4.527058736689904350e+01,4.733034516378651091e+01,1.740039865117549596e+02,6.018561923154709348e+01,5.151373852952109900e+01,2.759205841694671424e+00,1.858524020546055056e+01,7.854900730746669524e+01,2.608721579597377982e+01,1.750001004194536947e+01,5.686941896528835372e+01,5.861912533158059269e+00,1.658884167921081882e+02,5.355671703833193931e+01,7.563267420391791518e+01,5.817536510856896115e+01,5.789034685386846490e+01,1.191423315582920708e+02,1.393939369072996115e+01,9.720402286821270366e+01,1.604190134211291934e+02,2.075092534309451651e+02,5.503032710508831826e+01,1.137164109051802718e+01,1.314243044159429701e+02,3.331365470818249008e+01,8.012617498918298509e+01,8.582164931193450741e+01,9.743000443575839142e+01,1.341035671486609999e+02,1.380869662852967679e+02,2.570446150944778907e+00,8.010715344832462392e+01,2.994399848375401518e+01,1.007078935460279645e+01,2.090526900036999791e+01,5.975934370972702681e+01,2.849406287110053881e+01,8.495545635138208596e+00,5.631118691159479539e+01,5.816255717817966087e+01,2.916523994166244549e+01,6.408284374074967538e+00,6.944905913717363433e+01,7.738776114966677255e+01,1.218806809285796220e+02,4.566256147458452830e+01,1.232718379176570345e+00,1.475004476605857207e+01,1.251131147403661856e+02,1.048634756857252270e+01,1.649131156014516009e+01,3.346088281390566976e+01,1.901233508973757225e+01,2.116990132106858979e+01,5.215180603499992884e+01,4.666509500516528988e+02,5.000302291805634347e+00,1.029546126055190172e+02,1.781644741512280561e+01,7.125825795884760616e+00,9.107423764800996935e+01,2.605790902976993895e+00,4.546201488051075046e+00,9.843154200325406222e+00,2.666628736153484169e+01,2.042476879174421072e+02,3.210556220731422172e+01,1.429810920131304641e+01,1.649668883743292156e+02,1.857940476591451500e+02,4.898489336596860966e+01,6.079733661271334455e+01,6.662212597742398934e+00,6.941066757295730838e+01,3.554170184799617260e+01,2.334917473112092967e+00,7.223001843179724801e+01,1.451474941051498320e+02,1.041831279349486437e+02,1.567617649804219297e+02,1.138873930706644586e+02,7.498763081448150736e+00,1.799727512284836095e+01,3.598833990834521757e+01,7.458802906262576471e+01,9.502070849689037857e+01,9.505161039462711869e+01,5.326623819514665570e+00,4.205014349481636060e+01,8.695445712611190459e+01,4.359365024550385925e+01,1.294079297425829544e+01,1.038709419674519729e+01,1.577134929301264492e+02,4.242375450169407713e+01,6.705012461567085325e+01,1.021940752706555600e+02,5.864025999770333897e+01,1.464217686014834285e+01,1.307670018624843067e+01,1.044086982097031147e+01,4.118643307356719419e+01,6.135289802910872936e+01,1.509712106572370089e+02,5.765362273231345114e+01,8.019566820130156870e+00,2.719406810901731308e+00,1.528552214232565518e+02,7.215148877733740562e+01,5.190107364489364983e+01,2.526088254545867073e+01,6.884101496033019885e+01,1.102266229651157090e+02,1.700177116383092102e+00,4.011562728026063951e+01,7.219369268001215367e+00,7.679361757046211601e+00,1.971560241719625406e+00,9.753934157734092025e+01,1.664656978173140089e+01,7.679268520461883440e+01,8.496117228816713407e+01,2.076350326396234180e+01,3.043268993421668966e+01,4.717016998350108992e+01,9.324765337276913613e+01,3.947514721185427078e+01,1.561967302174042800e+02,1.713356600220146220e+02,5.203839114440258840e+01,6.047462730847425405e+01,2.517494256759836162e+02,3.634559859430417532e+02,1.095990708044226825e+00,1.007888118391970522e+02,6.665406443247063351e+01,1.797136125101852144e+01,3.652753490764752797e+01,8.329079458076749631e+01,5.768569660581476199e+01,7.260878196053327827e+01,2.106097604439173381e+02,3.653404176926564872e+01,6.622753982577650333e+01,5.168801693814369713e+00,4.620298323389149431e+01,3.440522679330938871e+01,1.076673628553700439e+02,4.006058945372919511e-01,4.444147866599531227e+01,7.119418564717433640e+01,9.750665066581989038e+01,1.938247616628943888e+02,6.623779875648695281e+01,2.770321019917190242e+01,2.829294782077514370e+01,4.684103576657783918e+01,6.647228553176530852e+01,1.292318472247314958e+02,1.032597604731259899e+01,6.233351147309463158e+01,5.937536803367564175e+01,8.623274285091038394e+01,2.618552907437635824e+01,8.377434664959734789e+01,1.565731148706433089e+02,1.009425443058894842e+02,6.801426254002292637e+01,7.362204623427430761e+01,7.686314035527794886e+01,1.544103858157708231e+01,1.631110729562973631e+02,4.446165218157084809e+01,1.068582259529141254e+01,2.575689740160303387e+01,1.118801703968096639e+00,1.181957276970996702e+02,3.007927465807953027e+01,6.305266813824119509e+01,5.344002959160407329e+01,7.687844601917505827e+01,3.835682746634513762e+01,2.578245820493205898e+01,8.602323068186075261e+01,7.997811918214176785e+01,8.054539321064709156e+00,5.674956938559658681e+01,1.272957860611873215e+01,5.601282068918936830e+01,7.964214098079155235e+01,4.446404655238406001e+00,1.054519450893836563e+02,4.888230690212953533e+00,2.071880377050703999e+02,1.083629832824579466e+02,1.120900059114655392e+02,2.292096980290298802e+02,1.929155689888721952e+02,4.273737139491601056e+00,4.046888371119634797e+01,4.134799763274813245e+00,3.299169512057017695e+00,1.027270017833846367e+02,8.800863522179407994e+01,7.839916617333413740e+01,4.073403783119547761e+00,1.189572556479937617e+02,2.556892259533328104e+00,9.570765323487513854e+00,8.349768076129181793e+01,8.199111850425836678e+01,1.731355842305935937e+02,1.528054854174476134e+02,2.518117224135813217e+02,9.880012386525991985e+01,6.677087007794240492e+01,3.173146946975382221e+01,4.532835524350048217e+01,4.425037087448053796e+00,2.373466641048864290e+02,1.224796089899173239e+02,2.276474809777855413e+01,1.601208880303221633e+02,9.494809011401075338e+01,2.642059672479413379e+01,1.054516386262598182e+01,7.929662895263386702e+01,6.412572005898301342e+00,1.357857817752977496e+02,8.732380657590952922e+01,1.362639341253367036e+02,2.050253499656312499e+02,9.387283813725525761e+01,1.794894589885905987e+02,1.946259729966507734e+02,2.097871038452789438e+00,3.820178573292869917e+00,3.483041597476130136e+01,3.008684737428018963e+01,9.663899393605289845e+01,3.038835242437709283e+01,3.850213514833449580e+01,9.483469947017208312e+01,5.883469237143388142e+01,2.006831747263664312e+01,2.080991620628969656e+02,1.126499404213089264e+02,7.241674728905157288e+00,1.192331940714233163e+01,2.916680880658319808e+01,3.021395383585736738e+01,6.520740090845721149e+00,2.333837388512380357e+02,2.331826305827565449e+01,1.287752417481828227e+00,2.043316626118304313e+01,6.611029472576598209e+01,4.655797894920041813e+01,4.304477063336889131e+01,6.433478926085756200e+01,1.079407316839849926e+02,2.569435399841318102e+01,4.281084171509279557e+00,7.938781145874139611e+01,8.112811893986686584e+01,1.341260979240067002e+02,2.359164687154808462e+02,3.279288480411903350e+01,1.240141807972930934e+02,3.292015152837182654e+02,9.026953181840472951e+01,4.736609372914067961e+01,8.247817655005730941e+00,3.710289388729357540e+01,1.645672370988758075e+02,2.889093784599690551e+01,1.115354507877829207e+02,4.083749393151069285e+01,1.424351758851333827e+01,1.566930230903622316e+02,1.637816591404467914e+01,1.183065071537515820e+02,2.308239539066630357e+02,1.673337402557240523e+02,1.593244207019891512e+01,6.153907610695341646e+00,1.515648182119302945e+01,2.915258869136370024e+01,5.057047405597452183e+01,1.156299842660848896e+02,1.665126608221125437e+01,1.960994220066751552e+02,1.444816319933320585e+02,6.124548011968493455e+01,3.255020012865629297e+01,1.114148793793258250e+02,9.261126466729248108e+00,1.582052761498518123e+01,2.251737831654243109e+02,1.684901477183140344e+02,1.289756065327803070e+00,1.127647317096492543e+02,6.126638946540161612e+00,4.030106638137610986e+01,5.601011019061351703e+01,3.101363396478063805e+01,2.069258377589181066e+02,2.671210278124854653e+02,1.978342356413128655e+01,1.034218133269280457e+02,2.774068483675996077e+01,4.306715673530469957e+01,1.895638925000116330e+02,8.614211946379636942e+00,5.308034037463355759e+01,5.749264616805448469e+01,2.343844521787180568e+01,1.440009093753766649e+02,5.300847350912611944e+01,7.598575157378863132e+00,1.600782973624121439e+02,1.164212894330658266e+01,1.775703561734165987e+02,4.778835537746345175e+00,1.241827619276101160e+02,1.044403636489555112e+02,2.717568613702021096e+01,4.214961072805657949e+01,4.024601260905956224e+01,4.642707454278870927e+01,1.203080709774403658e+02,9.064785688732258961e+01,9.031777926514213561e+01,1.586530601052528198e+02,2.603563269369360000e+01,6.952128277104363008e+01,6.270332717435741898e+01,1.854428198049504672e+01,1.775361406328850222e+01,5.204339556093919583e+01,3.091691054368339664e+01,9.254851678840913110e+01,3.271315559464523517e+02,3.253910340067783125e+01,1.057373122163550647e+02,1.932168756983287849e+01,4.134981400813584429e+01,8.727160279387859987e+01,1.291855124063019389e+01,7.947106448621396169e+01,1.872450681277996409e+00,1.503303469055311155e+02,1.461794122380147343e+01,1.948208484251555817e+01,9.217488050046058845e+01,8.652768808608719553e+00,1.862010974397031760e+01,3.799415976425790831e+01,9.588372151597452486e+00,9.325012745439734374e+01,1.315781437390960207e+01,2.915151001297925504e+01,7.308634187580010177e+01,7.389342456435342399e+01,5.793847838109309123e+01,2.711153010300253463e+00,1.836013305619309506e+02,1.014858579965153673e+01,5.552646252282202255e+01,9.913159119929672158e+01,1.629888285597349693e+02,1.414603562471578186e+02,1.283444105212456954e+01
3.597257583040082096e+01,1.698921893837575803e-01,8.391403081972388378e-01,1.083856218888330680e+01,2.182766514138977243e+01,2.609506022676798409e+01,4.197615741723734573e+01,1.102788724942129583e+01,2.880009499358597225e+01,6.088982432957398494e+00,1.879471362865211503e+01,2.416034871874310319e+00,2.044914745624342345e+02,4.947995968966551139e+00,2.128439594949668745e+01,3.301422375884784088e+01,1.082366355831748272e+01,6.048458154093508909e+01,3.577925253848953702e+01,1.615035863232819580e+01,1.329307642000850542e+01,8.714409045039872126e+00,2.876318285379573680e+00,9.440121033288009755e+01,7.915498981946640811e+00,1.487802645635943222e+01,1.623978840611606813e+02,1.185265594575893644e+01,1.792986317493632020e+00,2.206148320229462101e+01,1.400081369177009805e+01,6.693784206863243047e-03,2.224617839246989703e+01,8.235686632303228505e-01,1.943987812308413083e+02,4.059196865821287048e+01,1.510075349975929848e+00,4.701878948451015283e+00,3.300560199512045756e+01,1.211512991477903034e+00,1.181455342627968585e+00,1.179446198623113986e+02,2.225210092281990271e+01,6.517168364641702238e-01,4.408404030943343876e+00,7.083181016726200596e+00,4.938175424588918894e+00,1.620237551577197976e+01,1.573234915965783500e+02,7.999587868709351568e+00,3.032592708501200551e-01,3.870789624213224922e+00,1.982012047801795873e+01,6.533172858605872158e+00,5.757291116655574115e+01,6.632484629712271840e+01,7.879933855845543178e+00,2.166828791747411742e+01,1.891490437008681269e+01,1.714312984558656794e+01,1.923931772233297011e+01,1.928078899390689287e+02,5.544431559736894144e+01,1.323901585689135452e+01,5.800457396416368994e+01,5.674966120405392722e+00,4.214365974411798388e-01,1.983492572667996967e+01,4.841995844066900645e+01,5.673380163724830005e+00,1.666881124346200806e+02,3.978081428194996505e+01,7.748642461626934619e+01,2.803005844288684045e+01,1.258917503755994858e+02,6.400068767264190939e+00,3.941961752619688397e+00,4.746776864837433330e+00,3.043504033239841888e+01,1.363910771014491559e+02,7.835572698114253853e+01,2.755062552935106623e+01,1.465911432995919528e+00,5.943508287168056903e+00,6.737273044191297799e+01,2.388323955280966686e+02,4.752249378619654152e+01,7.767904094121807823e+00,1.883814256811061512e+02,5.976263951382001061e+00,2.092055995408028224e+01,3.028828412719586805e+00,1.833020324367782061e+00,1.474899694954967266e+01,6.003627063053051494e+00,1.623667317756474215e+00,2.544765605560531796e+01,3.056712380547384367e+00,5.318264470237473773e+01,1.105731035238636029e+00,9.084752905244679155e+00,1.736844281273421586e+01,2.122487385879857413e+01,2.329318862976025972e+00,6.390025931368041867e+00,3.722217127507950085e+00,5.281424415697663477e+01,6.024845531516672459e+00,1.691268044077787920e+02,2.280747700317282245e+00,9.336654436524800815e-02,6.415558025717383872e-01,6.043763782973130994e+00,4.295648353926955210e+00,9.231304832867890298e+01,1.549587834137872733e+01,2.023881169382636713e+01,2.929947310616519029e+00,1.307407593597631479e+00,2.586592591710018141e+01,3.714575579376306336e-01,9.959733719566557397e+00,3.163422816649364933e+01,1.583725486085278256e+01,1.274268567477652425e+01,2.685415334875374871e+00,5.553358338100468750e+00,2.360337900395664334e+01,2.646771961715497667e+01,1.790177658571972330e+01,5.376766310330229004e+00,5.679330558834556797e+01,1.281424867515582555e+01,3.786200941553462940e+01,1.904195550573269102e+01,3.749407560312772603e+01,3.292961381187426095e+00,4.503040867130453151e+00,1.857448655460615683e+01,1.090514984995124870e+01,4.278377699547687740e+01,2.688517103110445561e+00,2.343001459441914491e+01,1.041130032437078654e+02,1.116747509355431411e+01,4.935535237289388810e+00,4.116553023741515105e+00,3.614630002832730504e+00,2.650243479795878798e+01,3.042025449469284215e+00,5.856458487341065222e+01,1.679750495881937367e+00,6.813490057782601639e+01,9.406763573460848349e+00,2.767123775926655682e+01,1.482679013244076600e+02,1.080276603283623693e+01,2.982271127581999437e+01,2.117351325137710205e+01,1.032239675523707803e+02,9.677796648314628269e-01,2.379163166171652222e+01,2.305263248719426272e+01,4.947466898686711190e+00,8.871617892540059813e+01,2.129306413937986164e+01,5.006064056796120809e+01,8.517962045998970666e+01,9.286324725832011850e+00,1.714909646053844128e+01,1.868231204857995635e+02,1.392535629455271318e+00,3.373345914206682394e-01,2.113689569300657212e+01,2.517806573674812398e+01,1.403713634969841628e+01,3.876296985761852998e+00,1.174863846966401226e+01,1.315188522383781411e+01,3.133445352565164654e+00,3.156674939119891121e+01,2.138981035348695769e+01,1.472413838870787650e+01,2.078368827455173040e+00,4.444613468631844810e+00,9.750050626808979715e+00,3.452504574283143501e+00,2.859725125493508457e+01,7.533555276107607312e+01,1.513838543407947990e+00,2.487971939954093159e+01,1.674400834347895639e+01,1.572243317902682236e+01,2.357642565520606581e+01,1.775978517797653922e+01,5.659637573798978138e+00,1.856795873674199981e+01,7.165971572359320918e-01,6.217124594959170025e+00,3.227722701025999896e+01,1.614755643922563522e+01,5.557573313817806060e+00,1.271879966519941618e+01,3.457890223396947249e+01,6.672747832958272340e+01,3.980639430075888718e+00,5.805581364179595738e+01,2.819264194944713608e+01,9.482106109549938822e+00,9.366876663257875180e+01,8.808583518964132608e+00,2.707775875906914465e+01,7.535406050314897852e-01,9.532868501769029024e+01,1.135831616337199357e+01,2.361889611015048018e+01,2.868716930817822419e+00,4.860754890808478734e+01,5.865189678334022005e+01,9.119776815205639098e-01,2.830331722137078643e+01,2.916571890100959195e+02,1.026287927492909091e+02,9.613957467371159638e+00,1.689928136986949525e+01,1.681171185538969581e+01,1.941454909820535946e+01,5.536281353172961417e+01,1.660363419593228329e+01,2.238896073000178433e+01,5.679807802898892533e+01,1.921007555764916575e+01,2.983114822709961445e+01,8.369408025525702399e+00,1.203599111944130762e+01,4.432943072116567151e+01,9.527798957605903007e-01,1.059210111469560900e+02,7.325166488126057196e+00,4.191202909677890176e+01,5.770849814198384564e+01,1.005491595093998214e+01,2.926366562023429707e-01,2.274792835569737974e+02,1.482792287268905511e+02,1.828168657942221031e+01,1.218094841324637301e+01,2.155225201926879208e+02,4.194843763759752733e+02,7.949905731374001583e+00,7.176619590139623028e+01,4.866147367229729781e+01,2.415985013826713157e+00,4.889781931402766624e+00,5.804795148533035132e+00,2.896186952669742709e+01,1.367693572481906195e+01,9.078445543044951194e+01,2.984161234456390233e+01,3.295621080339359565e+01,9.128367521440934240e+01,1.203807986814322639e+01,1.975348130550723980e+01,5.693211626549611992e+01,1.224732823616696464e+02,5.626445314734941583e+00,2.525750140784208853e+01,1.273719285682584257e+01,1.632837614441620815e+02,1.905184004926112706e+01,6.507735784062001017e+01,1.667954345013199884e+02,3.503084041421500761e+00,6.473109450418255051e+01,1.606815822177847224e+02,2.854837925156152778e+01,1.031484723978872040e+02,6.098546870566445399e+00,8.532400285306422916e+01,4.580195372166041778e+00,1.466846454469961092e-01,2.863378478237248146e+02,6.097696613979053382e+00,8.321996649932845713e+00,7.461019039172755640e+01,1.143032252967624629e+01,2.874922050483650793e+01,2.635509312684959227e+01,1.739960208524561125e+01,5.182268975690575985e+01,2.140341729341404786e+01,1.815005063904935056e+01,1.096816582408433902e+02,1.461444214246402282e+02,4.002623746427880036e+01,8.874372448873833363e+00,1.009964413463006672e+01,1.968002722576791186e+01,5.621339365571024871e+01,1.775867567062306307e+01,8.148589057522120527e+01,8.725147096587379636e+00,2.470279782622850195e+00,4.603800142653536653e+00,2.960663291271068331e+01,1.640783261837396978e+01,1.806947612619442012e+01,4.093634048115083246e+00,1.068115343851165555e+01,8.629178670277168450e+00,5.847643413665960743e+00,5.942165612606106606e+01,3.383104884608500385e+01,6.968094580402096483e+01,1.280060119019647835e-01,1.138685419997260482e+02,1.712903789159432222e+02,6.875672326703686110e+00,4.998219332783113344e+01,2.046851966256646804e+01,1.733685022591063074e+01,6.469058270464334903e+00,9.959634436844893912e+01,5.160131147335601298e+00,4.136924622923775274e+00,1.125181506048701685e+01,2.401263239823152151e+00,1.460038774587448240e-01,1.963951473486783428e+01,9.723481027408926280e+00,2.725097229595920467e+01,7.223249693835525953e+00,4.705306946650986077e+01,9.832040603186253946e+00,4.021911013949468128e+01,5.561245741460459691e+00,2.078090465375575135e+01,1.148967298866644882e+01,7.669172135017133130e+00,1.426366380537753287e+01,1.667637661379018539e+02,2.569947908908505596e+01,8.058288550683442963e+01,2.223044162332768963e+02,1.605831963039424082e+01,3.312336938128116248e+00,1.487054827654678775e+02,9.459535270058420764e+00,4.176030802171056422e+01,1.205281524248817782e+01,5.354834734592453849e+00,4.107572850866347380e+01,5.270684823124988760e+00,5.421935605492197396e+01,8.129976025486731928e+00,2.266225466405178324e+01,1.401191320563949516e-01,5.278080835426158757e+01,4.079917467855197089e+01,4.883757952930417034e-01,2.662103126638615080e+01,2.379394041925234831e+02,7.303769701816461568e-01,8.745023794100150738e+00,7.063877369804993123e+01,2.361600045979024642e+01,3.535138688466555834e+01,5.578465019561639204e-01,1.333591732911328087e+01,5.939300209312704304e+00,3.319407900076058127e+01,4.015929718110938751e+01,4.770981589948820378e+00,3.560199919897996068e+01,1.828345168699168966e+01,1.694870380064491826e+02,1.970597475767652984e+00,2.342293987940757549e-01,6.089042520487296173e+01,4.261308286370145915e+00,3.730842331801154543e+00,1.370508861134904599e+01,5.998911652577901599e+00,1.200723273871304997e+01,1.029706358506209511e+02,4.316821329623446779e+00,6.311464701841601688e+00,4.499918523457840713e+00,1.457686404862964080e+00,9.412850249704819205e+00,1.879002978737698371e+01,4.016391671142412889e+01,4.653895067978175604e+01,2.822583859053790500e-01,9.887622661955795422e+00,1.064000997289440598e+01,9.030005670929212158e+01,2.134470371858448701e+01,9.140892703884018999e+01,1.051069033080488796e-01,7.205495633199126893e+00,2.586737437408388374e+01,6.953109739229429209e+00,3.424464350371888344e+01,7.415772047275020817e+00,3.359561800493362949e+00,8.561439233517511127e+00,3.412212449593895514e+01,8.916906428567845211e+00,5.453876349369854992e+00,2.711832219225333915e+02,6.340465512070383625e+01,2.111698735872099419e+01,3.886782197991277599e+01,1.381808565301861620e+02,4.259867548102955759e+00,4.509167592020474125e+00,7.451662079022617569e+00,9.928877586988297921e+00,1.647797987311191292e+01,1.175727762779372512e+02,1.309558222469468376e+02,8.157281012268070697e+01,5.982549297308864311e+01,4.503702409508441917e+01,3.386538038124584915e+01,1.347264430812694513e+02,7.458747277826059729e+00,1.675566386368588212e+01,1.482493562298228262e+00,3.383674843131946375e+01,4.326400317648079152e+01,2.520398050725568240e+01,3.384859961225183724e+02,3.881961704710099781e+01,1.653715577661568759e+01,1.696083071958167068e+02,1.675903331784667571e+01,1.508854861777420275e+01,8.808452116230977680e+00,2.016214329052920959e+02,2.283857362888817377e+01,3.154752217221528654e-01,4.863278264274369889e+01,2.160365751147434921e+01,1.445102113965406154e+01,1.779544159893632482e+01,1.267308243295420596e+02,4.721722986925295018e+00,4.195312329379121685e+00,1.893460482657136401e+00,3.674087806400302014e+01,4.530208932351901474e+00,2.851445377339621956e+01,1.716807425498479631e+02,6.000817705093448584e-01,1.664158615295251593e+02,2.568286158461523971e+00,1.215087091145379219e+02,3.533844785497301633e+00,8.574896392367324927e-01,9.655513487207224577e-01,5.381922651643620270e+00,8.540469653763021540e+01,4.385856546919688626e+00,2.239266187236756593e+02,3.058466221412545138e+01,2.348828690455778467e+00,1.648924336119947709e+00,5.684945872393200261e+00,2.029507647326412112e+01,1.638784579489170667e+01,2.596171991746725283e+01,9.527657784331901025e-01,1.184675284734089296e+01,3.415830071355583364e+00,1.685185425684909717e+02,1.288997995530902996e+00,3.364883791238754807e+00,1.919576310698548482e+01,4.523667670940528041e+01,1.958853113663110079e+01,2.207917508817839991e+00,5.478802108725566278e+00,6.192909640276313610e+01,1.235155759279106888e+02,3.252282395061349263e+01,2.477942982820873041e+01,2.662490330103209502e+01,3.682967143369029372e+01,9.549110392455688157e+01,2.383014717366282653e+01,5.643159899096313659e+00,2.866630855440895909e-01,4.460092150970808689e+01,1.019591603974105709e+01,8.606594126248579357e+01,6.695992973664297665e+01,2.264452569469317567e+01,1.098663725876160946e+01,7.040938527361862986e-01,6.672634473334370853e+01,5.848667566447473654e+00,4.555724557939026198e+00,1.795513434312566048e+00,3.367097133433468170e-01,3.629139976557434366e+00,1.383345967418529483e+02,9.590127216921066733e+00,2.080325187807438692e+00,2.031376473081167333e+01,2.736556759136801631e+00,1.545295721555055195e+02,7.103049568585960571e+01,1.692910656667542568e+01,1.650452587001314253e+00,7.906204811737131877e+01,4.314095597873126309e+01,6.686405690428989246e+00,1.206368974406019312e+00,1.500619433857844021e+00,2.093157239582007989e+01,3.783945922913353144e+01,1.681524780195058000e+01,1.140985656552718730e+01,1.347411522953104068e+01,2.395419447646758044e+02,3.321673882171394698e+00,1.864147961911830720e+01,3.534655987444537573e+00,2.873268536339285788e+02,1.076709927282568646e+00,1.229850920068583875e+00,1.039098022522106213e+01,6.709614890425389611e+00,1.630307352210303096e+00,1.298464094295664779e+02,9.933897937299668968e+00,1.670739263378301087e-01,9.085503601509186922e+01,4.702166962730290578e+01,1.226522147025722376e+01,1.434311562905224946e+02,3.634519388073619961e+00,4.502808123595626100e+00,7.102871446515220732e+00,9.385532943275933349e+00,8.857202567606647392e+01,8.632254430693326697e+01,1.683778247344438705e+00,6.918964960338803927e+00,1.600432754919947909e-01,1.057709440612954843e+01,5.635652295772132447e+00,1.864422220799475394e+00,4.341245192756525029e+01,6.653829461963206349e+00,3.003459886783912847e+00,1.014191505291835504e+01,3.215344038981968300e+00,2.258167695517933637e+01,7.840121868568718178e+00,5.260577641419512673e+00,3.604439768502246721e+01,5.138917777724830493e+00,2.694416112555152765e+01,7.472411181626900323e+00,2.352072496567022242e+01,2.336670060780611280e+01,3.462414216311185555e+01,1.827517592006935843e+02,3.723041995172799545e+01,7.551150294350016168e+00,1.951649317893929947e+01,6.822188683548064958e+00,1.275738880715598889e+01,6.170528736255739943e+01,7.655064491207794219e+01,7.736677481746100682e+01,3.581399834679159966e+01,4.012249528304431045e+00,1.681070545402296190e+01,1.922211131568864673e+01,4.393406675414286156e+01,2.320602103905690683e+01,8.343145946992047257e+00,1.019783336326690488e+02,4.064888592165431191e+00,2.151628565277868859e+02,4.514181122145870262e+01,5.938785593154256759e+01,5.768523778925372936e-01,5.746776994851248332e+01,1.634311959252305602e-01,8.676337786906890415e+01,2.066393245350825225e+01,1.007362179688786199e+02,3.387737812952470051e+01,7.291664073046506189e+01,8.811538031632070167e-01,8.871080654662113929e+00,1.771489143727504656e+00,1.678401578370035807e+01,5.817582891990908678e+01,2.104100198146348433e+01,3.309617100049776894e+01,1.078977161636811388e+01,4.702189278151704066e+00,6.969853828503184801e+00,8.169002050459675957e+01,1.510975709257184896e+01,9.258979377415952783e+00,2.190401120167551596e+01,2.250463025228220815e+01,2.462356262186187639e+00,1.004553962117318662e+02,6.147739682821588225e+00,5.826587054104314944e+01,2.213758298663059509e+00,5.733837332379855667e+01,3.115072071897450723e+00,1.833243742898025346e+02,1.204836757551401583e+01,7.135277565136551914e+01,2.934129908946069065e+01,8.801072257045710501e+00,2.630289094810130379e+01,2.617786753491336071e+01,1.647542084143052818e+02,1.874384173632828388e+00,1.707906571470311690e+02,2.943773761133702749e+01,3.803805696000505066e+01,6.189757047868684481e+01,1.425470518199278729e+02,8.615473862726011234e+00,3.404889373946038233e+01,3.763426316046673215e+00,4.591646386250579859e+00,1.740515336040979832e+01,2.082848549742640110e+00,6.457383973702255808e+00,1.964690215039752630e+01,1.439336169944935477e+02,1.001642985812421749e+01,3.834891070252808021e+01,8.932781434306702906e+00,2.276349973343512190e-01,3.423041693253376483e+00,1.079550455457539293e+01,5.646629840862890326e+00,3.808518482831757979e+00,1.476235720621271810e+02,5.079377222777389456e+00,2.269639014923108888e+01,3.143192340378632821e+01,4.818197752518193155e+00,1.859106202225526161e+01,1.352250829262342435e+01,1.086666545239057768e+01,5.925553820749109235e+01,9.668588318270042448e-02,6.336223671805383262e+00,2.653617392406021622e+02,8.310460304435814294e+00,9.680220682647851405e+00,2.941582096026422377e+01,2.398034613362538892e+01,3.973391188351924619e+00,5.398260079493078223e+01,2.059078035407101126e+01,1.947688337210923548e-01,2.456448811234108476e+01,8.209691288662698128e+01,2.222328899118313572e+01,1.489683297900998626e+00,9.940989434201695474e+01,4.462297940585218470e+01,2.912953390239376272e+00,3.257423752033511022e+01,3.338643465762716644e+00,4.299382900640701166e+00,7.548977225102140665e+01,1.793580947241117585e+01,1.643361438478447312e+01,9.259953386134954201e+01,2.592066502702649586e+02,2.361003563421338214e+01,4.869779828988610504e+00,4.356619732869551598e+01,5.498320625234185144e+01,1.231432972237656109e+01,1.290987548716381923e+02,3.178992231607172148e+00,2.929380885877169494e+00,3.836104070079759509e+00,9.288560156974668969e-01,7.329681666195183709e+01,7.763966163296255552e+00,8.033678444755343762e+00,4.532708015577497918e+00,2.298044590150758282e+01,6.067331272531846054e+01,4.999250370617038808e-01,1.235264621746739122e+00,2.748909995270273354e-01,6.034937814367090425e+00,4.006408143682510747e+00,1.563913334929919756e+02,1.035986400284688216e+02,2.639843821969429882e+01,1.415006796924026311e+00,6.890055154061235498e+01,6.130056699483510840e+01,1.074524972393640354e+01,7.068087374579238968e+00,2.814672857171348141e+01,2.250998398264662725e+01,3.767491898815944751e+01,4.016874377359630444e+01,6.974839329069321359e+00,8.101321051066515011e+00,1.108392176080733016e+01,9.329320052532403906e+01,5.628369115870742512e+00,1.192442664307208133e+00,1.841553966850696256e+01,7.327659716017663527e+00,4.035931139068963169e+00,8.714973025315764232e-01,5.530081649963234725e+01,3.513337326467923560e+01,2.381561637820496902e+00,9.854337422142343428e+00,3.011306920312392066e+01,1.508183819313975675e+02,3.184855044470985064e+01,3.491989692245957855e+01,2.506063112444861130e+00,4.347110374570530666e+01,1.318231478668522811e+02,1.544528041024251053e+01,4.416208031259336764e+01,1.386708552761117819e+00,2.354244226386134642e+01,2.938188505451748256e+00,5.125667516978794858e+00,1.718097456814182351e+02,7.831537894555081891e+01,6.266615252117108348e+00,3.876164577963216118e+01,2.170222821771119914e+00,8.062493608093255659e+00,1.498999097989567808e+01,2.326604907501220865e+01,1.653012500068369661e+01,2.226803482975809345e+01,1.204662059658405155e+02,1.076531696739213650e+01,3.186823524559305731e+00,7.302897229898527520e+00,1.473557846721213771e+01,7.626472053707672671e+00,2.533880361844421358e+01,6.740745845059602281e+00,3.129063986983098644e+01,2.014528247239928405e+00,1.244894745632791633e+01,4.056333094965011554e+01,4.571824988340950568e+01,3.311764827105629649e+01,1.127592816881355908e+01,2.620118069955287297e+02,4.878769904277351088e+01,4.288206737142013836e+00,4.344478970747268676e+01,3.036178250491353836e+01,6.366550466170218670e+01,4.199078216063306890e+00,1.790325407793596924e+01,1.179747691907495124e+02,4.632750003645475800e+01,7.913108492199368982e+01,1.299158441965957600e+01,3.611458097337002471e+01,2.211758543564198121e+01,1.852360544984886417e+02,3.325792012122792407e+00,1.301289402993427586e+02,2.868189548531270106e+01,1.778636189852528560e+01,4.996746659779268640e+01,1.057404747971638237e+01,2.548970845825646236e+01,9.292211121729393142e+01,2.749954495946092337e+01,1.254584706760349810e+01,5.268333397882531699e+01,5.786953017759452145e+00,4.768343249043551779e+00,7.362400434620640644e-01,6.589569117240701157e-01,1.158028270134195168e+02,1.197524475306473102e+00,3.011428333360893106e+00,3.873526796409851425e+00,7.135807717082870205e+00,3.642975686218426823e+00,1.584385665252984410e+00,1.166796858201305298e+01,3.914001927605115227e+00,2.101170189110925346e+00,6.410686469483933081e+01,2.102772868159903830e+00,3.406387137075666871e+00,5.995246839847570897e+00,8.496929311924318995e+00,7.523665251762095885e+00,5.471067022302121075e+01,2.723346572311954006e+01,2.401539531153119711e+01,3.648778741849865614e+00,1.404102224665546572e+00,8.613325144721191151e+00,1.573103054338430162e+01,7.319952573405173801e+00,1.042924031731756251e+01,7.910746613586731257e+00,1.094899144688303672e+01,7.266750495550610367e+01,5.565250132296232444e+00,6.307424330301301296e+01,6.816007231783929399e+01,1.493542449033312636e+01,1.233353973420220662e+01,6.369050705915913824e+00,5.832321599277377366e+00,1.392319951244896892e+01,1.746343051727674478e+01,1.878636742395623216e+01,5.655058433163316245e+00,2.203608067886662525e+01,2.335739482329895012e+01,1.172046216418749367e+02,1.689232674341180740e+01,2.679694947043785191e+01,5.039963044801257297e+01,9.686544681580029703e+01,3.581150373710184454e+01,2.359526597013524096e+01,1.908083547011987591e+01,3.590802894838574133e+01,4.496228600457437885e+00,3.613184281567826162e+01,5.509539074269761016e+01,6.381510445255819519e+01,4.725320514225555257e+01,6.358449257961261480e+00,3.027957281719491078e+01,2.386796354268475895e+01,7.513384765826485534e+01,3.479581055693778957e+00,1.411908695264718894e+01,3.679559118339982948e+00,1.189115617251882462e+01,8.337540833783185690e+01,1.217444793809798398e+02,2.145280911829159365e+00,3.085888255020367765e+01,5.567459176666510245e+00,6.312221243926059344e+01,3.835266042270428954e+01,3.107556762927603078e+00,1.963460711665070235e+01,1.693958310232451936e+01,5.303063237631167937e+00,3.571211539268202273e+01,2.559713429455218847e+00,1.004583567205601291e+01,1.684345110141583746e+01,9.116368378553586638e+01,1.195983692863657843e+01,2.772750317142498844e+01,3.959366048521526071e+00,8.173416719114980467e+00,2.461052877191843180e+01,3.017660934048876342e+01,9.095320337744647432e+00,7.184086765870829083e+01,9.061277048677425228e+01,2.649897751100173195e+02,8.635213550962775741e+01,5.668573965816057125e+01,3.313770219577086351e+01,1.629406706519345960e+01,1.205691186191250175e+01,1.469555089592848773e+01,2.705336566711252999e+01,1.956412294111367300e+00,5.573965308333487023e+00,8.329412706156917423e+00,1.057483839638882195e+01,2.433605187414729087e+00,4.505168751520377768e+00,7.850234369763727216e+01,3.575553860664449957e+01,1.391365652530677721e+02,6.565612999207815825e+00,9.136623859104601308e+01,3.208392236887334548e+00,1.398533095665759562e+00,5.428805403819673359e+00,4.734734713028353248e+00,1.369025034158346754e+00,1.345669142736476331e+01,1.603844319657046213e+01,1.006062069097078471e+01,2.667395027687801701e+01,1.366253191762551289e+01,3.376386688866980901e+00,2.474781155132474453e+01,1.736771628222828951e+02,1.050361500370861592e+02,3.965558611450478832e+00,1.765782374636472341e+01,7.816375546285493670e+01,1.015911455716837395e+02,5.769684890086147533e+01,2.802096938079298738e+01,2.107987026220900262e+01,4.426051209381724760e+01,5.468651837147891115e+01,1.221141983944052072e+02,1.992771238594246768e+02,5.850122235747291910e+01,1.669791722342192841e+01,3.915407876507516871e+00,1.065638194644307788e+02,1.000851611537144414e+00,1.931737253937423127e+00,4.226035232321891755e+01,4.021161593487499175e+01,7.582618488611784358e+01,2.736562853160775521e-01,2.618367889652490632e+01,9.450242967438898134e+00,2.696935279927133422e+01,5.279372625529137508e+01,2.434348178867400847e+00,1.027228486616753589e+00,9.757993282498846455e+00,4.441185226040879996e+01,4.758344125077123721e+01,2.340097153985237100e+01,2.603438695281937720e-01,2.600119182772093396e+01,7.515295202500563931e+00,5.809501836949628029e+01,2.505929571454689722e+02,4.901208644821183569e+00,8.101208732139292934e+00,2.943706553377693158e+00,3.723059991993218176e+01,4.535678254957190347e+00,2.237407747867669983e+01,4.981031902580418169e+00,8.879825952684676338e+00,3.550092132945841250e+00,9.920402532278962404e-01,1.736852243716489852e+01,3.342070615471125450e+01,9.251675179745684829e+01,3.318636681592273163e+01,1.368379286927899052e+01,7.089721961504481840e+01,7.173510879945920848e+00,3.352384116189963947e+01,1.032471527170075731e+00,2.382564267551452986e+02,1.237722397950980202e+01,2.922089121694728320e+01,1.519991781382483680e+02,1.554797157624503212e+00,1.330861112184306023e+02,2.698449147178468621e+01,1.933761923453909759e+01,7.355561738323389553e-01,2.656334038082448057e+00,4.034451577664861333e+01,1.053111432414659454e+01,3.009063972204893957e+02,1.308125474486368667e+01,3.497274351859110908e+01,2.924428736760820016e+02,3.160639112413825202e+01,1.160387960911689831e+01,1.493507093734613704e+02,1.386240608284752041e+00,1.154839399230444918e+01,8.258703518762667173e+00
2.688683802500440265e+02,1.492785652409129860e+00,1.044588160540754984e+02,3.483141880626611897e+00,2.574612601758966548e+02,1.329366096971652382e+02,1.895596593671701768e+01,9.523710336401416043e+01,5.680653773269383322e+01,8.284546921878373382e+01,3.352121052576929401e+02,4.460557203768204459e+01,4.025701074924265868e+02,1.334619050298090599e+02,4.830700477021104611e+00,1.696102549295215738e+02,1.058666385743293716e+02,5.094653488732232205e+01,2.737467657109252528e+01,9.672121955271586558e+01,3.759435185397120183e+00,8.408858062478321926e+01,1.267335165308983704e+02,4.734762085061904600e+02,9.774634144872861308e-01,2.517669700150846879e+01,2.348084374220306003e+01,1.633166880426088952e+01,7.527771536889117954e+01,2.511354458667144911e+02,5.780205924508615567e+01,8.093158472800368486e+01,1.583464709659534719e+02,9.769724091341204542e+01,3.235919479313331237e+01,3.884982853273076557e+02,2.868813462484826715e+01,4.633649472555666904e+01,2.853886732698884430e+02,2.590038563235338032e+01,2.240953444773367309e+01,4.491404437124926829e+01,1.964735851870304373e+02,9.541691536799367768e+00,1.878568885979273873e+01,6.059074023905004225e+01,1.640423949821787630e+01,4.559807911178069162e+01,7.450445448929519898e+01,1.255807679458394119e+02,1.252528670871361953e+02,9.255190207630386112e+01,1.832273667617258468e+02,5.170285493200739779e+01,2.268580043327019879e+01,2.692494111556725898e+02,2.017525743471730095e+02,3.293691318070183911e+02,8.965673015419285719e+01,1.159947845078296638e+02,1.473072916638119239e+02,7.493215690808648333e+01,1.690667392741190156e+01,7.929827480290279595e+01,3.047172944605909493e+02,2.528603598503594867e+02,2.690250122225040230e-01,1.180670396753517934e+02,1.551168113975546703e+02,5.649758477358324882e+01,1.129949395914272401e+02,1.211218565799731692e+02,1.047878162072534138e+02,1.319332589695799811e+02,4.204869838394890991e+01,9.890326858685516243e+01,1.534920060745431840e+02,2.849059666575048766e+01,3.970102666014482224e+02,2.704663097427047660e+02,1.173074952287956876e+02,3.436033961851544518e+02,2.916059420668843813e+02,2.818108040647899202e+02,3.693460969224757378e+02,3.109124989482200476e+02,1.019334804283842146e+02,8.048182317794338303e+01,8.847303328592774108e+01,7.942806659078712528e+01,2.204230495684931839e+02,5.307485372580935490e+01,6.801176858484110710e+01,4.085696103284677605e+01,1.684277658538260027e+02,3.180544343828906406e+01,2.819250433072315900e+02,8.207939298104237480e+01,1.471346514053766441e+01,3.247449836809523305e+01,2.926374187802358620e+02,1.456101568977467764e+02,4.541222357980207569e+00,1.978744405710546062e+02,1.401141347114869262e+01,4.318526819548832805e+02,1.828068446725677809e+00,2.249751731946051336e+02,3.482418049009680061e+01,1.480899599233336801e+02,6.005206219803468315e+01,9.012729016433831930e+01,1.294143544539050517e+01,9.068541767472925841e+00,2.712906861067435216e+02,8.431149349166976492e+01,7.190028380530941376e+01,5.169312194401442895e+01,3.885505305913436302e+01,1.443214952926828971e+02,1.108020395870039465e+02,1.816120287980731973e+02,4.039307871971332453e+00,5.835254686107205657e+01,1.373339984091921622e+02,2.384192986331253223e+02,1.845369726713411751e+02,1.408524141453347056e+02,2.360366889817815306e+01,1.592113896258588213e+01,5.717517655718413039e+01,2.542482563458159746e+02,2.744652628727490651e+01,1.369083125073391045e+02,2.413707021940189463e+02,4.672716395754766694e+01,3.108241938721537849e+02,1.454553124980127450e+02,8.441836865958606495e+01,1.638358501124830298e+02,4.296658738934971922e+01,1.895627350461616061e+02,6.022433025263720197e+01,2.078175505002598129e+02,2.228180023611525939e+02,1.954925950890875868e+02,3.050732745669160408e+02,2.865589120985419527e+02,1.333172519175630555e+01,1.139945963378218892e+02,2.056891688311096971e+02,4.502874820258009692e+01,1.114126644803397141e+02,1.042915487507963377e+02,1.342412971067821026e+01,4.791247590246715049e+01,7.308251659149989621e+01,7.926478129995628308e+01,2.246014397877917759e+02,2.506015105664718234e+01,1.272669554023885041e+01,1.741453472358620331e+02,1.565565404893685582e+02,2.605340071689345791e+02,1.187968063298039851e+02,1.736143892244023448e+02,1.255385441202904104e+02,5.443693401090141037e+01,3.123040034321382450e+02,1.576264694528609596e+02,5.459417609312681385e+00,2.825225770886078180e+02,5.160741797055833580e+00,2.725244579336246886e+01,2.772714725019093862e+02,1.064815723760044222e+02,7.598327084610986049e+01,2.908741956866155931e+01,1.425993180024413505e+02,3.054205887742924475e+01,1.554735869360539198e+02,2.187842845870950015e+01,5.148529449796284752e+01,2.317914926207722992e+00,3.230267513944320257e+01,1.298953498696465942e+02,9.110968463763046143e-01,2.055295341618216582e+02,1.478503720119338425e+02,1.412065495065358789e+02,6.302068777588993953e+01,2.563270650718870911e+02,9.172488571037378691e+00,2.057652819717997943e+02,3.109670517938699774e+01,1.407361529391205579e+02,3.686649590583726877e+01,8.204238804752185388e+01,1.336451538844102060e+02,1.975665800353067425e+02,5.813154016331765916e+01,2.584760232186956728e+02,6.405693546035473673e+01,5.754695805732060876e+01,5.820696794362356030e+01,1.645826200571180777e+02,4.109252056576752210e+01,3.298419256032030376e+02,2.414488848958220615e+02,1.125464123243857273e+02,9.882681855772995050e+01,9.136198727222280525e+01,2.064049132469801506e+01,2.244391692930652127e+01,1.855929860326947676e+02,2.514216316157336806e+01,8.017549728153910849e+01,2.184807655403313902e+02,2.384228513021089384e+02,1.386879306632591806e+02,7.070584275562084997e+01,1.236210243616436344e+02,7.323796960723760208e+01,2.432541370524333786e+02,1.109014898785627246e+01,1.162703645577598977e+01,5.900742317616091270e+01,2.164489161741213081e+02,2.777722657348478208e+01,4.163755657400997023e+01,4.820815683097486470e+01,2.364846722320672257e+02,1.510386329235610674e+02,7.204191998536559538e+01,3.350006001654125498e+01,3.757365276361577457e+02,1.627464932500912766e+02,3.526416879543052687e+02,1.129034434238187004e+02,5.867034853122766691e+01,5.235943169075125070e+01,5.168509579143770338e+01,3.203786918012339697e+02,1.712652882342002840e+02,2.959873687795809474e+02,4.361741935129167302e+01,5.567643967898391821e+01,2.556771688231985991e+02,2.867126886297594623e+01,1.483835989505247426e+02,2.733006049227081125e+00,1.673613720879450568e+02,3.298708957948311138e+01,1.979842211632557962e+02,2.751346487193461599e+02,3.685444284934816750e+01,2.146394075348476065e+02,4.779805284107396091e+01,5.765453717544531997e+01,3.247938053703313699e+02,5.452309306139466116e+01,7.703664725889546538e+00,9.138534197693122962e+01,9.269893891541597952e+01,2.233743019061876396e+02,2.231383102984171387e+02,2.609286598293645056e+02,6.060942294442205736e+01,1.393715404084797882e+01,3.362533614432727092e+01,2.303702581822570892e+02,4.199282368475956417e+01,2.327613409143787848e+01,6.129260787588811610e+01,2.805203038257222303e+01,1.343689179270096901e+01,3.910182120189477928e+01,5.409594988769512014e+01,7.008127106272370099e+01,2.918618211942142437e+01,7.483718519876920539e+01,3.524918512523379377e+02,7.652877325808252351e+01,1.176212296114948828e+02,1.249144682686668375e+02,2.344622669588290265e+01,1.064262269615518761e+02,1.892693630551343347e+02,8.422833601665833214e+01,9.907025291002700840e+01,1.938091312908875068e+02,3.019493505774595974e+02,1.383206380585681927e+01,8.107344624050479354e+01,7.295771445847309167e+01,9.142155163935204598e+01,1.382165544965081665e+02,9.727634264901482197e+01,1.585025462612733627e+01,1.989191736501944163e+01,1.859703948871964840e+01,1.161635538964820302e+00,3.479177887833296179e+00,1.430601038525739455e+02,1.487477555931648396e+02,9.012150831591475253e+01,2.836038697414043952e+01,1.910697739256562784e+02,6.984330763111321971e+01,1.243605743927009968e+02,1.383077303609206581e+02,1.583405594788642077e+02,2.025901355429669195e+02,9.645910751913685033e+01,1.471651343244909356e+02,4.651642895560502780e+02,2.852292392760150008e+00,1.179081502645054655e+02,5.645033912705056878e+01,1.047617243660454278e+02,6.264893437802567178e+01,9.002218700114541150e+01,8.396588058647979835e+01,3.984442275654429864e+02,8.343216555712482219e+00,3.510914447707847330e+02,3.724643678067477026e+01,3.855125371232110520e+00,1.860639515231171970e+01,1.693075693509883024e+02,5.978134111367733539e+00,3.658094324590444444e+02,3.335352808111227318e+01,9.278598155545300585e+01,2.410287891748997708e+02,9.371499302025848976e+01,2.121918507842696044e+02,2.270011146284204528e+02,1.594196573036258542e+02,5.460558004417804767e+01,1.430185866455602479e+02,1.590060835896254332e+01,1.756829959737725346e+02,1.067084853296963729e+02,5.282208721743621282e+01,1.938716014506409522e+02,2.800710967402629237e+01,1.618786781830794723e+02,2.011768099594431547e+01,3.031023830041615383e+02,3.239868078629370274e+01,1.146059831140837844e+02,2.658130976414185511e+02,5.983009372970941087e+01,9.645782743094316913e+01,1.084346963529050356e+02,6.429867638091483428e+00,4.195301448463205674e+01,5.718021446472815228e+01,4.873757519434666285e+00,2.781241515147073642e+02,2.245164989538363898e+02,2.355747737129960058e+02,1.583597423010463388e+02,1.507439605875971438e+02,9.237422458488084942e+01,3.260416132068677797e+01,1.943420951261802543e+02,1.493433578942361635e+02,7.087415891423616188e+01,2.516264985301955619e+02,5.679841158031595683e+01,2.712075105418799694e+02,1.107497324558062424e+01,1.667588162642440182e+02,3.213425832115757430e+01,8.008807733578287014e+00,8.715398244847504827e+01,5.424968663024957038e+01,2.761724189825577014e+02,1.403026619574092422e+02,4.478512518043802970e+01,4.472159613468465800e+00,4.343448605819238750e+00,2.986135876003054932e+02,3.739460437401732520e+02,1.113580395493694510e+02,1.055542947280533781e+02,1.299461222679102264e+02,1.983617085642987661e+02,3.962106257507042528e+01,3.825643736307460330e+01,6.788540542361702990e+01,2.239462577913784287e+02,2.269039586559313193e+02,2.496115475757239039e+02,4.057257978279310464e+02,1.524599479566137461e+02,9.829960322227309177e+01,7.319809271491727110e+00,1.305446475570404345e+02,3.282181355903788358e+02,6.956029844214930336e+01,1.634516946552338084e+02,7.108103050972823667e+01,3.079462293025363238e+02,6.696268732646538524e+01,5.772029032094519607e+01,4.601729119762665476e+01,8.085711758660285398e+01,7.019697491125013755e+01,1.090434029777425309e+02,1.575577365302607120e+02,3.127445199615329940e+01,1.637911534396991609e-01,3.839701558902489609e+01,1.653110612251817599e+02,4.442157108064432691e+01,2.418288555059385487e+02,2.049090121846462580e+02,4.102790250263234384e+02,2.829277007049157646e+02,6.283062507202395608e+01,2.664924394773351537e+02,9.260546306894794100e+01,5.808818125500386742e+01,2.304498625073186986e+02,2.680330890111843800e+01,1.577650276846542710e+01,1.112304759620161718e+02,1.039350124091592562e+02,1.890160562576576941e+00,6.985489159439794093e+01,2.112129477255684833e+02,5.829823441056695543e+01,1.784748644142638057e+02,9.650579641670587705e+01,1.540282038314920143e+01,3.706636102336207017e+01,1.681884977947005098e+02,5.924235017413891313e+01,3.086484055312300825e+02,5.734625905215309416e+01,1.279978706590949571e+02,6.378567854168785090e+01,6.319750853609918551e+01,3.017543575297842153e+02,3.869101150599141761e+02,1.496009044491478335e+02,6.115461505299634126e+01,3.196037243930964564e+02,1.314372720436274449e+02,2.095739303320346210e+02,3.359361094546327422e+02,7.704142216775471752e+01,2.540938752775865694e+01,1.277729872686917503e+02,2.928587029402796702e+02,5.010061104496032414e+01,1.015037203720152235e+02,8.055807647309832120e+00,1.166552050692889431e+01,9.986334611480879175e+01,6.108206271882487215e+01,6.685838080404566597e+01,1.889708955471143170e+01,3.030150351631696637e+01,3.668585365888545624e+01,2.218136593887595893e+02,1.026649834598512285e+02,1.162993382807342044e+02,2.509788216310041875e+01,2.309707133030695445e+02,1.415179132742267427e+02,5.926623849747593198e+01,9.120752513372453052e+01,4.261316432428615286e+01,3.442695780497882652e+01,2.865331853277175966e+01,5.821497134836931053e+01,7.833612679650377686e+01,9.720528964723682464e+01,3.647980729263777988e+01,2.197372480099961649e+02,7.686905449919696309e+01,1.707678628367569900e+02,9.707274656317025574e+01,8.993928737684161945e+01,7.326412208136063953e+01,3.666290180324818380e+02,1.292650223336952138e+02,3.546357347661785298e+01,1.355972439673655217e+01,5.579667728259740223e+00,1.001510503075994194e+02,8.941102490943274006e+01,3.235946208129661841e+02,1.203947220304263226e+02,2.272725829364205481e+02,2.130242908801412227e+02,1.510414667915756866e+02,2.520086825297078192e+01,1.121020616691398004e+02,9.727245424714961075e+01,9.614712763216745373e+01,1.047400737324785780e+02,8.992830293310957757e+01,9.787973348441668975e+01,9.734380596694749954e+01,4.916795858107055750e+01,2.630010939545127826e+02,1.719446945761486845e+01,2.339825590822773620e+02,1.624466108302609371e+02,9.058875570568180535e+01,4.311957066582065181e+02,2.578176283592480331e+02,1.483576023089892999e+02,6.227700638791076670e+01,2.151722055758213230e+02,5.017602191432117706e+02,5.945888062968905530e+01,1.100275468375679111e+02,1.600991558751691173e+02,1.494620511750710250e+02,7.282915633955228429e+01,1.596712259945396966e+02,2.362272272504222599e+02,2.020375029539613081e+02,8.399902133207685040e+01,3.343900141884810040e+01,2.465296186086564845e+01,1.534701812726742958e+02,2.098345482099867638e+02,2.077578354163429992e+02,2.624916367680674867e+01,2.174484519520623564e+02,2.292160057486293567e+02,4.972739614829790611e+01,3.676483409238511513e+01,3.315449091101466905e+01,1.115845814406709593e+02,6.493028767706290694e+01,1.732292179642339249e+02,1.121356903016699249e+02,2.948289790380574260e+01,2.529456195772152398e+02,1.907074800996663271e+02,1.852880396942138361e+02,1.364126706297966223e+02,2.022395531429824871e+02,2.817001510397725728e+00,4.906034702848280205e+01,4.280998112560700264e+01,3.391272636025420866e+02,4.520061036905157152e+02,2.297080860537505771e+02,2.944324137036566924e+01,3.023011172335038168e+02,2.528941720880266359e+02,1.904486151477092619e+02,3.052485530275262349e+01,3.485467257479970105e+00,1.108636265295227616e+02,6.952864941120486719e+01,1.697596851048160431e+02,9.941424526192507471e+01,2.355624601090105941e+01,2.229927535544314026e+02,1.762406701997914809e+02,1.562685694821909692e+02,6.291964822547907943e+01,1.497738088331293511e+02,1.235578338471061670e+02,3.843764323971146837e+02,1.454520266760436868e+02,1.309762313009855177e+02,1.038329947333342460e+02,1.152365385888646188e+02,7.215521765998354908e+01,2.479773637470745200e+02,7.732374489712937304e+01,1.009689547384009103e+02,2.460375636295083623e+01,1.773252477053503924e+02,3.895223743168098451e+01,2.145746573680989115e+02,4.059884142939420570e+00,9.260560194225362807e+01,1.116870089451690120e+02,1.899033875213784972e+00,2.929883802397730506e+02,6.647845005397121554e+01,1.017714907230560897e+02,5.022922414699542770e+01,1.291037380938979595e+02,8.339312470095721608e+01,2.705028746902615353e+02,1.088478435677275371e+02,1.432018291774307102e+02,8.144916812979612075e+01,9.955345643265589217e+01,8.354726090973328212e+01,1.899165932524474840e+02,6.769998200949887135e+00,1.627676910152999028e+02,4.192474658082594487e+02,7.006703093844215857e+01,1.717667624377983060e+01,1.471039826214488926e+02,3.323887044083026865e+01,9.778918471072670116e+01,4.238895336319989937e+00,2.460889237111677801e+02,4.152949782528181544e+01,1.073425198960281222e+02,2.317509363088636292e+02,8.701021759328119742e+01,1.007222222807690848e+01,5.097233828334981354e+01,6.062125816500737452e-01,1.000418361986881308e+02,6.011969332023297596e+01,1.175470135254043669e+02,1.131110667815654978e+02,1.657031224156753169e+01,1.894694263919917603e+02,4.905484277945795668e+01,3.842576959627007795e+02,2.345359881977204850e+02,2.780530377559308519e+01,4.831262135645736322e+01,3.175593123451815813e+01,9.258931160656601600e-01,1.091976585518992096e+02,7.608874852831667113e+01,1.650727838995243530e+02,2.891015779327830728e+02,1.586837594077088909e+01,3.373075096723471802e+02,7.556476331811215807e+00,1.074377775762464040e+02,2.226614949123437714e-01,1.720946954733257073e+01,1.275750833489244087e+02,2.278009763701231520e+02,1.778145657988202686e+02,2.239504155992005678e+02,1.082416607563122284e+02,1.293515954163044057e+02,1.607307532474996208e+02,2.540813558620945116e+02,7.910497057495939544e+01,2.295819273644009400e+02,6.026097095421909700e+01,8.657883848369560553e+01,4.323208840954164316e+02,1.216868499567086701e+02,1.615028586368918013e+02,1.155053755090409027e+02,1.588199034572623418e+02,2.907851641328011851e+02,1.952403394727355419e+02,1.087392152827000444e+02,2.310325233105826044e+02,1.159258077769325865e+02,3.353307716984673448e+01,2.302950686282983099e+02,5.319143339714322849e+01,7.926307946645232505e+01,1.005328074133551155e+02,5.070529519014610997e+01,1.936932809588657562e+02,6.999532676547454457e+01,1.238959569438990940e+02,7.223281658317050358e+01,2.566579824584034597e+01,4.002325867290831525e+02,2.096443303649414247e+01,3.294193315012043968e+02,1.312072720927592400e+02,3.063333526313115396e+00,1.406248838531298588e+02,2.438940411379358508e+01,1.675699062819732319e+02,5.899026867548626996e+01,8.983173628964932789e+01,3.585745889462521632e+02,9.312249562121493796e+01,3.125202934370818184e+02,4.025817869786052228e+01,2.685725843572934082e+02,2.133994242880981744e+02,4.960239516103533752e+00,1.517951308346644623e+02,1.718229436013034785e+02,2.540375404408910924e+02,9.164634564981251685e+01,2.710380949302907538e+02,1.728729710571485256e+01,2.742595322133266791e+02,2.004898366674387660e+02,2.782725182137367028e+02,2.094812840771069773e+02,1.919172170601777623e+02,2.210577872519968707e+02,3.961432503408106953e+01,4.392868640924698553e+01,5.483216979788308265e+01,9.925640454550986647e+01,1.110092380467664128e+02,2.619906595784911474e+02,7.102634978319331083e+01,1.195106867059586087e+01,3.720766692962411639e+02,2.723673811463865491e+02,1.809391341648301079e+02,2.663983878896481272e+01,1.952334020675820625e+02,1.631765962535613710e+02,8.349748935217805013e+01,7.282432969166576697e+01,1.294845514184454771e+02,8.207420450440709203e+01,2.198906776207200835e+02,2.985086961045111025e+02,2.005106987855578211e+02,1.963801967882326664e+02,2.113660713313707902e+02,2.085191777591472828e+02,3.150814771990201280e+01,3.426406119232439806e+01,1.675797916650490436e+02,1.509958732241031782e+02,1.911142410393163402e+02,1.278346944009903865e+02,9.974709719400878782e+01,7.925286242216857602e+01,3.080060892833029129e+02,9.760118629443654470e+01,1.937992384576648774e+01,1.928657814423035006e+02,1.262308687950057333e+02,2.089238593455778226e+00,1.353709751850117300e+02,5.946509559646572995e+01,5.280531460079571815e+01,3.092050989259266913e+01,1.780108565218418164e+02,1.545975980483393641e+02,5.949163583879911066e+00,5.097765343735282073e+01,9.825416853672507500e+01,1.209786253702055916e+02,9.890933420510692997e+01,7.662899386563792348e+01,1.090745691662647090e+02,1.807611151912510934e+02,3.104745170594430306e+02,2.079734410073203605e+02,1.854629253317368978e+02,2.013918458367609965e+00,2.332361926128577423e+01,2.099907800275294960e+02,2.463044801402915596e+01,6.455051825997927040e+01,3.684548938970571186e+01,3.303716488218979066e+02,5.097365873463096619e+01,4.429931131336836359e+01,3.086141475634678386e+02,6.571362294555194694e+01,2.242947435700641634e+01,2.045153559940255761e+01,9.632053077979355749e+01,1.342771865292269524e+02,1.511442054799151720e+02,1.418779650163579902e+02,1.209578068921256317e+02,3.070685544452292106e+02,1.079306308957962131e+02,1.085490956559016524e+02,6.410370975585961162e+01,8.003110412168324217e+01,4.613823594467795886e+01,2.630200139433535469e+02,1.796110922131388463e+02,4.716642653042456601e+01,3.878420181886105524e+02,9.309178294330298797e+01,2.126003688717153466e+02,1.384546878355083095e+02,1.964764096566172924e+01,8.823196761778001473e+01,2.491039436878703484e+01,1.609930006129980313e+02,8.935660525875544380e+00,1.143898011846784435e+01,1.069078325320265179e+02,2.345047642989681265e+02,2.824638817599497429e+02,2.227803805249443485e+02,9.514339859322825532e+01,3.459906816140699561e+02,1.926271969126758847e+02,1.263771425089973945e+02,1.448492257780530963e+02,1.181438609215189217e+02,3.562526734461507658e+02,6.274629570084073293e+01,2.194968398930308240e+01,2.807914606299070215e+01,4.341138542898440988e+01,4.223405154555200625e+02,3.375749664861049837e+01,5.147478999416489387e+01,1.005528612136558166e+02,1.655838947728483674e+02,2.243504987169177411e+02,9.937051705127983325e+01,3.596687472171019522e+02,7.259171364191544740e+01,3.243013007247049728e+01,1.941888567563467234e+02,1.745617556780804023e+02,4.816334293784067455e+01,5.540427010438023814e+01,6.079949706359626589e+02,5.633673723257950172e+01,1.159039244577044911e+02,2.499124729141320245e+02,2.997903295940195676e+02,7.567115642407658527e+01,3.328795132381657140e+02,3.090356697316416401e+01,1.932306022949990165e+02,9.129392935169478562e+01,8.783294355949335497e+00,1.630627701229741717e+02,2.416732018094435546e+02,6.128461888738482344e+01,1.505418359197495874e+02,1.021856586976476962e+02,2.045461030880898932e+02,9.784254986572244661e+01,1.998240530889690092e+01,3.613436636510726174e+01,8.241405369843823792e+01,1.072304925408013787e+02,1.358429330698820365e+02,3.327123338252618368e+01,1.303753380364544228e+02,1.343633368984889103e+02,1.688996321063399648e+02,4.722982332518582638e+01,1.357109771386882642e+02,6.880140525232251036e+01,5.254545787131914381e+01,7.485328002575889172e+01,3.943565713182885446e+01,9.146696694924291648e+01,8.052423032660330193e+01,5.761540636942506666e+01,1.668563648938757922e+02,3.714075904889420485e+02,3.083710955782046881e+01,2.413821797004729603e+02,1.416253180571584380e+02,4.072623218863071770e+00,4.709635096172985413e+01,1.405482411706415036e+01,8.370783568655328111e+01,3.007903168692843678e+02,4.457644969586368688e+01,6.179595895086827539e+01,1.394473703931238617e+02,8.392467191401094340e+01,2.055270823638193463e+02,1.183271203352061995e+01,5.080781062018827043e+01,2.740776896289384581e+02,2.923393851609391447e+01,2.580029241222883343e+02,1.677572614645974403e+00,2.149465219391785809e+02,3.714011595171334790e+01,7.662569989192073194e+01,7.529809660664483317e+01,9.868574939851720274e+01,8.622178862144350830e+01,6.010139346539190797e+01,2.079282849681200958e+02,3.183452746260879849e+02,8.383236106606814531e+01,1.340398109881157325e+02,3.699066097357910810e+00,9.156274046714928261e+01,1.606340717416717112e+01,1.887343225419566863e+02,1.619389138328285753e+02,3.801675667364798414e+02,7.499341276598228490e+01,4.964142567210253532e+01,6.529404783583919425e+01,8.238611535663780217e+01,2.022131881779139917e+02,7.234463851372494503e+01,2.641434657324666091e+02,3.190532298140136902e+01,3.364443952945811134e+02,8.299383882151234104e+01,1.209491130179469565e+02,1.525253816364942168e+02,1.555728920522172665e+01,1.313972048683625538e+01,2.057407063070510134e+01,5.378158077373961277e+01,3.104454629345162289e+02,5.093164582354399172e+00,2.008526828624909228e+02,2.128144787149959711e+02,5.174997172153674541e+01,2.813257363375809064e+02,7.947914680426345058e+01,1.163013330851185714e+02,4.691932972674862299e+02,2.967149941812372163e+02,9.833356323928347820e+01,1.484323424524637574e+02,6.897258669896472405e+00,4.750069322737036259e+01,4.877793860899985248e+02,3.001256244186124036e+02,4.445638225449054204e+01,1.954382266031617235e+02,1.049369217610934442e+02,1.794843980632503246e+02,1.058976909397879211e+02,9.384836587935710384e+01,1.050189428232494571e+01,1.856565785098904655e+02,1.590664892157287795e+02,6.679803089323923970e+00,3.332686140580420187e+01,2.274376633339420550e+02,1.830777152619895958e+02,3.993484470912133588e+01,4.806235504990150957e+02,2.666733395073787349e+01,1.635408479269074178e+02,2.318989839605662517e+00,1.643266353125614216e+02,3.393899916968197772e+01,9.781143412933347747e+01,1.933630792193461332e+02,3.251981493250648896e+02,3.129544661742741241e+01,1.883671803555609188e+02,1.091045707244742289e+02,2.581838403325173772e+02,1.842621914200082074e+02,1.114347528886594887e+02,8.673536689748299011e+01,2.180914424672807002e+02,2.675560567167746626e+02,1.697926349475377208e+02,1.086917210605759010e+02,1.207962488757162447e+02,2.360564059939243364e+01,5.217241569214098007e+01,4.607227378905607651e+01,6.811776058614584883e+01,1.517444657578489569e+02,7.922927157541786869e+01,7.029835693647476091e+01,2.166302543930391167e+01,2.193400156679086876e+02,6.832818789969911677e+01,1.605484733620067175e+02,2.191444252978865848e+02,4.772851262552669596e+02,4.884991671771825281e+02,2.575136209591209422e+02,3.711942734682749574e+02,2.192426557327257512e+02,6.276658053851570429e+01,2.669476598530685152e+01,7.540179790119113079e+01,2.376402566161985135e+02,6.410766326041644447e+01,6.533232800360303827e+01,1.187285543174809099e+01,1.538496805743569666e+02,2.623480421747211153e+02,2.055055535416832768e+01,3.810200723789415633e+02,2.292122061694138040e+02,1.807893108349905162e+02,8.722530134864314277e+01,6.714603019249862470e+00
2.066985950981348097e+01,7.343872531986450625e+00,5.091041750005353528e+00,3.178347370123105975e+01,1.373524426655120045e+01,8.839767799760955835e-01,1.279868065078646389e+01,5.038559792086177680e+01,1.408273692261984706e+02,4.283487093596694884e+00,1.422432530454884869e+01,5.016552229799451368e+00,7.034801857008758930e-01,1.603877763914720234e+01,8.849217119996610847e+01,6.772066544821667833e+01,7.427685283741594446e+01,1.179126517618300163e+01,6.942079256104412366e+01,6.184731100539165993e+01,6.467442988618509503e+01,9.567647829015792027e+00,8.075996729136905472e+00,5.041176423334547252e+01,1.382975658462306967e+01,2.038176967817757301e+01,1.882367585893977902e+00,3.983795765487911211e+01,5.836691299828363988e+00,3.955933827807819370e+01,9.405659695416085242e+01,1.978806027076928231e+01,9.886131181259194545e-01,2.665175166457779810e+01,4.431105545242837174e+00,4.170975000992680748e+01,8.929485934515138013e+01,1.534023642624532613e+00,3.232323877087831310e+00,5.943588277740472847e+01,1.884434835700360189e+00,3.429895988817425234e+01,7.029864639766874923e+00,1.135520840442126342e+02,8.059908953923589081e+00,3.486855560528474740e+01,4.685231833334137974e+01,2.630952760759612019e+01,1.053390955392019634e+02,1.597607421258132092e+02,4.179077140576436200e+00,5.408773413916798489e+01,3.237571258607876246e+01,2.467246855013316420e-01,8.606687606689082948e-01,6.341688320479170926e+01,1.656851135074307813e+00,1.991638996381186910e+00,3.217256548343867095e+00,3.726756200921918349e+01,8.231876539456148123e+01,1.757256748320521567e+01,1.525156372389597514e+01,8.989760199422632070e+01,3.630642133878773592e+01,1.109137035179153763e+01,7.688918894967792994e+01,1.005206083985781040e+00,3.875877706868005390e+01,1.004117719340513126e+01,1.755898988687303763e+00,3.374980463346290804e+01,9.029601326217873591e+00,1.972531220957887115e+02,1.085630856472716149e-01,6.682104772968409634e+01,3.739185819439540381e+01,1.275969157566219758e+00,5.352071336681846425e+00,1.894398894712361614e-01,1.558170044307129309e+01,5.474576044156604837e+01,2.254748365343237193e+00,1.095514829736974072e+01,1.763274181882333096e+02,6.510260284544966858e+00,9.513892678646324441e+01,4.664988331348712336e+01,2.734766138423165671e+01,1.650724993327946066e+01,1.496768839425049613e+01,1.965427921293061653e+00,1.505513696027717963e+01,2.046192463812159090e+01,2.343313707538100843e+01,1.096913705151693961e+02,4.264277546256601426e+01,4.394525562236750460e+01,8.638436507298319356e+00,4.106677142831713034e+00,5.057166483006599655e+00,1.368140857503346730e+01,2.510760457043278748e+01,2.372068509194890495e+01,1.278524147681782530e+01,6.341502721670544673e+01,9.326549358748749796e+00,5.608791100270339447e-01,2.713592756443441090e+01,2.621960543091191198e+01,4.591245610642339159e+00,3.303401573027932869e+01,4.485699917204612319e+01,1.466821124535026932e+01,2.627940369027665568e+01,8.608067702149515554e+00,8.881942001379546525e+01,1.195187450981102195e+01,4.058636452136098427e+01,4.674688295992752529e+01,1.591792905212333231e+01,6.495717243719722944e+01,1.129811841843029896e+01,4.960503488143912953e+00,2.069169415465048090e+01,1.615585572405580876e+02,1.134924701797120861e+01,3.515819222220991414e+00,9.859397208565779280e+00,3.654386720970308744e+01,6.063530325493666595e+01,1.850427135754017982e+01,1.054692533692438872e+01,2.363265572897912836e+00,1.020094772238238257e+01,2.520253771642595098e+01,4.525805996475752835e+01,4.253597246295044698e+01,3.764972644242043742e+01,3.674981466033981015e+00,7.676363739985498036e+00,1.460408615838264552e+02,1.393010261742587375e+01,2.894702393934974083e+00,3.913315509719546270e+01,2.707566441079731590e+01,8.465711626491605912e+00,1.228389006201844502e+01,2.169079768545842057e+01,4.210534065155947303e+00,4.649620437445997112e+01,2.243600968598720513e+01,9.068454952880927067e+00,1.296097814353414712e+01,2.838413754437070224e+01,1.084926607378632557e+00,5.784642679127470899e+01,4.027630315903905256e+01,8.178106823497843436e+01,1.504669850482467552e+01,1.752694800934145203e+00,1.130261908635330030e+02,6.667619217595782466e+00,4.200434459627560813e+01,3.880578309712146567e-01,1.339899956789139246e+01,2.288805083537497254e+01,5.616200051197017729e+01,1.877806886401048203e+00,1.699070912997481386e+01,4.711660262196979687e+01,1.248315340151901154e+00,3.352627637240352509e+00,5.253258881557612625e+01,3.964491856260793412e+01,1.096382938099908877e+01,1.845211758124792141e+02,5.218655193438067386e+01,3.985446224095873013e+00,1.272012942849018735e+01,3.855570218886803247e+01,2.353388699510689630e+00,1.193283302554820580e+01,6.332602744780134962e+00,6.680378048893126675e+01,2.229319452378646815e+01,4.815885413074631138e+00,6.536680616177801717e+00,1.460663268684798455e+00,1.667519741066307759e+01,2.652433138716758876e+01,1.110732391361767268e+00,1.505849635413923870e+01,5.312247475996798585e+01,2.921853529917949288e+01,5.939534064105871636e+01,1.734462044008819959e+01,8.707908573195850011e+01,1.217763580947795532e+01,4.158365368950550334e+01,1.363952404421970677e+01,1.373770458775418213e+01,2.258914782016714540e+01,1.873574136585470784e-01,9.745194040519276513e+00,8.680026606637429865e+00,1.604107112988744177e+01,3.964045977273632104e+01,2.779123847205504561e+01,6.505841933869386473e+00,7.567194005093033127e+01,4.173074125866205186e+00,1.716821547735176807e+02,1.329409338289237796e+00,5.501507720621026465e+01,3.389722277198768552e+01,3.370050128752200447e+00,6.895868001226951094e+01,1.502577211718027383e+00,3.684154818890189631e+01,8.270277955663488001e+00,8.122664931857038084e+00,5.800586604891329046e+00,3.783626263234322096e+01,9.715354112865000502e+00,1.002971042429785742e+00,5.380715061975608116e+00,4.841527088969710957e-01,1.420594418796823533e+01,5.375676529577785523e+00,2.036438837896496423e+01,4.198668174874219261e+01,4.616039807982676102e+00,1.402581924904441024e+01,1.515028290404483791e+01,1.839017102764826461e+01,2.377223958487200051e+01,1.407551569565674177e+00,2.064518613294115568e+01,2.697414035952840550e+01,7.607736616556317699e+01,4.078651394677319786e+01,1.322598082918114244e+02,2.555497250888370786e+01,3.774960658440456740e+01,3.385327877825839327e+00,5.087128197660305062e+01,8.059434633790322877e+00,1.842372219134015277e-01,7.917900264020452994e+00,2.677761498708168375e+01,3.680079610301589366e+00,8.099099134115910203e+00,2.630194718294902501e+01,1.097017846378624917e+01,1.578011034691836656e+01,8.834962143022037750e+00,2.794310811100605108e+01,2.144630061317863223e+01,7.773712392140499361e+00,1.450698707612884597e+01,7.948796882243239992e+00,3.010568345041132687e+01,6.862503755020668450e+01,2.052075287767182454e-01,4.343332338710389706e+01,2.935564809403942732e+01,3.515351827868822454e+01,8.045189655449595634e+00,1.869566061723464543e+02,1.774055310879405933e+00,8.998191102413214537e+01,4.750494952386738134e+01,2.617957435072574413e+01,1.084067825040326660e+01,9.954260706308859952e+00,1.830473505780136350e+02,3.178315908833230785e-01,1.960967010172063851e+01,1.104067146228292096e+01,2.372242449320855207e-01,2.029902892956232918e+01,1.131162514910086081e+01,1.153825541497755580e+01,2.606683803182522352e-01,6.653178095219571730e+01,3.723485442194426120e+00,6.107483007230214156e+01,1.777553137694123819e+01,1.982133015546120447e+01,3.764204917589577803e+01,4.983846208007546075e+00,2.054317139893455746e+01,4.464123979736046266e+01,1.073469836982912540e+01,5.822952373858472086e+00,5.258573584202273565e+01,1.155270934932907556e+00,7.561650008989185778e+01,2.906309187421694418e+01,1.333654550052532750e+00,3.810162458387584383e+00,1.064598366572529642e+01,2.389627342512989117e+01,4.352714966975157296e+01,1.065226280438607809e+01,1.554980110823701267e+01,2.508025109333387093e+01,3.167462577951553726e+00,1.336302705332245644e+01,5.256099046611947045e+00,7.940043246367807506e-02,7.072095754351229857e+01,4.901401089294591173e+00,3.005867184935411629e+01,1.461329822344784191e+01,1.164114368327382465e+00,8.523642767647787721e+00,1.649092480924453952e+01,5.002041823625030803e-01,9.417569803794634709e+00,1.931631272642814778e+01,5.199323188095413606e+00,1.292226984791319389e+01,1.318023155207242603e+01,1.754568452716240756e+01,2.716696124696554548e+01,2.974819784894886610e+01,4.250979701157046975e+01,8.109249579621266690e+00,1.661591799694384974e+01,3.719456026657928405e+00,5.658649581190254452e+01,1.097873358674977062e+01,4.394066588012198515e+00,2.004293516388231833e+00,1.651902097793380264e+01,6.779898489097496395e+01,5.013952336979165381e+01,5.708104920491771317e+00,1.521695396944494405e+01,8.293367775377832984e+00,3.280806622638547765e+01,7.412741759350492954e-01,1.322392670340978071e+01,9.645505647785854819e+01,6.028089622383645718e+01,6.366236509275474731e+01,5.289651752394813222e+00,1.854239948626210222e+00,2.350900794573088248e+01,1.930852697207780722e+01,3.274761880901596101e+01,6.146104117283209156e+00,2.532340789015978899e+01,2.752442542580073592e+01,3.007935755262391808e+01,9.375752965903156877e+00,1.934404041309715865e+02,3.111253622446820088e+01,1.430232278658441158e+00,1.955838660366398329e+01,5.466755357178826102e+00,8.351237268553150628e+00,3.278741828154637883e+00,4.749648475963584637e+00,1.473819768912626893e+00,3.754682661361706408e+01,5.286059629859863662e+00,1.630135903306601719e+01,4.654338569465553910e+00,7.578537564670217819e+01,6.142814492178966468e+00,1.360401958841434578e+01,3.482732286288956036e+00,7.483874752011558940e+00,6.882432033375495806e+00,1.665819604765426050e+02,4.767284162399158198e+00,9.847758002015075007e+00,3.807188681548907994e+01,1.918474877302829640e+01,2.762213642162403460e+01,3.753015666784506710e+00,2.856952664119987606e+00,1.464491907459129161e+00,1.247818180569364017e+02,7.922802679204721699e+00,5.678843852392846392e-01,1.077636908689311168e+00,1.051611876208789731e+01,8.893935568421824200e+00,2.325540007053007230e+01,1.755472333106613192e+01,8.980823634475008532e+00,5.264528926711775370e+01,3.401225157584220682e+01,3.538962079212809186e+01,1.082364146697791618e+01,7.521975524812668290e+00,1.259634343372191090e+01,1.118538478879390574e+01,1.157422703769149841e+01,4.304774877825153112e+01,4.608046200292712768e+01,7.039412362707420101e+00,1.017282758425565135e+02,3.100230597968669954e+00,2.686549739551918137e+01,3.164055021976581372e+01,1.748574500687814393e+00,3.022316468533614131e+00,1.064208037810297647e+01,1.044870120995111940e+01,3.491815129133235995e+00,3.322084135821302908e+01,6.260838081989280823e+00,3.509759600586000516e+01,4.020651299902905151e+00,4.314233038892743899e+00,1.980403976775118124e+01,2.109227748861638574e+01,8.710363019979950883e-01,7.002761043546569475e+00,8.707972623494049103e-01,1.119357631911080908e+01,7.224511089903237426e+00,1.816994114372118645e+02,1.717904367650866604e+01,1.113301065785965172e+01,1.494442818955338659e+01,1.953333422399935770e+01,1.469117902868166858e+01,5.709362698312935969e+00,3.336794856329363057e+01,1.246558600929940042e+01,5.225889662464058461e+01,3.549667068331805453e+00,3.401286646485362386e+00,8.297582879212654916e-01,1.440527069551483841e+01,1.146119854880548417e+01,2.073442642919965273e+00,8.189756632612848364e+00,3.983185943548371633e+00,3.006119965370057212e+00,3.808074671802429378e+01,2.008576739787709897e+01,1.023890612241932274e+01,3.388569970832499934e+01,3.464380951682678500e+01,1.833144909111038245e+01,2.242756773292225336e+00,2.234189374531396410e+01,4.092168000763102498e+01,3.313904882091853921e+01,4.783737897687385043e+01,6.049977500862858903e+00,4.843767865393769689e+00,4.296541650164137138e+01,2.444683545024659921e+01,7.063455509623766204e+01,1.745441372886734044e+01,1.054290137476190559e+01,8.189212612806377578e+00,5.657239253339153784e+00,3.124862521872334398e+01,1.374082810046949987e+01,7.945057518073839731e+01,1.794689910054919935e+01,4.683584433031160188e+01,1.639264110797710998e+02,1.110122076251185597e+01,6.195771882987378909e+00,1.190075664058905680e+01,1.082278948909707736e+02,3.785175763570682506e+01,2.200101057700141194e+00,1.375465652048954723e+01,1.281619875100753037e+00,1.813124105957895971e+00,5.835625909929609634e+01,6.329514571303618453e+01,1.095727803107111775e+01,4.440785663780424386e+00,1.855388598314423731e+01,2.883777752843236541e+01,4.576030564080576291e+00,1.420430075735336857e+02,7.968813984549328211e+01,2.640871969505522898e+01,9.097361026524863448e+00,1.044311310931713876e+01,1.900568273946256070e+01,1.626140155962970368e+01,7.961200213676432602e-01,3.128545452244768210e+00,1.078577742265615846e+01,1.472648499760527585e+01,2.408428882890560985e+01,2.262449710605959619e-01,5.168033210917153752e+01,9.695178781202217522e+01,4.714647024061831893e+00,3.140994343443095360e+00,4.747033092595443549e+01,1.362789356398094220e+01,1.410288537362711025e+01,7.231662650413498739e+01,1.647083559511301232e+01,7.420629889039913607e+00,1.313884191629078657e+01,4.901485634342063413e+00,2.226217290164411722e+00,1.361119052277482240e+02,1.398565961355667753e+02,1.609685769678183220e+01,2.647474935137950425e+01,1.575542322804118811e+01,9.271460673151137755e+00,2.983102122360836361e+01,4.120674455978758743e+01,2.522334438174016569e+01,3.237678274537493195e+01,1.150692897203167364e+00,2.762534364721640046e+00,4.024924099379568965e+00,7.691019943688210958e+00,1.959880514485512393e+01,2.330066811794591075e+01,8.645390639778984365e+00,3.864451673135071275e+01,6.521258342241884520e+01,1.787686571419992632e+01,2.373014766906506168e+01,1.551300480715304531e+01,1.162721046301067496e+01,5.745737582117937059e+00,5.367822479048913920e+01,5.587195199436409609e+01,3.020388460895755856e+01,2.815550859618695867e+01,2.642985027997058012e+01,1.276019299820668884e+01,9.957799371185241455e+01,1.375022550746609085e+01,2.154085114241658871e+01,2.961153937975847139e+00,4.322894822922406632e+01,1.408111305964851789e+00,1.126839222982191124e+01,1.524270887302633604e+00,8.413645649779953217e+00,2.334926667571038550e+01,9.965258248055438628e+01,4.272742845973765924e+01,9.969344902208392867e+00,4.536866855856707303e+01,3.835459834916888244e+00,8.380941852064840702e+01,9.129535488023298839e+00,1.261458802679043067e+01,1.592192639886008010e+01,2.477130701648270517e+01,2.148181223303587117e+01,2.382507314112096353e+01,3.066861962007462239e+01,2.950308924279770295e+01,1.633739823299208282e+01,3.661815492619680157e+01,8.319809921868312586e+00,3.408804153201749187e+01,1.602526470960525584e+00,6.458875562026916839e+01,1.530452753158220958e+01,3.944197239485880147e+01,4.802947148704612701e+00,1.176856745386743119e+00,2.967328422562504731e+00,9.641949668532012296e+00,3.375032818949663671e+00,3.120667673818577370e+01,2.384356307471147574e+01,3.113222672535317370e-01,5.169079910720882509e+01,1.959134767801751025e+02,9.916102212658722692e+01,1.136371088398390583e+01,6.424656155174656824e+00,6.790165943913023305e+00,3.277761228478608402e+00,1.132004778303222325e+00,4.674869729951210928e+01,6.367981052881340531e+00,1.399934018211191011e+00,4.611248579312685791e+01,1.645491267032915061e+01,3.728464748279024121e+01,1.277051388794600761e+01,2.577304068389054237e+00,2.202916269945827921e+01,2.053685021730910520e+01,3.501370904483038515e+01,4.115047384219351301e+01,7.126663463718062808e+00,1.132493183246866408e+02,5.060619365506757283e+00,2.492386413987707954e+02,1.508587296735617578e+01,1.929310625109131205e+00,1.272931616081084485e+02,5.703604826998667221e+00,2.700273259348691468e+01,6.922903216306321106e+00,5.218118301817478155e+00,1.223075869975849095e+01,1.038073868928827324e+02,2.242807352694461631e+00,7.377115310626648714e+00,1.615302923552218601e+02,6.916716855487053728e+00,6.436136748066799917e+00,4.414502685353881617e+01,6.504780403420299706e+01,1.292216642688095618e+01,4.651328751176373455e-01,5.170499119358161266e+01,2.434238988287415140e+01,4.302825153622509902e+01,9.431443848738664926e+00,1.336513072735229457e+01,9.121795201349424076e+01,3.070960096129667960e+01,3.819208544138919526e-01,4.423050546844197406e+00,2.122587979393771818e+01,3.468684725626311405e+01,1.686334679958806504e+01,1.179565061401087078e+01,6.016516835143399078e+01,1.679569394170412622e+01,1.017652849036551430e+02,3.832263374830255742e+01,2.291945633333022647e-01,2.158985097067801107e+01,1.009461587490749501e+01,7.829457124620187614e+00,2.184001987797679689e+01,3.078499701044675874e+01,2.359879531633484717e+01,1.054254789559976899e+02,5.861397516563711996e+00,1.136928622081447493e+01,5.252018889265795565e+01,1.328506028254491866e+01,4.441893052127588781e+00,2.677402278878520647e+01,1.180716660812120899e+00,1.364991128199870296e+01,2.734363156817749996e+00,2.564194575955444644e-01,5.137596408748024857e+01,2.106251949821860237e+01,2.586230950793666850e+01,8.697020602133765976e+01,2.459853782058214833e+01,2.914273441544060095e+00,1.942124958009479130e+01,5.190917062391075198e+00,6.648859825996033202e+00,3.898312100160147953e+00,9.730628279742779441e+00,3.982726538612340939e+00,8.618120015922594135e+00,3.709975822482216579e+00,1.532825731637865907e+01,2.286139366947610938e+02,5.995014903177323440e+00,1.072472755141458345e+00,2.832703068929837897e+01,2.607327190411316451e+02,2.944810449205544600e+01,3.782679946799483872e+01,3.933852304885511408e+00,1.754218670839906480e+01,3.731614958159918505e+00,1.725024074494580262e+01,7.309514085332303956e+00,1.529839237504244842e+01,1.627569171729186470e+00,2.971224649570581278e+01,5.294777180648725157e+00,1.576327869384553253e+02,8.261884893254432427e+01,3.902519107735202386e+00,1.223898569151326932e+01,1.832286765419485874e+01,1.197060450767656548e+00,2.338776532935231600e+01,4.213947640934200223e+01,2.858175782519929986e-01,5.860523965591327311e+01,4.765829691015168734e+00,5.803800252030820950e+00,6.668398297549051001e+00,4.340747681892402454e+01,2.800194842788854999e+01,1.093218397381504445e+02,2.819980621308050939e+00,1.166832123810676514e+01,7.277010478349598799e+00,6.016365058663666332e+00,8.593985039749350463e+00,7.515668854084102124e-01,1.185910428837242421e+02,6.753443672079205840e+01,5.844647951973112932e+00,4.055907548554877451e+01,7.144225686405631848e+01,7.893668875572215526e+00,5.018370233379925338e+01,5.394369795532788281e+00,7.984748831427755711e+00,2.724107865603979306e+01,5.840554519426160596e+01,1.142666842445179931e+01,1.100041840601802612e+01,8.075560862097182380e+00,1.613190916879115733e+01,8.717170240411120652e-01,3.019304138592745801e+01,6.329226350598980133e+01,1.015824068077763975e+01,2.844315784458569496e+01,2.454044787202704114e+01,1.517602577941505615e+01,1.263842162636262145e+01,1.739765720497637247e+01,5.887581670809473877e+01,6.742322676736810649e+01,3.638489192191292076e+00,3.193072423318632147e+01,1.859933055347500641e+00,7.531452870896964669e+01,6.381123213785650172e+00,3.451473436049515175e+00,5.342242706539677499e+01,2.201653855291621498e-01,6.399550639186164069e+00,2.358605917634360694e+01,5.039561386187350500e+00,1.082938992288224656e+00,1.498550543950365181e+02,1.147610980416121684e+01,1.317914994096341452e+01,1.573073267640170592e+01,1.734576443001153123e+01,3.452683095342018049e+01,1.094880102137987032e+00,1.178765939612784130e+01,1.768924598161362383e+01,7.439479212060643443e-01,2.870734342781353732e+01,8.582471269143388781e+01,1.075478817141305399e+01,2.853917880196927470e+01,1.263556122945814764e+01,1.019953085005543443e+02,1.795344920513498010e+01,8.255459257562289110e+01,7.126387849822774179e+00,1.700171519815542709e+01,9.694578894686946002e-01,7.565055359123194023e+01,4.453727962858175005e+01,4.702123116704108696e+01,1.639028832607483466e+01,4.088019433906226396e+01,9.343027295559256373e+00,1.418989030068683377e+01,1.148748860000392291e+01,6.090400072074030113e+00,9.969526879236278560e+00,3.869694797616566984e+00,7.009690420652576393e+01,7.950383041319183386e-01,6.242316419652801152e+00,9.744317199085321235e+00,9.675300852166827781e+00,1.557486269808547874e+01,1.424517624038237562e+00,3.545965238766459038e+01,1.913229133736224696e+01,2.061478091196740436e+01,1.383957084504402424e+01,2.704781029917356250e+00,6.626776259890041487e+00,1.881966430060531081e+01,1.769251169274184221e+01,2.157583935093978500e+00,1.629687565875419608e+01,1.165230275378229940e+01,2.380402763591845527e+01,1.670941849895766751e+01,6.085118673269484901e+01,6.593289508129392962e-01,6.280688211134318744e-01,4.554584179155078516e+01,9.655436324643059010e+00,1.141400824292164096e+01,5.144092148424232569e+00,3.857064586249548910e+01,2.317108497269142120e+01,1.027520947302969390e+01,1.775242418273093037e+00,1.172971744752372025e+01,9.471718210914119140e+00,1.404769430082586545e+01,2.514988700936279908e+00,3.710385304055844813e+01,4.347662142690920106e+00,8.140378309691255865e+00,5.746648834569477948e+00,1.028278998533804014e+02,5.331978996095539713e+00,3.398642465108031985e+01,3.534501495707071683e+01,3.255423538419327523e-01,3.107417534047667118e+01,1.118959750244357743e+01,1.844378291211081233e+01,2.472393136786992685e+00,3.799529575823505034e+00,9.951270189858628656e-01,4.613398404470444802e+00,1.255390710966872092e+01,5.757894953566147933e+01,1.403774163631995293e+02,3.796374814396687114e+00,1.700464998721203358e+01,1.297296698477521026e+01,1.441264997284959826e+00,2.267868934136407688e+01,1.025587184452783340e+01,4.039624956089403973e+00,4.580731860402691069e+01,3.871114997475740616e+00,9.599995518867876498e-01,1.080345923495391780e+01,1.476317517400275747e+01,2.315074418080336116e+01,5.594530239959639317e+01,1.263192872434747294e+01,4.906137186292215624e+00,1.040092479024851180e+01,6.860635286767205798e+00,7.172763817154778110e+01,2.475003254043224388e+02,1.966588571572192379e+01,1.816137145905542027e+01,6.899422999169171788e+00,1.156700637606603266e+02,1.487875400946183468e+01,9.035169797797147240e+00,5.223947068120185122e+01,1.082170216359436843e+01,3.768476524437936348e+01,5.311405091087185504e+00,3.818563563820171147e+00,1.478194538348020970e+01,2.508576416496040462e+00,1.724273971021801444e+01,4.561878109748726473e+01,3.223763517594563410e+01,1.673039815385234519e+01,1.885323174883796327e+01,5.355205547300341262e-01,1.319489201410574353e+01,3.472433487718389955e+01,2.752952604100345013e+01,2.460761004456866985e+01,3.792039323309634824e+01,1.251814598677345280e+01,3.241855095667087028e+01,2.080454856326757085e+00,1.067187440738923669e+02,1.403055357868876740e+01,1.167180802071826662e+01,1.204507178973386328e-01,7.538127087737395016e+01,1.185288372454902195e+01,2.387201857869268551e+01,3.073910081353687573e+01,1.080800429895873371e+01,3.317207575208666981e+01,1.714146789271914884e+01,2.195594004019970485e-02,1.209617956247196524e+01,6.542787490241482651e+00,3.647970669472496752e+01,1.276044934273679310e+01,2.268843457133833752e+01,4.559095821166801699e+01,3.203742439713855816e+01,3.819736480034528370e+00,4.095804888540840238e+01,1.462665207922093380e+01,2.023948128611191777e+01,4.017485869147249034e+00,7.209255155809549898e+00,1.121052873382760495e+00,1.236671038942813539e+02,3.611376628380575227e+01,3.196946061292900154e+00,1.525958747790557801e+01,9.527994028493813161e+00,3.567195663423213148e+01,2.635245425936524910e+01,8.446839424281558095e+00,1.249876008649030581e+02,1.725175618729462101e+01,1.764158144822981278e+00,3.775727437554583510e+00,2.001441589267849608e+01,1.038963202534098151e+01,1.282443879762874772e+00,3.482985561467654634e+01,1.108904589242855820e+02,8.463310699061461051e+00,1.398444768501362034e+01,2.139015835700364576e+00,5.181274589362515570e+01,3.455093390187787605e+00,3.011118210459737909e+01,1.275064267179844357e+01,2.057025106972566775e+01,6.259179060708275344e+00,1.379384132219609853e+02,3.894544073076907154e+01,5.714336243342707178e+00,1.470505953999354460e+02,1.551628876069228902e+01,4.083137270763314319e+01,6.479552978699453014e+00,2.717663105617937802e+01,2.072800428375504433e-01,6.818582828407473428e+00,3.090059941608864769e+00,9.427544438943071370e+00,3.508089924370211321e+01,1.577757348539842752e+01,5.227336586160469523e+01,2.248188579150813027e+01,1.629770698082482738e+01,3.440520552066984550e+01,2.119740925594029690e+01,3.882996804392980295e+01,1.480076314742722765e+01,1.236838129196823788e+00,1.329465609755502697e+01,1.038876472292742648e+01,2.198680665820262803e+01,1.320016429498514121e+01,6.549345714770894444e-01,4.919413656049055339e-01,1.175491018157469369e+01,1.103018751015017962e+01,4.072545049564818775e+00,5.101113426169507648e+01,1.008617299761378128e+01,7.551812754886411483e+01,3.057317617396046217e+01,9.885869633397572187e+00,9.284026118309530062e+00,7.222408104860687850e+00,2.605060367214040085e+01,5.947478142218042763e+01,7.026090750507917448e+01,9.796331203787415731e+00,1.531751431083256065e+00,4.037423278323183595e+00,1.033416971148172436e+01,7.098252477424934170e+01,4.914008687246685270e+01,5.911137767816764033e+00,2.797257596232590870e+01,9.047260327081641407e+00,7.556750081401744978e+00,1.374554829069032280e+01,5.646146744063290868e+00,7.912210911432160287e+01,2.379002877542700034e+01,4.759855554360535024e+01,1.269164519222873366e+01,6.905551103824016046e+00,9.052658711665610269e+01,9.220739203631956116e+01,5.983876681908713024e+00,1.920769102398020323e+01,3.261409374871228550e+01
2.405421881205857062e+02,2.310902643676275829e+02,3.524672926323738125e+02,2.492436780801278644e+02,1.326733273062583578e+02,2.540827805961720003e+02,9.731659070085414953e+01,6.663156453751261665e+01,4.365185182720025381e+01,1.351759226924000927e+02,2.228036839185475628e+02,7.121231215149342120e+01,2.361617321938402654e+02,2.805141429945884965e+02,1.507820739528804381e+02,5.540184116979146722e+01,3.810909142273694101e+02,2.701933558328527738e+02,1.581681151649698052e+02,1.975561797409519897e+02,3.315726544660493005e+02,2.086136413588982066e+02,2.468085883890183041e+01,4.095555686338472157e+01,1.104641472531258870e+02,2.294155125501202974e+02,1.437290581995877972e+02,2.603677756633573495e+02,2.509537492773660290e+02,8.793908711161181202e+01,5.169167281606408437e+01,1.753202350382662900e+01,1.653733799966602476e+02,1.904859944002489840e+02,1.337971748269195693e+01,2.320784642560717614e+01,1.884079789450456488e+01,1.174884054673738376e+02,9.671641829814252844e+01,5.794560807857652662e+01,3.314794998471495546e+01,2.518452265612984036e+02,2.526373213688707509e+01,3.263315594491408689e+01,9.623797448365456830e+01,9.520543189020911257e+01,1.132874459762408321e+02,1.932690577328135078e+02,3.952973987775483522e+01,1.725920234510940361e+02,1.540461551317928546e+01,2.105140469030846191e+02,6.500229773465107996e+01,1.597412586174787563e+01,1.321490090334660579e+02,2.624382687552821380e+02,2.074510363601677057e+02,4.586720981104520689e+01,2.096164080338509166e+02,2.530383833749641269e+02,3.497709685495082255e+01,2.456019220339514142e+00,7.236472253386391174e+01,1.128055145187350803e+02,1.398942539998055423e+01,8.477516818387148589e+01,1.554251660785399451e+02,1.544305084309084464e+01,1.371338122284103349e+02,1.357370772693954848e+02,1.814670416615298336e+02,9.389556117126734591e+01,4.338878026646818142e+01,9.149209462427948836e+01,7.470719244590645758e+01,1.929066354329575290e+02,7.488923568425951771e+01,5.058553754144738690e+01,2.044633616216794962e+02,7.232472424134323319e+01,4.930939070975855287e+01,2.946043815888949666e+02,3.959515991644067157e+01,5.593199983696999311e+01,1.597583550682951454e+02,6.073647083555417225e+01,3.681987135450527404e+01,8.402783106073771080e+01,1.677087485187189486e+02,1.158282105884494513e+02,7.709934027138159252e+01,7.330606291207591774e+00,1.821218469229885102e+02,1.687814672181747255e+02,1.574192581623668374e+01,1.759092156116562933e+02,3.067610632663335579e+01,9.529131392026462422e+00,3.196284537642757684e+01,2.032228842497180494e+02,1.849343959593244691e+01,3.747527007337723859e+01,1.190386996239054298e+02,2.378420714132044793e+02,9.326858227648466482e+01,1.041104928327485482e+02,1.317257893046496235e+02,3.615659395856344815e+01,4.471547335161091752e+01,8.229422199371812496e+01,1.030352824389344875e+02,1.792695224000594862e+02,1.899157741207862955e+02,8.626702069899954495e+01,4.922207759685770867e+01,1.400475117578959043e+02,7.291864884974961569e+01,1.282535823860087305e+02,1.987459720339773241e+02,1.032229451615522606e+02,2.101611726758491443e+02,9.315151141480343711e+01,1.475282508919676445e+02,3.714061657342394085e+01,1.423853442063354464e+02,2.166252810911153048e+01,6.548241955893914223e+01,1.874912590091119569e+02,5.991853871401629839e+00,3.150278941793137619e+02,4.829874625237477659e+01,3.309623703413539619e+00,6.669101338761043962e+01,4.920427757960276693e+01,5.590924703286007258e+01,6.372812273984437326e+01,1.263209773972582468e+02,2.940075223463495604e+02,3.511280968693305908e+02,6.435470352480790268e+01,3.709015296121885399e+02,3.305766806362504084e+00,7.096337964871972304e+01,6.140735723612428387e+01,2.067001194847061996e+01,6.044070703216852536e+01,1.685422443395773939e+01,7.136197314948126369e+00,1.789058865362303763e+01,2.074127274464064214e+02,3.155397557324711784e+02,5.519784410265178298e-01,1.246410056933254964e+02,2.246600735372578299e+02,5.071865774400982474e+01,1.339542478167504953e+02,8.184302706749748779e+01,1.413581392754926185e+02,1.453591888517413793e+02,1.756870204996528457e+02,1.882835248946818467e+02,3.175845123120996618e+02,6.045317974780826376e+01,1.136921231043616842e+02,6.406770523211457657e+01,1.195250680036677160e+01,4.249755865713090230e+01,5.270170385272336055e+00,9.568242349669783664e+01,5.830999658951234466e+01,5.566001553552496262e+01,5.497565257520832915e+01,5.715988972003736457e+00,1.016176426811340576e+02,5.146874148367456314e+01,7.399744958638193282e+01,1.726967738396737957e+02,1.914292606702165642e+02,7.644563024270938456e+01,9.073074321604087800e+01,1.327947785622782533e+02,6.098581988799226394e+01,6.247049007802178977e+00,4.066105657958643604e+01,8.182253070669740680e+01,4.747333767457581288e+00,1.260248129234469019e+02,3.654922403061370062e+01,1.931896974016703723e+02,3.627373413889185940e+02,1.467585399843423772e+02,1.630326986797930999e+02,2.392117057718681394e+02,2.378716496513202472e+01,4.593074169410416374e+01,8.522189823916164642e+01,5.923412244262991777e+01,1.466155262340660386e+02,2.887892476526304009e+01,6.387641301279535888e+00,2.344264529822679606e+02,1.016250166292009993e+01,1.054956471322819880e+02,2.280876662729713473e+02,4.864685469653338146e+01,5.245709032839496899e+01,6.434870001454399357e+01,1.846527842485213284e+02,2.210790060710963019e+02,6.961045416634982530e+01,1.407370256940346742e+01,1.157789816155134730e+02,1.817704581573059102e+02,4.484746397456826799e+02,1.668358406946652224e+02,1.951928283073290231e+02,9.601708049870448747e+01,1.257041322112640245e+02,1.707906410830437665e+02,1.034518855867479026e+01,1.308922512847594248e+02,4.249491512640389601e+01,1.654101662996227731e+02,5.922633531802890161e+01,4.854767283453043092e+01,1.550574777639911872e+01,6.546333413091517173e+01,1.978827409108902202e+00,2.749556795681530161e+02,7.179357284477161727e+01,2.843258849329363613e+01,9.666518298102003826e+01,6.064724061357117790e+01,1.821944235705336723e+01,2.158692719713417674e+01,5.530758031729100743e+00,3.578163889043302248e+01,1.626445611711958179e+02,3.048941907441157539e+01,1.252465250043790945e+02,5.403045409308998615e+01,1.130406364973700839e+00,2.123269543868923677e+02,1.104737087240476399e+02,4.000650687003520147e+02,3.989910541173068026e+01,3.807895306779202542e+02,2.245059366877044127e+01,3.032712350822784586e+01,6.029214800460849233e+00,1.483381871385618638e+02,9.746232600824058068e+01,1.292661550766885341e+02,5.926596093001058563e+01,6.358897301886932496e+01,5.314790478882997604e+01,1.141713938454675770e+02,2.235137637945058771e+02,1.312974800105291990e+02,1.938661901896645645e+01,5.275658048333875882e+01,1.864820114754451481e+02,2.072322751601498396e+02,1.702334942843177998e+02,5.294760342801402508e+00,8.111283764015604447e+01,3.952019471284904384e+00,5.206343249121118788e+01,1.726035366316089537e+01,2.396648348779024573e+01,2.796574397338351048e+01,1.130756072610134453e+02,1.288408106320958098e+02,1.174364047148566357e+02,2.895590633662090454e+02,5.687661320131071108e+01,9.056043896249347824e+01,9.906508046891946861e+00,4.224718862888330051e+01,1.851028792771665792e+02,2.219732331124936024e+02,1.402924258079541460e+02,9.126316275506746933e+01,2.212567985327130415e+01,4.485288031206894033e+01,1.379889722999742503e+02,8.559623023396511599e+01,3.095812409210892611e+02,1.382362722318549402e+02,1.136215811081244738e+02,4.537285254572831406e+01,3.205719928197560762e+02,1.714712164760808477e+01,2.789258086113107424e+02,2.245542604163109601e+01,2.684527819798659607e+02,2.420507021070977487e+02,1.182459818671064653e+02,1.558851198721714866e+02,1.944516200618062669e+02,7.417400605611676667e+01,2.854661820683429552e-01,7.191130995741785625e+01,8.478620286278201945e+01,7.811146458437752926e+01,9.005038586874020723e+01,2.647766282939983729e+00,1.477344441563002420e+01,3.997633407043625198e+01,9.861959305832654366e+01,2.821217809955683151e+02,1.377956644805460655e+02,1.542802824659643761e+02,1.039397720818288029e+01,1.159539555265213693e+02,1.130253226410955705e+02,6.098485364068451275e+01,1.598104874607673480e+02,2.647891353246481003e+02,3.592673989866064677e+00,7.368633849657426538e+01,1.090071619090017663e+01,2.344076097942764747e+01,9.231102469588391557e+01,2.189765103439007135e+02,1.354058952587641045e+02,1.198176905785645374e+02,4.985718846961349726e+01,3.719155860156850224e+01,9.721239977424535539e+01,1.656610672394078776e+01,9.188949757868299173e+01,2.035595562176507656e+02,1.977553463059356602e+02,5.759706146830076534e+01,5.364644646859751020e+01,7.066030788068259483e+01,1.939472090199833332e+01,3.642837170712029859e+01,2.240653310589138698e+02,2.284006929785235513e+02,6.787977333153962434e+01,1.735425508770839258e+02,2.901237780628462914e+01,1.943779648041157415e+01,5.125419047690508734e+01,9.473814533511169600e+01,2.448474190196563143e+02,8.699703918848773299e+01,3.456781061291656698e+01,4.325425479744519208e+01,9.785088690140115375e+01,3.709177498130414818e+01,1.215039645757908602e+02,4.516542599226087873e+01,1.070661851199508590e+02,2.557028253073202251e+01,1.965401665253527028e+02,1.346420621144078495e+02,1.679107289894056692e+02,4.243148269688595775e+01,2.313952447694970829e+02,1.699291124154305166e+01,9.057989938099619565e+01,1.299911464889797514e+02,1.286720589822130307e+02,2.813680263127924519e+01,2.163405170501431130e+01,1.219302031872882850e+02,5.456546288629242270e+01,4.672700147790275338e+01,2.542325266213228474e+02,5.949954762764711802e+00,3.846880326594805979e+02,1.580861462717823862e+01,5.208034879383192362e+01,2.731214233961716218e+02,5.552655284908887268e+00,1.588530098517115903e+02,2.939532080921481239e+01,5.088318410332542499e+02,3.737047741544324708e+02,7.471407142687277769e+01,5.588099560635015450e+01,3.761173860263181723e+02,1.602890967805826392e+02,8.687452781741654917e+01,1.593362077945407691e+02,2.420683566517197960e+01,1.770361798552773962e+02,3.542923579014673408e+01,5.289407439877670214e+01,2.009903994402391803e+01,2.775314828902719100e+01,7.534846261629623143e+01,1.973542714925334565e+02,7.785092212064932937e+01,1.115980760095040267e+02,1.562341703986760599e+01,1.826960493150741272e+00,6.815256180704654554e+00,9.764982003823570267e+01,1.780590956383816348e+01,2.456329786864537823e+01,4.587535403063981931e+01,4.978258557323400879e+01,1.436360579631117389e+02,1.418663558788081787e+02,3.725598123910349955e+02,3.911206678357962829e+01,1.330485073612927920e+02,8.152383912231556451e+01,1.622556395038070605e+02,4.922042530550263706e+01,2.030376807232247671e+01,4.559047557783002702e+01,1.359320783349206181e+02,6.281506871949699189e+01,1.064062114947195568e+02,1.284158124046728915e+02,5.363497810466633098e+00,1.628492814421222477e+02,1.562285041439271254e+02,1.427346124561374836e+02,3.947931589423685939e+00,5.339030178066155941e+01,1.904800775027336712e+01,5.501107099088336128e+01,4.501583380617068286e+01,1.001157284907329768e+02,2.152369094934772704e+02,2.883533200587581646e+01,1.186713313550682045e+02,1.080821284858032669e+02,3.048793915591420500e+02,1.264238627665535546e+02,2.218195556275307752e+02,5.582136536589845832e+01,9.610531053630946019e+01,9.759951326717425957e+01,2.801000639426447592e+01,8.925574579756685978e+01,5.578071929559534681e+01,2.165208608921819788e+01,1.284837574543056178e+02,4.178014474812939483e+01,1.084859424437764801e+02,3.099872468180336327e+01,4.841056915592804444e+01,9.781332895477034128e+01,1.493483678206632703e+02,6.206266888492261380e+00,1.683814785359230655e+02,1.656510559742716282e+02,1.935947068221443601e+02,7.392613949018710606e+00,2.955657693484857305e+02,2.710227059331521673e+02,1.070261245920431570e+01,1.084116432146744273e+02,1.705557733806205363e+02,6.936381442539548914e+01,8.211820994693324849e+01,1.337879742629707209e+02,1.045648752331798992e+00,2.285409747132606810e+02,1.344483287554924971e+02,2.095370480373969713e+02,3.451277963205410515e+01,2.478925256947590299e+02,1.891450891844997102e+02,2.064204878565142209e+01,9.804179375989903633e+01,2.889212579429475980e+01,8.135004936746451643e-01,2.883425345562880580e+02,8.301033646258743204e+01,2.814735447555531778e+02,3.801899243899918446e+01,4.447343515747200371e+01,4.824801692586419932e+01,1.079554468804842173e+02,4.290803098145173067e+01,2.591673174556365922e+01,1.621461419903591832e+02,1.253303954468205177e+02,1.944473577335051573e+02,1.804353937262766294e+01,2.450742434140606747e+02,1.686647303527872737e+02,2.100413027742618510e+02,4.805124178247775291e+01,4.183423594933927347e+01,2.969688893859638767e+01,7.106239102101555716e+01,1.132802830792563640e+02,2.511354734244986275e+02,1.392757647476255478e+01,1.899886922433871348e+02,1.622084374156045428e+01,1.173241178918151206e+02,9.328471744694132894e+01,2.917613585269764087e+01,4.546391161511657941e+01,2.620412088891019309e+01,5.555902690333859084e+01,2.051793590978523980e+02,7.431685881229883250e+01,4.080810322303753956e+00,9.148483634558317590e+01,1.053769506842365757e+02,2.647367776052389043e+00,2.384383080711577634e+02,2.365090767910513705e+02,1.360020151692134220e+02,1.859156457367493260e+02,1.708257245914400073e+02,5.700950683634652627e+00,1.556283380019383173e+02,3.900844334577840300e+01,4.460921229951946998e+01,4.990686716911803700e+01,2.103156610266751443e+02,3.035236055801640376e+01,1.149380974172734113e+02,4.894413491543196670e+01,3.913324317111297290e+01,1.472775240474083773e+02,1.170274388475178142e+02,1.902557755252860545e+02,2.190939063121159691e+01,2.091251038481965097e+01,3.808879558974238222e+01,2.181569606798259713e+02,2.995729689236473803e+01,5.295078324600064690e+01,2.333729941747151315e+02,1.722760519426809411e+00,4.602428397121187231e+01,3.964889437275327833e+00,1.776536715574535492e+02,3.576575855084322342e+01,1.206469482427514919e+02,2.754526219105020459e+02,2.183381475805527145e+02,3.546509181480477935e+01,9.147720269090613954e+01,3.687060880521169679e+02,1.363403594851970979e+02,4.574621107080299254e+01,1.280768246806541129e+02,9.020982894700574661e+01,1.563555480238099733e+02,3.044705958781445787e+01,4.872738435059872586e+01,5.347291796213312409e+01,1.003660024610974375e+02,2.352758074147382956e+02,6.665475381656217557e+00,3.239300051208312539e+02,1.257050420271514213e+02,3.688511205708793650e+00,9.454471674487776056e+01,1.179171662588110934e+02,2.561298785651467824e+02,4.822840630444012788e+01,7.440527558550309095e+01,4.222359299945331372e+02,3.714337966093722088e+01,2.082512592085925291e+02,8.709294450504368967e+01,3.722791260638738109e+00,1.236891255231570739e+02,3.612790679416319222e+02,4.415685726111413345e+01,1.532594925461301898e+02,5.719365533759756204e+01,3.267933707363556550e+01,3.399718081647256973e+00,1.393715806516406097e+01,1.124447148614716525e+02,2.103056974374599619e+01,1.394755081688968517e+02,2.476665344402750009e+02,8.999341327075102015e+01,1.533284503074106624e+02,6.146566611204350039e+01,3.863389401596914752e+01,3.942642824442000915e+01,6.514621972817286633e+01,7.068557122464015663e+01,3.895500151244143439e+01,9.669941347265918807e+01,1.132886822956590933e+01,2.024496565756930693e+02,3.463305499840661383e+01,1.508669579511270626e+02,1.309502406639260919e+01,1.112775280624853877e+02,4.309513142427151706e+02,4.897379384152429083e+01,1.964216498095323971e+01,8.967825323661699599e+01,3.031162504298002318e+02,1.189037157153883584e+02,1.096983290315779271e+02,7.431071955098487081e+01,3.609360011295950699e+01,1.588738164336978116e+02,4.006575160661072488e+01,8.217902774060492277e+01,2.851728064312233712e+01,8.869220566859532084e+00,7.852551471501412195e+00,8.065179681799412137e+00,2.699518062941967287e+02,3.586610291840875570e-02,3.194739651156559717e+02,1.162900332007635917e+01,2.072237376323411411e+02,5.419773472787693436e+01,2.828754213742670345e+02,7.195728362615780327e+01,4.894901825770573822e+01,2.046769291893314460e+02,2.197891871004574966e+02,2.268933488499455109e+01,2.252170543610555171e+02,1.965884280580656878e+02,1.424886720741318129e+02,7.018717879650232305e+01,5.815278539117215217e+01,2.566625647664931265e+01,2.269299386791583970e+02,1.103118627254102648e+02,3.028465094895647169e+01,1.126888680609561533e+01,2.644968505757719299e+02,2.042681118679963674e+02,6.045125616723971973e+01,5.526039184729078357e+01,1.449692674486363941e+01,5.059156212040707601e+01,1.048818620999001894e+02,2.030428414399070505e+02,1.270070872957890771e+02,1.345352109852461275e+01,1.316435323348821100e+02,1.131348611005299034e+02,6.105745368799161632e+00,1.686927402221277106e+01,9.702395738303000883e+01,2.412527772642981816e+01,2.799518226962070457e+02,1.433893248621042993e+01,7.027653767445757182e+01,1.712455598959569443e+02,5.850827434469713495e+01,1.983839788749905040e+02,1.263678223410533690e+02,2.732488467476947491e+01,3.123128434349644635e+02,9.121348834559459817e+01,7.675085691933999499e+01,6.797354373667631933e+01,1.692899621132945924e+02,1.955551852538155089e+01,4.449344500675601211e+01,8.463813985715039223e+01,6.305573544331971192e+01,5.373331608940213755e+01,8.753668609546701873e+01,9.844098745065691958e+01,1.643851062702743704e+01,1.126965719181616521e+01,2.564931009460653968e+02,1.817275113331783132e+02,1.240133077510290320e+02,1.423444492106227415e+02,1.829945161422402578e+01,3.713674747487291938e+01,1.963826575649699464e+02,3.873306125265889364e+02,9.162932671024036324e+01,1.102857861683290430e+01,1.624099887593440599e+02,5.890931366439480854e+01,2.861832503796185847e+02,9.739857903897983249e+01,5.976967313053712871e+00,3.370302638314939969e+01,4.393163446454450849e+01,1.394779688660250656e+02,1.858188763306942235e+02,1.704272072367169528e+02,1.085047901309157226e+02,6.483673223597547519e+01,4.199756374938281311e+01,2.232811405637551729e+02,9.373656047577597406e+01,4.154918845418527695e+01,8.438042409914957886e+01,1.517141218386418018e+02,1.563636886838458224e+02,9.194572153116708080e+01,2.543898580224797001e+02,2.876983064211142249e+01,2.056150116993269421e+02,6.368574014374075887e+01,1.577850975955709316e+02,1.410831821684861609e+02,4.347341519653402742e+01,6.558554005681151544e+00,2.288498642387632387e+01,2.567211476298998605e+02,5.040191645859045622e+01,1.310478212168371499e+02,5.402153845651895381e+01,7.437946843652962770e+00,1.441364584200636330e+02,7.174188495429420698e+01,2.275031202928331098e+01,2.390447239083670468e+02,3.618712340736681199e+01,1.052696731281499787e+01,3.038498067534312241e+01,6.342234566583734079e+01,2.043974765809423673e+02,2.967524545736717414e+02,5.274613807784248820e+00,2.192573248956746923e+01,2.912207272889348530e+01,1.185423398407944120e+02,1.649889948524829508e+00,1.281741148736385583e+02,1.019369375156203006e+01,6.623881974784083582e+01,6.041227854721036294e+01,3.181457218640684914e+02,1.595747424627199678e+02,1.313298913151240015e+02,7.179478074281860245e+01,7.667712709829571338e+01,7.269943247331509895e+01,2.243558317508961579e+02,1.343036831374505198e+02,3.347737639628218744e+02,2.506383505065660211e-01,7.314146108383776834e+01,3.109027284842711225e+01,2.721875293549474009e+02,1.065911850174947517e+02,2.373756097036938684e+01,2.520746272891648232e+01,3.655488179566262374e+01,1.606274510045329862e+02,1.966785330270347174e+02,2.839135724291363658e+02,4.231518355719652646e+01,1.046188347715579603e+01,4.093611550257025300e+01,2.040347214917290160e+02,7.938436453572863627e+01,3.572407478756647237e+01,1.617899089604747687e+01,6.535385658410233134e+01,5.056481682113174969e+01,1.926851577482436824e+02,9.437727572252013886e+01,7.474767619364114069e+01,1.710982403968171468e+02,3.693684237416840688e+02,3.217749019506075570e+01,3.433725264580574077e+01,2.847430657007603472e+01,7.205570621436909562e+01,2.742031879255290150e+01,7.012878164974510753e+01,8.677179368135631421e+01,1.818850149315352382e+02,2.709577484245762502e+00,8.438003827189434958e+01,1.311021256424556043e+02,2.520914605447746482e+01,1.431686677589322869e+02,1.265323005635110718e+02,2.240885051550938272e+02,2.510611143880506972e+02,4.105698630567950147e+01,1.974218921786837200e+02,2.113343311069588637e+01,9.807124573472611573e+00,4.535918627972073836e+01,1.346435221435968970e+02,2.611102979274747895e+02,1.116581505085627235e+01,3.802497223523879910e+01,8.530504218439121189e+01,1.733839379172731654e+01,5.336206657376065721e+01,4.253760867974659732e+01,2.397145525185926473e+01,2.017762204349056390e+02,8.632528283501683575e+01,1.138018514252293585e+02,3.020841085743512267e+01,2.847553684811398398e+02,1.911259662180177941e+02,2.717413659185002075e+02,1.188347137763633654e+01,9.384353047197640407e+00,6.030275874579841400e+01,1.720954690371960680e+02,2.906473609091476078e+02,1.011258371723165936e+02,1.090180919398070891e+01,1.697586829475023080e+02,1.279573274760633552e+02,4.264197758148889505e+01,1.195692892469553570e+01,3.062564434092096235e+02,5.975558491680330775e+01,1.945622088912797381e+02,6.994056223248135495e+01,2.695717144516377175e+02,4.026672687531699779e+01,7.743646374619083872e+01,3.411239909006843618e+02,2.711876200099476932e+02,3.637405518214177960e+02,1.058802672113247922e+01,2.650873943859454016e+02,7.521362594436141080e+01,1.081754938669446773e+02,2.770385902966668201e+00,1.512487961190720114e+02,7.432723475227155063e+01,1.085663528809744207e+02,9.903859745193345532e+01,1.890556489617951286e+01,1.396788672847923181e+02,1.469728602977428977e+02,2.482199156996902047e+02,4.449458024312275484e+01,1.602672450677811185e+02,6.747586148261566663e+00,3.414587389524769492e+02,2.136475459958754186e+01,1.122540217536751896e+02,6.305377341451433182e+01,8.994115829049779620e+01,8.319792205438334065e+01,6.873786491483987460e-01,7.391224810514921728e+01,1.943699214778107205e+02,1.349677029777803057e+02,1.188515855300323487e+01,3.680762347679155511e+01,3.222526410462076285e+01,1.242577628595059878e+02,1.431191366310876560e+02,7.832363790188929897e+01,3.456848984607099169e+02,2.974412787373372566e+02,2.038930351052735830e+02,2.704392014940836475e+02,1.626376907585361380e+02,2.383551585897820146e+01,3.955222698862655051e+01,1.154619257163442398e+02,1.101278286521678638e+02,1.625556458983163850e+02,7.132247805029381027e+01,9.304174987687007103e+01,1.674998318613869799e+02,1.721728734186413874e+02,1.458740998331427647e+02,9.151477128651379189e+01,2.025572136936517893e+02,7.155134642395822198e+01,5.152445916308974461e+01,1.493290530147757238e+02,1.982181514317989866e+02,3.811284469408305426e+02,4.722045911050649636e+01,1.144544002906166611e+02,6.181259487912797113e+01,5.637212479834678902e+01,1.582960617889664547e+02,9.418330301561198326e+01,2.971989642280167843e+01,1.403037081345191339e+01,4.521924501926030615e+01,2.912552517110382322e+00,1.023877298060777861e+02,4.470326606352227827e+01,5.730297950044623434e+01,1.194770019628739810e+01,5.793441489644394693e+01,5.162025014854106075e+01,1.083266201981218160e+02,6.948446442162365599e+01,3.107814311669929808e+01,1.678789678995644152e+01,1.352351957032588814e+02,2.664209193744986806e+02,1.993380724348617434e+02,2.096364162464863909e+02,9.201952175569977044e+01,2.587324706314211653e+01,1.489437082326947177e+02,9.904941440306059519e+01,1.634977986295802737e+02,1.713511806175850438e+02,1.241199008007856577e+02,7.510605282836161223e+01,9.578852565306375766e+01,1.789050103560116156e+01,7.519955591406520057e+01,2.741733683374380615e+00,5.639770371754422484e+01,5.768071841581613235e+00,4.863072668759332373e+02,9.015859427232801693e+01,1.208126855740027281e+02,2.687714858091983317e+01,1.637349850407108249e+02,2.410459670214361836e+02,3.792183646227146596e+02,3.388919485603032200e+01,4.282437698976331717e+02,1.038628133349853897e+02,1.099959037538983182e+02,1.752898035886146602e+02,3.686334860056621210e+01,3.216181496034141674e+02,6.078277219411208243e+00,2.267828024520263170e+02,2.142056930256720477e+02,1.076546699295282217e+01,6.180974994744668827e+00,1.909274699374088584e+02,7.521835568972601749e+00,6.562081559124891328e+01,8.257207018510398200e+01,5.735932060288663870e+00,1.990665976809156579e+00,4.274531798063743508e+02,1.983803916231705671e+02,2.100109067168018555e+02,1.612565780099538699e+02,1.158428432845582847e+02,2.296857292778364013e+01,2.662710733061845190e+02,1.257320570504391952e+02,3.010662708212140046e+02,8.544573498773297615e+01,1.235183387641192923e+02,1.943377247279462097e+02,7.425657682489629963e+01,1.334575284419832713e+02,9.694204714010993484e+01,2.364384710493945363e+02,7.984728844408824955e+01,4.158620936388636125e+01,4.148279789094118541e+01,1.318214666094945642e+02,2.826986169627465415e+02,1.275065561126460523e+02,2.451896372277503815e+02,1.632277905053349798e+01,8.254911686005129923e+01,3.105741594859568355e+00,1.317114303695184674e+02,1.594885633228016957e+02,3.897539097087210536e+01,2.401946011736873459e+02,5.045635653668575138e+00,8.356872484866515549e+01,3.605243928451080393e+01,2.550317482170234769e+02,4.041843975120293209e+01,6.183387086139055100e+01,4.172581459228955936e+01,1.175406874374205657e+01,7.426218768427952455e+01,9.172982785692595087e+01,2.840902041971341419e+02,4.532991354344084556e+01,5.073946996205335580e+01,6.005830805053562926e+01,1.373659758153209793e+02,6.863861276497965491e+01,1.514308480620988746e+02,7.234012353586174982e+01,1.076006854029009219e+02,1.593008154065838085e+02,1.526495594957758613e+02,9.821050942042005261e+01,1.792637679867146119e+02
2.200200117288023804e+01,2.661334400288926982e+00,1.542399502068724004e+00,5.863547799734692312e+00,6.204501731516188556e+01,2.127762000186323021e+01,9.409255704748266780e+00,1.098277210773923827e+02,2.327307827940310574e+02,3.789067346298218553e+01,4.758309218564060217e+01,1.532272724279430065e+01,5.098850809366321180e+00,1.019376990227310387e+02,4.447953255551646379e+01,9.025386596667615891e+01,1.477721065352591552e+02,8.257080006030369512e-01,2.845846516510626500e+01,3.071933188197441922e+01,9.118740044539805467e+00,2.394006088321490040e+02,1.686661031355773943e+00,5.536551534413887765e+01,6.973112141065937131e+00,5.725481903684340956e+00,3.624340637418583810e+00,7.207063640772092938e+00,1.042252111346716070e+01,1.268183431111642712e+01,6.055018135004549329e+00,2.148475838459539844e+01,8.250320296957477240e+01,3.505136318780407834e+01,5.606793199005454476e+00,3.168171747417228801e+01,1.507442268530490708e+02,2.302329837539447865e+00,1.639075938694941925e+01,3.442048209481440857e-01,1.181417587867171370e+01,5.159048576493729144e+01,4.144885516707581274e+01,1.570510657752347505e+01,8.971976113030617483e+00,3.233424994839770417e+00,5.376299818880676185e+01,3.363363628953488060e+00,7.103253963025847106e+00,2.692340558479861556e+01,1.502106493238030582e+00,1.862833051238708570e+00,6.187216210400325167e+01,1.208323279714842080e+01,3.067730753037622549e+01,8.905042526389338775e+01,6.345708520052839585e-01,1.670135320306270488e-01,8.065203518588790033e+00,7.414672787565556256e+00,1.132655690102628832e+01,7.318581413825296700e+00,3.254053732499829099e+00,1.122334176006543487e+02,6.605524822872067547e-01,1.110747185648881619e+01,2.066357281069740282e+01,2.666647316132994217e+00,6.348441117075064533e+00,4.374427971170045115e-01,2.253210359393529316e+00,5.564453382368719048e+01,2.175333637089886452e+01,5.657408398874592592e+01,4.492978994455426545e+01,2.037011481485282260e+01,3.199003409871176817e+00,3.168849364092590548e+01,1.127814076425920398e+01,4.512396928907592475e+00,6.627158764710329386e+00,7.241831696214431702e+01,7.153352700934361152e+00,1.446481050288592840e+01,3.119617979942816888e+01,1.261136135089990518e+01,7.260117747144113842e+00,2.468909015892697312e+01,7.985940334978502619e+01,2.413372736957545950e+00,1.593802459536425715e+02,7.349503035542889506e+01,1.181180103245096547e+01,1.879411270766016457e+02,6.085657724656640966e+01,2.839446359834689204e+01,2.386482354355408120e+01,1.116712008400464562e+01,1.515351161877290842e+01,4.076008734490257979e+01,2.958422886137615038e+01,7.755651901545554949e+00,5.611728480892750781e+01,8.051212579140651471e+00,6.136951080858514729e+01,3.515691893655198896e+01,6.652638715741242770e+00,2.493109671329425403e+00,1.073994477590090781e+02,1.244874678853111192e+02,3.594471674455177457e+00,4.530235957167455041e+01,9.334600150323656464e+01,4.307824833193166114e+01,1.311699322035882176e+02,3.383031994474570592e+00,1.654787058106983366e+01,1.378147003306105844e+01,1.696420009497228421e+02,3.191256831611331557e-01,1.338724560282507241e+02,8.287359977457164462e+00,5.764070337282810819e+00,2.218146713928146241e+01,5.771431234324438719e+00,1.115687363185145209e+01,1.579704012411251579e+00,4.300375174715843940e+01,5.494880245696038656e+01,4.921133736338233433e+01,9.111958829785010039e+01,5.916874621882512031e+01,1.147678754579774996e+01,5.821297219182390847e+00,2.942501825783790181e+01,1.074279853925462547e+01,4.421385725733138372e+01,3.056205081031360127e-01,1.301899301073811577e+00,3.639588382650700993e+01,5.228861525136729682e+01,2.064662897815159681e+01,1.851555493421838960e+01,2.044887530995696423e+00,3.474422128907886531e+01,1.352812034274659503e+01,4.561654989812782279e-01,1.100013095564533216e+02,1.497180070618785486e+01,1.643993781677110277e+01,4.185720502702454837e+01,8.824980834717733558e+01,2.192669001617967961e+00,5.110778378413703393e+01,2.836835532583532160e+00,2.104786495092924703e+00,3.799215258669358164e+00,2.981835590666721600e+02,8.667418022078355477e+01,6.645728117116264322e+00,2.403761285731647490e+00,3.917912686644291966e+02,1.328742285374577570e+01,5.594868164842588953e+01,1.539708902291124559e+01,1.345500372206899442e+01,3.555545856086999912e+00,7.304221415160388808e+00,6.026279615019089597e+00,1.049479560697530189e+02,3.468730994804786150e+01,1.054512972050746455e+00,1.014488144065754760e+01,2.220176464678752382e+01,2.330302362019103057e+01,7.428310413642856247e+01,1.294194824424366352e+01,1.907071629713538030e+01,8.066466558079605775e+00,2.654527431994459974e+01,2.194935157369389245e+01,7.576882856209827821e+00,8.189299959056997125e+01,6.443390472606436958e+01,2.181610040666989292e+01,6.921775159303813041e+01,1.536301907669807321e+01,2.210622002872895209e+01,1.004877191847155693e+01,2.967111949329840925e+01,3.983973377444505815e+01,2.360782730641893679e+01,2.038723031725001178e+01,6.733984244078534687e+01,1.987560681961081954e+01,2.819931100005537061e+01,1.824394553060426745e+02,1.957886338456028241e+01,1.465934131711762234e+01,1.900633233851593573e+01,4.975321519662099945e+01,3.790403623323361870e+01,1.783194031185841766e+01,6.711684466745737154e+00,2.771698150786939263e-01,1.765381212728345250e+00,2.438782971914470110e+01,1.856753314958548229e+00,1.363885557021100858e+01,3.602667043518484036e+01,6.715476039606315339e+01,1.317009472414125959e+01,1.631823174522898512e+02,9.846803264912821874e+00,6.989314305772053615e+01,3.510285519757211858e+01,3.802590222229426331e+01,3.514315311083478122e+01,6.588791757652629144e+01,1.252883352606079248e-01,1.958768615655652567e+01,2.732889472468074032e+01,8.055123922418657401e+01,2.420842088905689948e+01,5.705507606671751120e+01,7.463619041399818244e+00,7.444878631858364315e+01,1.545401530686862701e+00,7.715104685850871391e+00,2.460122679769719412e+01,1.706473127705034543e+01,4.299441466693011193e+01,4.316228788464260901e+01,5.872119936690730846e+00,2.250864207875444478e+01,4.749575572238696530e+00,4.507981781653703734e+01,1.427898200357357723e+02,1.412535095027107701e+01,5.615350696709626277e+01,1.077529870509297751e+02,3.112703595563939274e+01,2.260523029056639643e+02,1.097045312197490396e+01,9.409889412123773411e+01,8.053528345959362511e+00,1.226507457138358737e+00,7.434712350134212500e+00,3.961450140203515158e-01,1.891630675743967416e+01,1.746815484071607116e+01,2.057970368483470125e+01,4.569572575081728871e+01,9.442216659737184159e+01,1.898867419775727683e+01,4.307078216555017747e+01,1.909324102246958699e+00,5.584248892990392399e+00,4.598304922191767474e+01,7.381841283589205105e+00,4.143121457431079513e+00,1.269664746755472429e+01,9.347230833548827889e+00,1.849387563174062450e+02,1.141147485688387198e+00,1.358346506589295899e+01,2.983928137600075559e+01,2.803489920894588483e-01,1.225616630513030145e+02,6.562195171131713778e+01,4.887257725017406074e+01,1.133093700694210604e+01,5.417152676903506148e+01,1.755101557243662924e+01,2.986967840146786290e+00,7.161674688268156785e+00,2.011531677641778515e+01,2.447617841758318846e+01,1.055494580055991394e+00,1.442243451600644555e+01,1.525814700609566188e+01,2.091039437838037713e+02,2.609797239211430475e-01,1.396180501421341269e+01,1.584395852218205825e+01,3.548216513941155625e+01,5.131203778061860454e+00,9.052350093426257160e+01,1.706363599482371285e+01,2.360324611327832756e+01,1.058768538977490348e-01,3.427210608285523108e+01,2.404801933031917471e+00,8.356360561408877174e+00,5.703295867122229801e+00,2.274426913016509744e+01,1.678270240869562429e+02,9.342085574462371866e+00,3.662751953403456273e+00,5.504249496774924211e+01,2.262685341504390379e+01,1.109725970515619764e+01,1.067221515949650446e+01,3.855813423272078921e+01,3.364103437952707765e+01,7.311648221911291934e+00,1.311971461423125085e+01,3.149553292219005129e+01,7.798658681830454853e+00,1.747373170090037453e-01,2.189409830042933436e+01,2.581735848042279735e-01,2.561711549786349806e+01,2.576783529504526715e+00,2.295193792593259730e+01,1.331541730608735996e+01,3.771815914285107141e+01,2.084423023965937105e+01,1.508855436756735280e+00,1.869783372360614848e+01,3.815911355123007098e+01,1.001754148514199159e+02,2.528107127077908078e+00,5.156475521052365174e+00,3.036381860010066802e+01,3.142363308113878162e+01,2.340553300350191179e+01,3.878747677284439277e+01,2.307283134064207104e+02,4.680849891888191650e+01,1.721077459503001705e+01,3.368421118527095803e+00,3.959249670351331574e+00,2.830615695494351414e+01,1.289655805245349711e+02,3.203611997313838344e+01,1.581195293669648549e+02,5.846934043202631415e+01,3.197696254091136225e+00,2.603465536581866147e+01,6.959016666131829254e+01,1.334887284049445233e-01,3.663915687631966023e+01,2.829503287424508429e+01,1.055788468610485751e+02,3.182602588457686466e+01,1.694164913735906808e+01,4.156258993809486491e+00,6.635870788063104042e-01,1.169091411976790518e+01,1.979762217688731063e+00,1.734985387590366912e+01,1.510890263783554417e+02,1.193067445659254311e+01,3.829834954630562294e+01,3.635350205871588525e+00,2.385842543722343478e+01,9.210246557333057638e+00,1.584030168878036022e+02,7.785738999205732114e+01,6.845969582040724788e+01,4.842879093817565206e+01,1.376051805636734393e+01,2.337598361849395179e+00,8.833298832886954699e+01,1.433405971399787688e+02,6.047788503693152684e+00,6.295346252201425585e+01,5.654525294744982000e-01,1.065686529350835743e+00,7.040133440175223711e+01,1.661736802574554588e+02,4.878415320061819926e+01,1.761039187337964940e+00,2.400230606936473521e+01,1.207706585052891413e+01,5.637245159797886096e+00,2.350918737201793718e+01,2.136870220369725715e+01,1.991817535406534612e+00,7.501520465341759092e+00,1.299101607180707951e+01,7.769201722938960586e+01,2.569537801509131114e+01,5.559727521494787084e+01,5.094610392726726644e+01,8.043780853929037278e+01,2.206734768491295906e+00,5.731063441834329097e+01,1.727593997289524452e+00,1.560473801538033989e+01,8.642295168061931321e+00,2.594711202277686013e+01,4.375450740369181091e+01,1.390994510326404487e+01,2.700285885589770007e+00,4.978364508330678895e+00,3.673099390927028196e+01,7.277887462273193364e+01,2.388911699219636731e+01,6.288939244654639715e+00,4.145035411859985253e+00,1.351449369989702021e+01,7.266083683791129033e+01,6.652658222361552687e-01,1.462657650815006316e-01,1.474016265273545230e+02,1.656363181506783988e+01,9.402310603924258103e+00,1.656599049990321371e+00,5.118870073898455786e+01,2.377593870274289500e+01,4.475369548545452325e+00,3.625958802683055371e+00,2.416039704666613019e+01,7.068230988129000991e+01,7.442971964753492209e+00,2.537851857967670455e+01,1.496246748485013001e+01,1.463311662481942932e+01,5.484026722426565925e+01,5.344777547012241570e+01,2.727033022464239309e+01,2.936679101710889483e+01,6.705824837627087476e+00,5.863789941289239493e+01,4.821882178968762145e-01,5.521920507557987889e+01,1.490290997730402722e+01,1.222154278967247043e+00,1.379097851635051875e+01,1.045549784293692142e+02,2.312816485159147462e+01,1.035590493876282814e+01,1.139805995192742358e+02,3.680977817582342659e+00,5.055977790251049697e+01,2.722648506010804681e+01,3.941729120872233594e+00,2.436987082020864293e+01,1.941273917083447742e+01,4.369900572370701042e+01,2.779557537967680236e+00,6.756320952860468765e+01,5.521854177730879343e+01,1.178948186796425546e+01,9.144045063574210985e+00,2.706004847709881389e+01,3.172457513427278286e+01,1.395924558711095820e+01,2.236660952823787518e+00,1.403804239072393045e+01,5.560777515793147607e+00,1.963828655602347339e+01,7.941833530040953804e+01,1.921447888817119676e+01,3.127924385279466435e+01,2.618762816668702698e+01,6.038269079090138547e+00,2.162187512837430958e+01,6.003041371660437875e+01,9.634414780617317930e+00,1.815607790164657587e+01,1.001576406107050232e+01,4.513437414374794798e+01,1.033846873378602993e+01,5.789878433677241309e-01,1.967310725196419696e+01,8.618344202893425177e+01,1.405324137447667709e-01,5.011819399987884793e+01,8.470475398866933858e+01,3.508235763341223112e+00,3.648739416150448847e+02,3.582213623287891124e+01,1.136356276900133651e+02,6.111955547817897738e+00,1.082177471314049022e+01,1.717801206662618370e+02,1.087013657299097424e+01,1.184926637882699119e+01,5.760717205492424853e+01,6.086424723763960287e+01,1.125317347142551405e+01,5.708884976857766702e+01,4.612228075131881866e+01,1.693621109124428514e+01,2.449365026024147696e+01,1.926485705287581425e+02,6.975256645247082332e+00,3.171302528704608381e+00,1.844308038447060127e+01,4.486610603633113215e+01,6.201846320290499648e+00,7.845099305912525267e+01,1.798126345121602654e+01,3.644368286173205185e+00,2.721482048614193072e+00,2.086384334425589737e-01,9.024303452216320132e-01,4.422418535467955536e+01,2.218133544687142376e+02,4.027364937724356508e+01,6.571636117255917675e+00,3.818490387895033256e-01,2.169930562316827505e+01,3.306916533900060529e+01,1.220976645270365850e+02,2.089411769508129790e+00,4.547454870148875727e+00,6.096210571336783346e+01,1.325558825961648246e+01,1.322004715428329646e+01,8.120991913327923584e+00,5.221783514255034220e+01,4.106013978500200778e+01,1.345312555658031606e+01,9.029973213621887851e+01,8.514559981312379122e+00,1.162840092555195781e+01,8.498652752535365451e+00,2.522818092130957868e-01,3.806872426113110830e+00,6.385459423544033797e+01,1.450206700424126183e+01,9.390601442368728513e+00,4.448391945371074030e+01,1.105065196918969974e+02,4.720053433371757734e+01,5.790719865376742348e+01,4.935167752848246714e+00,1.351769498643779244e+01,1.958424922724017492e+01,2.353902430902317633e+01,3.081544776783772122e+01,5.500813604205839624e+01,7.745935751489404275e+00,3.037605883330240619e+00,1.147346156894574243e+01,5.757504445872796595e+01,7.493324322337018373e+01,1.858525775292926312e+02,1.273042674522666751e+01,1.439426646805548327e+00,4.894664010105805829e+01,5.477622991151080978e-01,1.432583934525799663e+01,1.696216890367130503e+01,2.271894516987316948e+01,2.287808349529781538e+01,8.801164347243402020e+00,2.063618598716509211e+01,7.820600473161912980e+00,3.170178919849621835e+01,1.826663990925678505e+01,5.423700794225027977e+01,1.590069840166466086e+01,6.459580292755417474e+01,3.720370017820205533e+01,1.131523445430079988e+01,1.268445052851675392e+01,1.176457223767786786e+01,1.618494588293138392e+01,6.152072136685092829e+01,5.519563879117509231e+00,2.280430325407019154e+01,1.404410822363298017e+01,1.622134575644440746e+00,1.564606828820382933e+00,1.292286378352827398e+02,3.794818378292578842e+00,8.638910184652470292e+00,1.767959917345731569e+01,5.551130145695977802e+01,3.154511317027366957e+01,9.096364769277911932e+00,1.329669987047728057e+02,1.317118324514257921e+01,9.304281499962529622e+00,4.913679301075371875e+00,1.428592209470524388e+01,2.694197580758717692e+01,1.385317997398194656e+01,3.165315664611263013e+00,9.461470946212047650e+00,5.107131060662623012e-01,2.678507765249292305e+01,5.889421811325516387e+01,1.017319130273584449e+01,2.307260364746846371e+00,3.117362702259261820e+00,1.060075075816957479e+01,6.285470466593970684e+01,2.044983497760656732e+01,2.131528309499314844e+01,6.944252993339033786e+00,3.473546004119412345e+01,7.614826212520648063e+00,1.120854969649991659e+02,9.834459284689653913e+00,4.090799506994353152e+01,5.675330735661398052e+01,7.422680553799951042e+01,1.046272045858770205e+00,8.714450749474123370e+01,4.314847424933415709e+01,1.096632246701767777e+01,7.784961444780620354e+00,6.533158351858931212e+01,2.678172000939473207e+01,9.137526171041001533e+01,3.653439731995324280e+01,2.037515306461005871e+00,2.535570601145468856e+02,9.650253904949444461e+00,6.290832189192122392e+00,7.162466229499929504e+00,9.642570210992231772e-01,5.679053833417296637e+00,9.078294423490419263e+01,5.778825114947664332e+01,1.599025455703817489e+00,6.973163865738955280e+01,5.865764464123700783e+00,7.742041182964874757e+00,1.360763310735911773e+02,2.988124930509025035e+01,1.125916678293226880e+01,1.563226514522254540e+01,1.438905322926628685e+02,1.066816882455030537e+02,4.429579752148442395e+01,3.999738873788067650e+01,4.073777388375518882e+01,1.835069630989920375e+00,7.240094655294710435e+01,3.361274580432845482e+01,2.336490845305276398e+00,1.716712336121876348e+00,1.089232423524147464e+02,7.245042451863818656e+01,4.488583640046064005e+01,1.560677599859070313e+02,9.280204986461571437e+00,1.425545898868829653e+01,3.254641070215544829e+01,1.132077688717927977e+01,4.140027335379613049e+01,2.317812575097314038e+02,1.128574775568747413e+01,2.315985835454151243e+01,4.286845393310802166e+00,3.932753925384649563e+01,3.287987081232855502e+01,8.649860942866165914e+00,2.730585578306995442e-01,3.716645467539692049e+00,1.338887528888327267e+02,2.765136392834557455e+01,3.786318130137624194e-01,2.057660442562761105e+01,1.982394783417221618e+01,7.462489998907372524e+00,7.704580752087277773e+00,1.896878927023831451e+01,6.854948148498735350e+01,9.470212178841470596e-01,5.403633050420970818e+01,1.723614724537929854e+00,1.614132374442884910e+01,2.506343756038329573e+01,1.723701093613973612e+00,2.402790615408689590e+01,1.653927038294441232e+01,6.185556808003961571e+00,5.643751778028387633e+01,1.260985444021310187e+01,1.491433581601875069e+01,1.299178037409274644e+01,1.023657871271184838e+01,3.785297555498281241e+01,9.806846211470141128e+00,1.137714744234912034e+00,8.585901656427631679e+01,5.304815952290958592e+01,6.389823418749990047e+00,1.341982065185204398e+01,2.198048876259913076e+00,1.595425379613450190e+01,8.047912784857514623e+01,4.010037984830606139e-01,3.336999892375018817e+00,5.067875295827200688e+01,2.564389856635418496e+01,1.200887601699256813e+01,1.877623981129767117e+01,1.191425780467044504e+00,7.794938625093156048e+00,1.894764013523655777e+01,8.206237417467335815e-01,3.452296838200523865e+01,1.253593542432123797e+01,1.731689842358796838e+01,1.700467031805910167e+01,2.667116732480062868e+00,1.952212256360880644e+02,1.090864716004118584e+01,1.482640587787465165e+02,6.220235041949137411e+01,4.698338927411892740e+00,4.378178645863505025e+00,2.669138718422307210e+00,3.376665426100365242e+00,2.103059135681529668e+01,2.528099746235978955e+02,1.905784603167992657e+02,2.092138410112062630e+01,1.008308945459003603e+01,1.366997967227786992e+00,3.083519054544734406e-01,2.370135495458047004e+01,1.425536522110290072e+01,1.961699986331970820e+02,6.256387450528637828e+01,5.172540591712841973e+00,5.913637117946883137e+01,6.516568403125981490e+01,1.637764213356577159e+01,3.196264486474625599e+01,1.379891818206481702e+01,1.866130900509800483e+01,3.600743682322693218e+01,1.553646218725685202e+01,1.041074429596645388e+02,1.380454914445158288e+01,4.338645886645939953e+01,1.856905301444651712e+01,1.541903434815205642e+01,9.326532578732327750e+01,2.316358042300926456e+01,1.606295620285014181e+01,6.169312901618674294e-01,2.979780130542004102e+01,7.511322447238154787e+00,6.682169500055445077e+00,1.428937968659760527e+00,2.726349025199389189e+02,2.875349566068380014e+01,1.863306533263653642e-01,2.025686876156668248e+01,1.633338141939404053e+01,1.867869691643506913e+00,3.740421800787804951e+00,1.051548814233296980e+01,2.515826831707115296e+00,4.856720563513192701e+00,3.695639083068511610e+01,1.311643441518343955e+01,4.541239718864006392e+01,8.070373268905811415e+01,3.500902432580266677e+00,1.125336500375796511e+01,2.013845423241797405e+01,3.706204320998502766e+01,4.651908106965994882e+00,1.161706018571292702e+02,2.522217881072905143e+01,1.476044915757611591e+02,4.674579928920102323e-01,6.229635403949011163e+01,8.366052648978991613e+01,4.100198368047039743e+00,2.444974082257753700e+00,7.137661575872593644e+00,4.308029922106896947e+01,1.184914372931125968e+02,4.958390123952337802e+00,7.805616726213172285e+01,1.054972473683848389e+00,2.000302597924275450e+00,1.168692745731426719e+01,1.325302411095161688e+02,1.563452854510971868e+01,1.838521434732233928e+01,1.935729852718125343e+01,2.705382378140948276e+02,6.763469625122847440e+00,1.856544531667617548e+01,4.015295040653564485e+01,1.109200163101358161e+00,1.130330511072270383e+01,1.758935588631376135e+01,1.207013987358099349e+01,6.729287389729209146e+00,6.062269189438662664e+00,4.616066226003151307e+00,4.167140600688667718e+01,1.246186696666694083e+01,4.801786734765880915e+00,1.594266684517067745e+01,2.546350209780072760e+00,7.249353315961784894e+00,4.896723580140216114e+01,1.047455528286485915e+01,2.228484773398200858e+01,2.810789606331592339e+01,2.003709433594559641e+02,2.507996081725880231e+02,5.194153991971139561e+01,9.603250611460845576e+00,5.017101711926652108e+00,3.582575180846453655e+00,1.392234533657511086e+01,7.463422955836334083e+00,1.416750316892829487e+00,1.138665075786718184e+01,3.348926353234884346e+01,7.404072062977365754e+00,2.367142310948004535e+00,9.721978711480730340e+00,2.358634576287624540e+01,4.835613766986703155e+01,5.973882369158695838e+01,6.405936383198705641e+01,2.175459646131798763e+01,7.832380653790215774e+01,6.211035243523846816e+01,1.396968725084757423e+01,7.087600973640794777e+00,5.981838642659201355e+01,7.989662178863373931e+00,2.618896417171236735e+01,1.355313559983164318e+01,6.170866448064068521e+01,2.354726499199368206e+01,1.552351702053867122e+01,2.558496644662525625e+02,2.340270584047387104e+01,3.342367643332095639e+01,3.461326866088713580e-03,4.930694398823234081e+01,1.051000072598673718e+01,9.598195115616150019e+00,4.115147381882801270e+00,1.124484332881443827e+01,7.587062387821843501e+00,6.246314584812688864e+00,1.764668297380478279e+01,5.144892599686735224e+01,3.762032690797320100e+01,2.912480666906082760e+00,1.839946766051357230e+01,8.342871537431406637e+01,1.012359461230113844e+01,5.088887969025598146e+00,1.132227846380680347e+01,3.805838454233392554e+01,1.818047821618614250e+02,2.593550006177561684e+01,7.262725094484868293e+01,2.289271567988245160e+00,8.843066102750371726e+01,1.006940416530016158e+01,1.143557455419832714e+01,9.820620149766506657e+00,2.040011606940053568e+00,1.217469396379449478e+02,5.395971562005425426e+01,6.567998035748017216e+00,2.732402288099426002e+01,2.041645618099884629e+01,3.242067378190122184e+01,7.045612258025343522e+01,4.369271809340124157e+00,6.102712558003190679e+00,1.089338468038841086e+02,9.044417082315201029e+00,3.158979050170785285e+01,4.182107659787973120e+01,1.039461848490096827e+02,5.406327226378601125e+01,3.814398745092763932e+01,6.299853916860732816e+00,1.281462983992180860e+01,1.351668268957490815e+00,9.727758386967220616e+00,1.490196550771132777e+01,6.688371334682133851e-01,4.678480028692390391e+01,2.806305567692703207e+01,3.561552838710828439e+01,1.506387112020227725e+01,1.153409377718924418e+02,2.582116042664732802e+01,1.487352323814957344e+02,2.209243854907943572e+01,8.597443972558648895e+00,2.827033790251595846e+00,7.356813237098692504e+00,1.232175980704421692e+00,9.844157359358813153e+01,4.763779868565173814e+01,1.533402891344808268e+02,1.524226180490801941e+00,1.286710464025619594e+01,1.664259950426096779e+01,1.152319807710952091e+02,1.320271836083854282e+02,1.820982297616616918e+01,4.102338302855307717e+01,4.083707170246849927e+00,1.271103354402311112e+02,7.247121604778698156e+00,1.734706540968849353e+01,2.222594213858222290e+01,3.649895102375155176e+01,8.601318070946373240e+00,1.999445661582768352e+01,3.930210147460785919e+01,9.651339894178620682e+01,2.255125199369916622e+00,1.803536981524997884e+01,1.338599550625489343e+01,2.806389728563690866e+01,1.612291133110335295e+02,7.903073320024292059e+01,2.808902299757860632e+01,1.024158770846313899e+02,3.292743640537626959e+01,6.339003708038685403e+00,9.497250392164228572e+01,6.714538773386406945e+01,7.550522078304066298e+00,6.459543649805784549e-01,2.479533239254594434e+01,2.454939573459487434e+01,5.137526683760192725e+01,1.292649316028530109e+02,3.388105923530137886e+01,4.586470357206643911e+01,8.162400979114549671e+01,4.600467879980012498e+00,3.816919293683533709e+01,8.553738472172911500e+00,6.312430444679052677e+00,1.033575639492514675e+01,9.975457456599812645e+01,8.828170187680542824e+01,1.640467835458910173e+01,4.668579217765397260e+01,1.290167791044440904e+01,5.150493267502495343e+01,2.617724103145627623e+01,1.268200739250322862e+01,7.301185670143921413e+01,9.572286783543660249e+01,5.391088803581335576e+00,3.023107270990516326e+01,1.249231175574631969e+01,1.441207182007222798e+01,1.006018759347215230e+01,4.643740285562418535e+01,3.601010694305806226e+00,3.888568873842226736e+01,6.101424796775339665e+00,2.357879932771622933e+01,6.981895344945091786e+00,2.399895558347783009e+01,2.344276335643513676e+00,1.737517173933961345e+01,3.422244215684666191e+00,6.332990720330354817e-01,1.517948167999883191e+00,4.235842577125060160e+01,1.860559866520218009e+01,1.682706225009115713e+02,2.082840110100738684e+01,6.857594904703007366e+00,8.214015138472090527e+00,1.161710378263643095e+00,2.417311988516790322e+01,4.103324570704388208e+01,1.038086358606400772e+01,3.043323644284716067e+01,9.621486014941993403e+01,2.084730287394725678e+01,1.806019781726029194e+01,2.207634896382781520e+01,3.837050382120134628e+01,7.270034671871519194e+00,1.102120284723521060e+01,1.145927309113275250e+01,9.933218331280253111e+00,4.782303671829885583e-01,3.056761232569491504e+00,1.594409559961306755e+01,2.757855578463946244e+01,1.510832295312566131e+00,4.285777034417698750e-01,3.162956178059862964e+02
4.615791941207108806e+01,7.744880657140994629e+01,6.165765750253378918e+00,9.267176613273930741e+01,2.045088332161924072e+01,9.383344683972838141e+01,3.893800507124026211e+01,3.050839858363712054e+01,3.883245130765650543e+01,1.669779539027192428e+01,2.541600960382398000e+01,2.410269920339721850e+01,2.517773044788993886e+00,2.800763717073337133e+01,1.784192158005990052e+02,3.927947840214511377e+00,1.944836932573099197e+00,4.382410245670240556e+01,3.818122300087937404e+00,7.472508300080114907e+00,5.453591852308025345e+00,8.274349516843056307e+00,4.916640100664818824e+00,3.601680769402290849e+01,6.000373524146277227e+00,1.486940192790584092e+02,9.984172520011663110e+00,1.130891257278050830e+02,2.653397316513479964e+01,1.520947898831112255e+01,3.684249042914139949e+01,1.418943556055787170e+01,9.904099479345701340e+00,5.086042945152997596e-01,5.734297859272095899e+00,2.520444099727133036e+01,8.367040387178042238e+01,4.445505151229652796e+01,3.440775746178466221e+01,3.147223194247173694e+01,4.169521698510104457e+00,4.126369088556517539e+01,1.468714324605259236e+01,1.162215306006627635e+01,1.703459161830290043e+02,5.076296756832085144e+00,2.082414898761201627e+01,1.515399281302807992e+02,9.944134626248421682e+01,7.780115675731327940e+01,8.083753174327290125e+00,6.858876731400282978e+00,1.676476966876274588e+01,2.151861426587245774e+01,1.618514628506175939e+02,9.177082488767746682e+00,3.508287444242114361e+00,2.402635421671139326e+01,7.845090523644348224e+00,3.889929776122458716e+00,6.053944178485330063e+00,7.314275527637916241e+01,2.644167452691736475e+00,3.254871615352581671e+01,1.294517564629536643e+01,8.313427802858200266e+01,3.624198982738356989e+01,1.077170757593655992e+01,1.142708913224518774e+01,1.045599966102612512e+02,8.547558414577931529e+00,4.277339515805053338e+01,3.080789096165432639e+01,1.574092701539027672e+01,8.282594732764685830e+00,1.247993922938342060e+01,4.496628196517681531e+00,2.788057685030841948e-01,5.120280981031415735e+01,7.174608981678994724e+01,4.514696949557332140e+00,4.792938546537772027e+01,5.226146725837424789e+00,2.678329687955379868e+01,3.169396881715985614e+01,7.797518960533325583e+01,9.021689396505715441e-01,5.423273946927447575e+00,6.251393255603331589e+00,1.506588834276044686e+01,1.755438205947154628e+01,1.503717699407315145e+00,1.448246193391590708e+01,6.689021536777594257e+00,5.232569083897999462e+01,2.059548833091521924e+00,3.438108838997977923e+00,4.342024341019137523e+01,5.584739752014962022e+01,1.362380558609693821e+02,1.315922290929784566e+01,1.696353746076152547e+01,3.536431479425481683e+01,6.821092179155870383e+01,1.901116739607538131e+00,1.751892560498555795e+01,3.732923396325755050e+01,2.911154071060112702e+00,4.665813701479222431e+01,4.134779887923295760e+00,1.202565660362106037e+01,6.270783123891278166e+01,2.870776183973521967e+01,1.146970949004702192e+02,1.101199909437001345e+01,9.155917663558420516e-01,3.088351971477561264e+01,2.550024784815938972e+01,2.190758657810850352e+01,7.958163034445719930e+00,3.481555848846414847e+01,4.107483595640491814e+00,1.216571026547497354e+02,9.285319771209515238e+00,4.199951060275045478e+01,2.287194976352511944e+01,1.086428864277978867e+01,6.479655800925614528e+01,5.428477959275840981e+00,1.804926949267696479e+00,5.168625363129468742e-01,3.416855714804549748e+00,2.262878029362513814e+02,1.742946137482825009e+01,1.842499678150924414e+00,3.430854551209699110e+01,1.045911353934688748e+02,9.125525860736333428e+00,7.587191048885932787e+01,1.015352696379781605e+01,3.387170797087677698e+01,8.277711221283094722e-02,8.872052759904274666e+00,1.308881091566449761e+01,1.185489629934639993e-01,1.129251736061239342e+01,8.909089717717318280e+00,1.071315580319625980e+02,7.692922609917321353e+00,6.008614010460058097e+01,4.541675131384642405e+00,2.150024076248178062e+01,1.267217084375005021e+00,1.106682093845764214e+01,1.051081214500336358e+01,9.675660505102177567e+00,1.030015307278665233e+02,5.255656461129866841e+01,5.573225815675626649e+01,3.062822730895731738e+01,5.300128857070262001e+01,2.184772342317619476e+01,2.523938221591137321e+01,1.523679053677950357e+01,2.172221083699536237e+01,3.857251854943734681e+00,3.962714479742395923e+01,1.130751858007210160e+02,7.032009357337516064e+01,3.766315970080040643e+01,3.047976688603135997e+01,2.089913145600352706e+01,4.205895418118896600e+01,2.010599589076588600e+01,2.897850528383902002e+01,1.478824584267686149e+01,1.044680113311130931e+01,1.535690141876948900e+01,1.592766578742764949e+01,1.504012944739885604e+01,1.740126565512935315e+02,5.126199823157889313e+01,7.599057289297644679e+00,8.780043683349154193e+00,3.644560128129082366e-01,3.411257116207647933e+00,1.126126028957522038e+02,2.646844234676908769e+00,1.198007954196648761e+01,8.521905055911743077e+00,2.931999383884013710e+00,2.261837008838483953e+01,1.106399445733475204e+02,4.186541837302363689e+01,1.939355489129877981e+02,2.189507620804095822e+01,7.713251935051221864e+00,8.108590839614919332e+01,1.741953303831790123e+01,1.157137634942415616e+02,8.886344971305776141e+01,1.275735011863295298e+01,1.097839220686717141e+02,1.565215223126945432e+01,7.647016039262980769e+01,3.225137583935552499e+01,6.190472768001381354e+00,2.938142543493153624e+01,2.033947154374754689e+02,7.366603596195473358e+01,1.050996361126362011e+01,6.988803209031262043e+01,7.501640806124703431e+01,1.202947144596653715e+02,3.837041767919691537e+00,2.004329394349117521e+01,4.296327343758876083e+01,2.648133476248324314e+01,9.652059458700308880e+01,8.068485057069665345e+01,6.856908251055927606e-01,2.457028450919764406e+00,4.570618637309436849e+00,2.380796991258208095e+02,7.457138253195988220e+00,5.042818726078701985e+01,1.647057049623700564e+01,1.280490550798576237e+02,2.453161926768589574e+00,4.238779756011587807e+01,8.386351157052160943e+00,7.020341269073634294e+01,1.179472949852580541e+02,2.387851487315312582e+01,3.268403521468275130e+01,5.173555622240534291e+01,2.775807441009775189e+01,1.291720397737982218e+01,1.130666861096570308e+01,6.691454912468815053e+01,2.147202856650089586e+01,5.307626036412570691e+00,6.757966903818016569e+00,1.456202000349831138e+01,4.759171560078763008e+01,1.050034668719537301e+01,2.864046727930098157e+01,3.947223308867371117e+01,1.058755030852544898e+01,4.464374395758167330e-02,3.155899658424552001e+00,1.129406846421179296e+02,8.676284317161541537e+01,9.058985480852071248e+01,4.911584784053480313e+00,8.814191050911507830e+01,3.351487262264284794e+01,2.500010562615344156e+01,1.525488836268690740e+01,9.183240463007290089e+01,1.695331912019246801e+01,5.074219763139950601e+01,4.706897867666198998e+00,7.118338823231526646e+01,7.334402378049846050e+01,2.245895108026694231e+01,1.031909790789724646e+01,1.056296064562337378e+00,7.224850984917017627e+01,5.115650840409145417e+01,6.944599405582943064e+01,1.410798833101742700e+00,1.913165382517172475e+01,3.947539245161643606e+01,3.094470931269563607e+01,1.489905261776758083e+00,4.040599939897105486e+01,5.492616979108007058e+01,1.736868986643141710e+01,2.125068500580668740e+01,6.309899763918082272e+00,1.940601154831750463e+01,5.756659756187786314e+01,1.320875758100225106e+01,6.241504275295394422e+00,3.353111829356886453e+00,9.132984356286395666e+01,1.223874817944238913e+01,1.209787500293842157e+02,1.512128548669772243e+01,1.551890164248329107e+01,1.518661315633681852e+01,3.112161004749118831e+01,7.109472821058530201e+01,1.500312062168880356e+00,2.163734749789797362e+01,4.324144915623345575e+00,7.089840153861766225e+01,3.821301969045929070e+01,1.182120336488456047e+01,3.624554560689245974e+00,3.202531214126103976e+01,2.647774344249681633e+01,8.954942391308593130e+01,3.188512122047006301e+02,1.797394994296620396e+01,9.634725294214188551e+00,2.271680935980776894e+01,5.834460292021014460e+00,4.176821692383415296e+01,8.368002229231392164e+01,1.114247415539847963e-01,4.526433882638886352e+00,9.087313696084477499e+01,4.567442191648884631e+01,2.093116728794615522e+00,6.002622659355371759e+00,6.607518063424721788e+01,1.804108757737293445e+02,3.719740501404417188e+01,3.039717119031486448e+00,1.241165972387230987e+01,1.775493732674368275e+01,2.293467899354364903e+01,1.211996759576251570e+01,2.339632374024433048e+01,1.357895150766884029e+01,1.011832396293970326e+01,5.007026534791076067e+00,3.014507898503390493e+01,5.076612094495345673e+01,2.134707628509769606e+01,2.861073155531808609e+01,8.927266325131549607e+00,3.758051693310597585e+01,9.505940433322008687e+01,9.634520176270868319e+00,8.974888227420935038e+01,3.085648563193719607e+00,1.456039915198445733e+01,7.342219295795865719e+01,8.554655503529147609e+00,7.128814210851973421e+00,3.980929132628225631e+01,3.910410436591881478e+01,2.771797689005274492e+02,1.586552757085281655e+02,1.005863230579448597e+01,2.102914246920886043e+01,4.741620592403286594e+01,5.722962988053507338e+00,1.520505405284288258e+02,7.910801928820234252e+01,1.516112757835001368e+01,3.327165631230997889e+01,1.464057725622543948e+01,1.999428744627651255e+01,3.766423710744209075e+01,4.071950802442344752e+01,2.757904700686092383e+02,1.763212650021957018e+01,4.037735395881644429e+00,6.982064649415035262e+01,5.226893035924548059e+01,1.663136836364213522e+01,2.148799499910051907e+02,2.481332472071779538e+00,8.540990136936752464e+00,3.451415480323457530e+01,4.791775077855219678e+01,1.723807308875356270e+00,6.568350315367025871e+01,1.487160121331668705e+01,5.873658735389994234e+01,1.313327850732386359e+01,3.353431464263814377e+01,1.028199590135147012e+01,4.949516771107692392e+00,3.370365730064120271e+02,1.531014238073973743e+01,1.984258362870555814e+01,7.158529291160034802e+01,4.566643622991385598e+01,2.220783094043050099e+01,2.420965007041567958e+02,5.911722461751674018e+01,4.956352508566481418e+01,7.518108668749371759e+01,5.278037325359336052e+01,1.539632246543860283e+01,1.194850847344694422e+01,1.843075662333059839e+01,6.351718836824681347e+01,8.510291855975903985e+00,1.645250997301033991e+01,1.720085116096100535e+02,3.888601817593774879e+00,8.479850674103205677e+01,1.589701189311502390e+02,4.163964239401565237e+01,4.821168157915725949e+00,3.086052668551906208e+01,1.883463611575734475e+01,7.492456680257081558e+00,1.518261773593415676e+01,1.115177854261828685e+02,3.191090230491461455e+01,2.868625655302702970e+00,3.667017586247687433e+01,3.893135462988137192e+02,2.523001239452589672e+01,1.453692766489294286e+01,1.024231055596421491e+01,8.430185003245613018e+01,5.339258987652254973e+01,4.137111843193480021e-01,4.995699002052823801e+01,8.402990691546177970e+01,2.881635181222983277e+01,5.735570017698564271e+01,6.606887932594595725e+01,1.039476669564909770e+02,2.333442679607106029e+01,3.197784731379735490e+01,5.886738569155198775e+01,4.966877760286094912e+01,1.039347745390453639e+02,1.124059314346197880e+02,2.821676380776927573e+01,3.594901139210661967e+01,1.010314136681481578e+01,4.283546181185099755e+01,2.430053506225754445e-01,2.239841521228529757e+02,7.283424947975903763e+01,5.073705587838738751e+01,1.971335792421401578e+01,3.295085905481250421e+01,3.418693787548615148e+01,2.286673664084783653e+01,9.303759335852427981e+00,2.911888894500105796e+00,7.568531861563934626e+01,3.302342911425891980e+00,4.821529435446334055e+00,5.550131772113039830e+01,2.725721902839239519e+01,1.019424187490936218e+00,2.808607065125574209e+01,2.807297336604290194e+01,9.170533157760248244e+00,1.640068853416789523e+02,6.810499390174854284e+00,1.406624863667175589e+02,2.337912458257310533e+01,2.184809375783877883e+01,8.508617126442812761e+00,6.683227629654403756e+00,1.098605174630776027e+01,4.227279524890592910e+01,8.342279311938618491e+00,1.260078874948927989e+02,3.504309916951554982e+01,4.157313796211916213e+01,1.055206433145625056e+01,1.632900019428272174e+02,3.003449299383199289e+01,2.742103419914716866e+01,1.288496458375476728e+01,3.764436632608828148e+01,2.723113021147280577e+01,2.957188915440656540e+00,1.276429860048645892e+00,1.328461342772788889e+01,2.880247310583929465e+00,3.726049716147250734e+01,4.744426356138428247e+01,3.162928573762382101e+01,1.171245333309352077e+02,9.375734750115482541e+01,1.517604433922701617e+02,1.434474394220280935e+01,1.131480222189293006e+00,3.739647557563294100e+01,1.746595684875853394e+01,3.022778169776400148e+01,5.544255379397566408e+00,1.086910391895841377e+00,2.132789473609737030e+01,8.787662607822083771e+01,2.499061972780087260e+01,6.197138279798662097e+01,8.588719985663412615e+01,8.193030812114911043e+01,1.808422768322846430e+00,5.589786397737996460e+00,3.763945558068473929e+01,1.410014468936304581e+02,9.583938307750926811e+01,4.681448945020236607e+01,1.993663891310563230e+01,7.240085204800141838e+00,1.156662110068705118e+01,2.181717585374638801e+01,4.311363637829534667e+01,2.460697674165454318e-01,9.933053034986761176e+00,2.245085119861478873e+01,5.859848597704328910e+01,6.243389954305357925e+00,2.396357313756677598e+01,2.330471639232074494e+02,9.003054073358337916e+01,8.898633100585305877e-01,9.184235077899980126e+01,4.493244615871585523e+00,6.851091269958838659e+00,5.192367928764367235e+01,1.695365959526288577e+02,3.008732837400539761e+00,2.992463129616744411e+01,1.709317424457658419e+01,3.504432489851947707e+01,6.900844122868845432e+01,9.645858225659162599e+01,4.814669270419159375e+00,6.659663056149871529e-01,6.761192103516619056e+01,8.294515858499680405e+01,8.423725783095832753e+01,8.059616681914513947e+01,8.527746551565998345e+01,6.795790414975904525e+01,7.495583609184208740e+01,6.166117521531652557e+01,1.134619756181513317e+01,7.889837493427465631e+01,3.004800228926256622e+01,9.949537341533330448e+01,3.882140081347667149e+01,4.033533883139870380e-01,6.851092516258404652e-01,6.453638021731767926e-01,7.804553440567873146e+00,8.007040355386975250e+01,5.109955081363060536e+00,2.944647407872781120e+00,4.977593917284652747e+01,9.977918152270088825e+00,3.550227830841804888e+01,1.021371122666160325e+01,5.479137602298664689e+01,1.275984376125035702e+01,4.079309144768117079e+01,7.715465300417049832e+01,4.208289902617530487e+01,1.789782893303077174e+02,5.256746756311544999e+01,2.173959743697008307e+01,1.534417475036020733e+02,3.712414331403523615e+00,6.656619832356503252e+01,2.464239173698618686e+02,1.497886862727359158e+01,1.439421324392434087e+01,2.142169865054439182e+00,1.183785425492645693e+01,5.084615761760715458e+01,5.343844174684751813e+00,1.179224074510522513e+01,1.306787014891531555e+02,1.302120457526757207e+02,5.355600302258798351e+00,2.694197061645518332e+01,7.337192017242218256e+00,3.127420511639006406e+01,5.094777977288905646e+01,1.693660407457499772e+01,3.598625536114549561e+01,1.896544743512467157e+00,4.230501066541054200e+01,1.032852904668430760e+01,9.137535172313575060e+01,7.266428202697521321e-01,1.028813041906273362e+01,1.612329127228491998e+01,3.421602311639454541e+01,8.445712234131905305e+00,3.084673602727829689e+01,2.208939466750990288e+00,9.758963799818809548e+01,9.178998471948952798e+00,3.604998579394915481e+01,8.797231704560882770e-01,6.419237640380457321e+01,7.134512476161404493e+00,1.136269954630890311e+01,7.133250201743032370e+00,5.534958109303217810e+01,1.016253780142490903e+00,2.098511797011988733e+01,3.613959029184687211e+01,2.269937787773099291e+00,4.208413503800105104e+01,5.638510162339891707e+01,3.749405927214074552e+01,2.024156050658199391e+01,4.600027708250511438e-01,2.131260149763144511e+02,9.901578046194751792e+00,2.820411006740358717e-01,8.828908591532664829e+00,9.665534267476843411e+01,5.939147294670823385e+01,5.548110463800824022e+01,3.486658645479639063e+01,3.486029462318740002e+01,2.162611835684154187e+02,3.915376060401301483e+00,1.121719888841633228e+01,1.053393106848634488e+02,5.898730343160832668e+00,3.612692954389526534e+00,9.453010594593201921e-01,8.735219341480561894e+00,1.516139873211884392e+01,1.906604394592750396e+02,3.161607440278181969e+01,1.185140162572894162e+01,6.005105292554467411e+01,3.592565599252299080e+01,2.806465830800171091e+01,1.914283290890532214e+02,6.344070311887656288e+01,2.077351041168338597e+01,6.502022767731922670e+01,1.403301661432543597e+02,3.501783299206508815e+01,9.609386231712491622e+01,1.019303840645947723e+01,1.032376933327923929e+01,4.555123366175700284e+01,9.458357429348309253e+00,2.269375344649848714e+01,6.110496964709525258e+01,1.393836599672683185e+01,4.327543129985931358e+01,2.153738701741119144e+02,4.149656647693388578e+01,8.002271587136513986e+00,9.759143107173814258e+01,1.729926673807292730e+02,1.092339532075220347e+02,5.133768857848024680e+01,1.241174386457119283e+02,9.440252815767636863e-01,1.343391199187570066e+02,9.754910134991847315e+01,6.933381301703361999e+01,1.060574269412624488e+02,7.380828467528768755e+00,3.378414888694958762e+00,4.370581733088220489e+01,1.008542266469179225e+02,8.708244699102724695e+00,1.728370312315093145e+02,1.158058516591586198e+02,1.387466303353799013e+01,1.522386575610832153e+02,5.406133702290204290e+00,1.218055490737348556e+01,4.302575049063043622e+01,6.207295433395479733e+00,6.129195277917212792e+01,3.682456872731169994e+01,1.141714242997805506e+01,1.477516326072225468e+02,3.531378956844115891e+01,9.881009463490660494e+01,1.212248768347738945e+02,3.330338750201961684e+00,4.814726481352125109e-01,6.822263038611622221e+01,2.884554260289009164e+01,1.323722713178051968e+01,5.958416267173816294e+01,5.870611731923540688e+00,3.808172486868981110e+01,2.483985316765795037e+00,6.899303754631933572e+00,2.110783867049059381e+01,1.480972865095402602e+00,4.077146514241957931e+01,3.613842393757362004e+01,5.538779206604623795e+01,2.877107904296778784e+01,6.366862001518646785e+00,9.532666336708973953e-02,3.105853850178794673e+00,1.220226821065132441e+02,1.486161346562951380e+01,1.516639788059768357e+01,9.588208794919268030e+00,3.497806528643887969e+00,6.073578067748965736e+01,1.773355484765054086e+02,5.732566418813627251e+01,1.884669964262272757e+01,1.200470856036485223e+01,2.938537104743264461e+00,9.364348189227323260e+00,4.581679341108310410e+01,1.060510560614422992e+01,6.998156495449684655e+01,3.821059969934483380e+00,6.697434783124417201e+00,3.448182518473273461e+01,4.067683982416384225e+01,5.415896471195310369e+01,6.832017931110898057e-02,9.628670840712640455e+00,3.115473351349924656e+02,1.266371298429703751e-01,7.499332317661643321e-01,3.545812614947552177e+00,3.176765626100705564e+00,6.524730105090883114e+01,5.438981526701490488e+00,2.626055394880990335e+01,1.092053368925620660e+01,1.493583635214843675e+01,4.607418929370538763e+01,1.026274546261322627e+02,1.556444659438934330e+01,4.933601741412895336e+01,4.503882343280496769e+01,4.806052916708814138e+01,9.980228899971665513e+00,6.285130077571737139e+00,2.237824637665111749e-01,1.897162203986260209e+01,2.324741401035843147e+00,1.203520075282821189e+01,6.561080733620043759e+01,9.231202626620788720e+00,6.687384204477853977e+00,1.168548549508062564e+02,7.163658351062308860e+00,8.803260108201637735e+00,8.147387539228782671e+00,1.954733636946555331e+00,4.180323614995725734e+01,3.826735656897901805e+01,2.843010564793522832e+01,1.406861769348529378e+01,3.348230075477633960e+01,5.747566655506005873e+00,3.793011315507327907e+01,9.698665514611784388e+00,7.459053199520545796e+00,3.370900025939044919e+00,3.818122846343485577e+01,9.801285334984827102e+01,5.947422137051303537e+01,3.706625410717173708e+01,1.614815473259227758e+02,1.515805517736577457e+01,1.330643218610032648e+02,1.309870321808977849e+02,1.914693359094199465e+00,8.793358308118724986e-01,9.026145799624528365e+01,9.657786912657034151e+00,2.477397538545009326e+01,2.239487950488056267e+00,1.885636924661412479e+02,4.522340458419976272e+01,1.133373064824273513e+01,3.545182570572868741e+01,6.021047393938756898e+01,1.955684257294278439e+01,4.831320277287326270e+00,2.587760021756413309e+01,1.576476912711118850e+01,2.221132898507350717e+01,3.203087370687867974e+01,1.717357883108370586e+01,2.862210660047167821e+01,6.692305319557911503e+01,2.074857218645977142e+01,7.298040062078177925e+01,1.082245705865457666e+02,7.451616617604353010e+00,9.088325041711856045e+01,2.322547186665826047e+01,2.195462972249798383e+01,3.179253771584510613e+00,2.785574052553015179e+01,8.323747722548107220e+01,3.404471053460482466e+01,7.661231839450318049e+00,2.624798750193578201e+01,2.008008462401389860e+00,2.564068046228765141e+01,2.443168980372493948e+01,5.603717515457208265e+01,1.877244451707918245e+02,8.841316599157032385e+00,4.223579037936073810e+00,1.684804007404100545e+01,6.435540987998750495e+01,1.041549975393735572e+01,1.733144163878134947e+01,3.456085246095628616e+00,6.984824427025161242e+01,1.055206549645447289e+01,2.754395912081815112e+01,1.130633399463892097e+01,4.820482327758761443e+01,2.548157033515860093e+01,8.518210075919396829e+00,9.349870434103769057e+00,8.693549162095717264e+00,2.862683455620100403e+00,1.602110061104783156e+01,4.724023774337529602e+01,1.202551906412067098e+02,4.584506787621261736e+00,9.005879856872520861e+01,1.737464180968200012e+01,3.136346805880967992e+01,4.016601498106454216e+01,2.198280207288070187e+01,2.475744535320093931e+01,9.237975957409998884e+00,1.892615490351925445e+01,3.206588245482688393e+01,1.794761645028662826e+02,5.992546486691775698e+00,1.978336650209359675e+02,1.403792623679347606e+01,1.733462911527212569e+01,3.391561755459899530e+01,6.903492984401951560e+01,6.424494662172666182e+00,2.509969659196176650e+01,3.285818560158744628e+00,1.425260176916113330e+01,4.842103088373539066e+01,4.527545725727082981e+01,2.920747754054420753e+01,3.388781856284954586e+01,6.944565353176963640e+01,6.601855184117214037e+01,6.497978622987771757e+01,1.367830389429952902e+02,3.808854520892493412e+01,1.149112651919955539e+02,1.978144717087939597e+01,3.265609502926163810e+00,1.106852091429233553e+02,2.751488695122244366e+00,2.863354622928977378e+01,8.445914188178454296e+00,7.837382194941211822e+01,1.203608831264170362e+02,5.657937289204007669e+01,6.040801892077584112e-01,2.219384617759125788e+01,6.401748807912325390e+01,7.352522116030526433e+01,1.540992535431660748e+01,5.592406640016109876e+00,8.455030371893953145e+01,1.114300391840430535e+02,6.273578772200301756e+01,6.552664079798721453e+00,2.690490030892661033e-01,6.088541034122045659e+01,2.729070338572681464e+01,2.108066271774324374e+00,5.668363864764784665e+01,3.411265458356697309e+02,3.387171878302783057e+01,3.016587622360840726e+01,2.055238212044532631e+01,5.904978158439501135e-01,2.894201831479328391e+01,1.013358982196796063e+02,1.794365716453543058e+01,2.012640321685228528e+01,2.166839262969681457e+01,9.656310544579197597e+01,1.894418272974547790e+01,1.192969590536458213e+02,9.202358096973610202e+01,2.056869262205424320e+02,5.121160892893406036e-01,4.790608244107807501e+00,1.511118456370905960e+02,4.479544042288332406e+01,1.582172242530459449e+01,1.549172394129682040e+01,1.282121353783392159e+01,2.434426102302149175e+00,6.044918700572175396e+01,1.290751224904831140e+01,6.726151073909518630e+01,8.439544055350951623e+01,7.583802253434656393e+01,1.683538822571059157e+01,5.490713343432168614e+01,4.714990926713994668e+01,6.525944633931140437e+00,1.380210750657960439e+01,1.164849652635824100e+02,9.289630102768570907e+01,2.074315911238290155e+01,8.215627762019737190e+01,2.585042135004038144e+01,2.994237608497649106e+01,3.893653004745911517e+01,5.496552983084868060e+01,2.514885884266622629e+00,4.268165844595389835e+00,4.997444317790133539e+01,1.157354908580208352e+01,9.963777609863610962e+01,1.167048851711606083e+01,2.846384363943492346e+01,1.560045367923195059e+01,8.331285853129976715e+00,1.600677601147305325e+02,5.513286233713947837e+01,2.747116529708779709e+01,2.953800986047219723e+01,1.573278726585233187e+02,1.477921008898140043e+00,6.019096220571816813e-01,1.849651948495333542e+00,6.372355231433121325e+00,1.727626639989243174e+01,2.049687618919686205e+00,3.903322585113202337e+01,4.649882078343388514e+01,1.885572678529910817e+01,8.427874960923857905e-01,3.599505196282461839e+01,4.764247168281729117e+00,5.590271509538848704e+01,2.650491748526240698e+00,1.081782308057398900e+01,1.670216882272612580e+01,1.547102540010731104e+02,1.938360949142465017e+01,3.705016486054049807e+01,1.596719717887593371e+00,2.381477491890255038e+01,4.736069692026813271e+00,7.875504981280815109e+00,2.779805902086799563e+01,2.524947124774472584e+00,6.073551796914635048e+01,1.129845800798882927e+01,1.506323201710822346e+01,1.863369394646141686e+01,8.338666926850436312e+01,9.815734149968904920e-03,2.160697162324106841e+02,1.609146791653758868e+01,6.794237080872042611e+01,5.844524700168960862e+01,6.006023113486352649e+00,1.908102372781522433e+02,4.774500090442162836e+00,7.372939235892128806e+01,9.903033279788856191e+01,8.834455910620857111e+00,4.824787725829678742e+00,2.548162582873029578e+02,8.998850757802189904e+00,3.937449413139195542e+01,4.779864273487831383e+00,2.718236952195407596e+01,6.940702970734621147e+01,6.770550044422746794e+01,9.440010705026678295e+01,8.690161276744036911e+01,9.109318742079370423e+00,3.009024105275156202e+01,1.555060664629144007e+01,2.412013583679655682e+00,7.412613883948725224e+00,1.920671929826164899e+02,9.200530344178434738e-01,4.197115360230618819e+00,2.975789100356265848e+01,4.821144280252912750e+00,1.356856406316194636e+02,4.238343460695289444e+00
8.997541703152079151e+01,4.703801039392868688e+01,3.586550797016359482e+00,1.479105191634846790e+02,9.560170427875856092e+01,5.079862957808871471e+01,8.469375584875952256e+01,8.990169573285260896e+00,7.574090764137531551e+01,6.040074912261474793e+01,8.333871530235759550e+00,9.165962780248121078e+01,4.038590372848667442e+01,3.226582320425829931e+00,4.978738817487020185e+01,1.359727239422053024e+01,1.385400887504429868e+01,5.415639816563865699e-02,4.574303820413073929e+00,4.726374817341849877e+01,8.070657052947467491e+01,6.840097931249056629e+00,2.111528000665352423e+01,9.180417863670335521e+00,8.429583461391503718e+00,1.337140599606792364e+02,2.929897999197087799e+01,7.869441358671339515e+01,3.075776009884135931e+01,4.661789271148763447e+01,3.332028838440833596e+01,2.738601646143406754e+01,2.769451097092217040e+00,2.068204585704836340e+00,3.181311299434927164e+01,2.338138605699622730e+01,1.393809056994086575e+02,1.346575440371877619e+01,6.900672591354415886e+01,1.631678260574415162e+02,1.176491122883407492e+01,4.298146758431000691e+00,4.120592326275350992e+00,7.807185172800617856e+00,1.327041476963936191e+02,5.900984979157345656e+00,4.555437428562945712e+01,1.340183741490150027e+01,2.998961802908475249e+01,7.559013482364842673e+01,2.209516931467014089e+01,4.332032730341958171e+01,9.695803615777409235e+00,1.740858790314169369e+01,1.517393274673944177e+02,1.041940583787475028e+01,1.074553626908726933e+01,1.444527954557468341e+01,2.072974379643443754e+01,5.569096381022774267e+01,8.943287594287616216e+00,7.389420699182165819e+00,2.598363946110660549e+01,2.877249722259492728e+02,7.626456211220288139e+01,1.035877226696255207e+02,2.039896751947220643e+00,1.945052547892370498e+01,4.730790924016564958e+01,1.290168864939834066e+02,9.560370493279892301e+00,1.620366548976779697e+01,7.202154440315156592e+01,9.619002973379959087e+01,2.179446049516300832e+01,4.755233188572061209e+01,1.166754458332359121e+02,4.575176399005403738e+00,1.377226655009556566e+01,1.924791441798214464e+01,5.748442866427089903e+00,8.770530172412156844e+01,3.138442920348473830e+00,3.562608910066326473e+01,6.778784371242029039e+00,5.490169740726550174e+01,7.663730186385563137e+00,1.905609035960005215e+01,5.791030391842482317e+01,3.992360373741615831e+01,8.150768195683539830e+01,1.957492334067609008e+01,8.673162037360873455e+01,1.109121653910088590e+01,4.940996290265024271e+01,3.058863764958772435e+00,5.072216462923620384e+01,1.727160012634298880e+01,1.725967791336310952e+01,9.595742775260526969e+01,7.135042340128440408e+00,3.058433856287486918e+01,6.353769604357929701e+00,9.890159952921734998e+00,5.484475208094377052e+00,2.723991581017716967e+01,4.356982038126039569e+00,3.760480810010030694e+01,1.179140565480037282e+02,9.844675431591854320e+00,4.688201798052612723e+00,6.721255928233532906e+00,4.579404150751378921e+01,1.127664217239204447e+01,1.217893742811970093e+01,4.168121940459187158e+00,3.785197608599374774e+01,3.251086228453807081e+01,5.012717758915989208e+01,3.935365995754502677e+01,7.200709813478436416e+00,1.032699179295474146e+01,3.141674327752691056e+02,9.259261864663854169e+01,2.395075329602878966e+01,5.347364889130315824e+00,4.293792948569787882e+00,9.819475951457887675e+01,7.669603468553330750e+00,9.117846352596874482e+00,1.236691968465380000e+02,2.936537286129764279e+00,1.873915603376564576e+01,1.979106425973054861e+00,9.681583383730243497e+01,5.225409173137807528e+01,2.268154325880543354e+01,2.276998213507525648e+01,1.671329368094460790e+02,3.264045485719484940e+00,9.727745852720873643e+01,2.009807540911710433e+00,3.759737579485789638e+01,6.262561989753044145e+01,1.634072391272369584e+00,3.392164346777052586e+00,5.674368355251325546e+00,1.192089210148003176e+01,2.131145964194460873e+01,6.184177807010209449e+01,3.329232869544891837e+00,7.562390152174900493e+01,5.932510803117691189e+00,2.588219283791748282e+01,1.854747864525386447e+01,1.946826740028414804e+01,8.783161097451696264e+01,1.089213001711576823e+01,5.443659652170073748e+00,1.105864185653315701e+02,7.212939639065899655e+01,4.494732141452438867e+01,2.001429983924403544e+01,4.716571881185352311e+01,2.392036337155071735e+01,1.084245501896595876e+01,2.763908096577728291e+00,2.784685889262185654e+01,2.827250707026120224e+01,1.560790370930802595e+01,7.767802728496936204e+00,8.703287118317236093e+01,9.676826482694806941e+01,5.261557045261795196e+01,8.668760900399958302e+01,1.475991050270548932e+01,1.643680574422553420e+01,4.539980486390148839e-01,8.599771718396694098e+01,5.824763818723872610e-01,1.469601337822282972e+02,3.269053678617545700e+00,4.473804666399626484e+00,2.004549215885191771e+01,1.842817791434824315e+01,5.239519216834080062e+00,3.906543178080116974e+00,4.962010039796339100e+01,2.917432412581925405e+01,5.877217404316993310e+01,1.431184395490895156e+01,2.634228656788525669e+01,2.376442589098053020e+02,1.808986949931107446e+01,1.079076275692696072e+02,1.677284714267873085e+02,1.283371060463677509e+02,5.504669323926741953e+01,2.272902003824619399e+01,1.998397104977654237e+01,1.346622708992540929e+01,5.610936615428307306e+01,4.139417830048136437e+01,9.336539716054204519e+01,1.269385341201028297e+02,1.123707574530436801e+02,9.358353138669695426e+00,1.018878498838132458e+02,6.079282338287047338e+00,3.375516932551374794e+01,2.959403344236068634e+01,7.529020469809228011e+00,1.041994490752880687e+01,6.816823542061192143e+01,5.892000834303807011e+01,1.474653494242385676e+01,6.344218359618646552e+00,2.617341607078963861e+01,5.240891839426787868e+01,8.280821847989376749e+01,1.413738436701953205e+01,4.635529027176395545e+01,4.035449890085416058e+01,1.174958872680660527e+01,1.312854429710515625e+01,3.968687300660522510e+01,8.063969021657669600e+01,7.950700417806383591e+00,1.155272673838817710e+01,7.941093868651927679e+00,2.885478221500026663e+01,1.008290819597093169e+01,3.412724736922393021e+01,8.581493323917957383e+00,2.133190223892713888e+01,5.839852226246243561e+01,1.394939493354270077e+01,4.736227759398128789e+00,8.853846355725572437e+00,6.550860403975237034e+01,2.949197618638510576e+01,2.514966810819129535e+02,1.064950889624719288e+00,1.208402546932820876e+01,6.737102289230527674e+01,1.617862605368212670e+01,1.754338100080439133e+01,3.049451966054168039e+01,4.522674640197637785e+01,1.787684142030350642e+01,2.654062736917690657e+01,1.116998801886461337e+02,2.232692675095335844e+01,5.726924209846728075e+01,5.646903013549771799e+01,2.365602771005712146e+00,1.097344778419779843e+01,6.546962443233007889e+01,2.613716260445934481e+01,5.809141842874148409e+01,5.595260805092507006e+00,9.816154964410969797e+01,2.247912846301965306e+00,2.583575492171807042e+01,1.792710423405152085e+02,2.011662621068502332e+01,3.286681892327087695e+01,3.249314168904593458e+01,1.342474513530861735e+01,6.263061442498979225e+00,3.367694097538229414e+01,4.179329437526132551e+01,3.768052269380056174e+01,6.657192273732304955e+01,3.087324063942318375e+01,3.811910087488256660e-01,1.664978502221053347e+01,1.922061076835126503e+00,3.000385198818289467e+01,2.130818849059967945e+01,6.380506519397456167e+00,4.563267136618946296e+01,2.321396900915030130e+02,2.846739702795230187e+02,8.213755797919192503e+01,8.629289419454073595e+01,1.874107157140306583e+02,2.505395668049636981e+01,8.471412669891840608e+00,3.894764684832944823e+01,2.799783769756956886e+01,2.658260056209927313e+01,4.405650845170917052e+01,5.236480633189550105e+01,1.951073043921476824e+01,6.633537374324625091e+01,2.869244541299029549e+01,1.324122043667654509e+02,3.061113486255767668e+01,4.047385734301539806e+00,1.335667100105898442e+01,6.021352800765736646e+00,4.946532956002232595e+01,2.723367501157735049e+01,1.155721365208930393e+02,4.747818576688643333e+01,1.517498233101699334e+01,3.827052751155963506e+01,3.791666825122727857e+01,1.493471420367064972e+01,7.134998232774576366e+01,1.855244932896840560e+00,8.837661651495487547e+00,1.219537963631082356e+00,2.170109379530287086e+01,1.920549557899055904e+00,2.925841246677179708e+00,2.859879269613464459e+01,6.785700082909799846e+01,6.485850459025010117e+00,2.634186636167023821e+01,3.445074312504799963e+01,3.078145887247115411e+02,3.033135021447974200e+00,8.206511760404280764e+00,1.351943429814618014e+01,2.426680908118765601e+01,2.621410579130243779e+00,3.021978687201093972e-01,2.892208369924714528e+00,1.074255852989400637e+02,5.371624092004683160e-01,1.591353893798416586e+01,2.719358096122853041e+01,1.061521147726436576e+00,8.444607375342661371e+00,5.294907345813211919e+01,2.549226133809252133e+02,2.256104872146683604e+01,2.209792111594225261e+01,1.000742192779259199e+02,2.301161987740306358e+01,1.992506115699355007e+01,3.427520080246660328e+00,1.483406893183475290e+02,3.731939881186661268e+01,9.516558958365949650e+01,4.537283117786307329e+00,1.168774154979292268e+00,3.033730320412107417e+01,2.370561844380494609e-01,1.656512867530751976e+01,2.055727413029504902e+01,4.603303102684053982e+01,2.357634496273899671e+01,1.106260717760619627e+02,1.950356383181726105e+00,2.125601748932450263e+01,4.052375465735293147e+01,2.642641695002521018e+01,8.490902724018711822e+00,1.865763977629366934e+02,2.919281485427788780e+01,1.387609980520387865e+02,4.920194949128032236e-01,3.742274062561935466e+01,7.511784223576473352e+00,1.120045422728502871e+01,2.175071322286516917e+01,7.683088990494075787e-01,2.498214732237417834e+01,8.504208828796436137e+01,6.008035362711219562e+01,7.262773465539565620e+01,1.691450199639263374e+01,1.228501220778961134e+01,1.225978021461532741e+01,1.858306534037111035e+01,1.160514436259857973e+02,1.792397876413074442e+01,2.855956043090971264e+01,1.238375930082044896e+01,1.937384734265679498e+01,9.952810091759575073e+01,1.037432508223396077e+01,1.413497297993916106e+02,7.914967939859645085e+00,2.113306097818256291e+01,1.155099109561139130e+02,8.201056833699780668e+01,1.457173440034655414e+02,1.392685229874304831e+01,1.491900539706573170e+01,2.938411265498711700e+01,1.693754983485071008e+01,1.090747288009924745e+02,2.314367859292390417e+00,9.438910846045034475e+01,1.137980645192743623e+02,6.665480872173225180e+01,4.910491616689832739e+01,1.954832125073729188e+01,2.264536242199935501e+01,1.207865187065740642e+00,1.155753746294009066e+00,3.588811573370903574e+01,4.768924999468092807e+01,1.359501554418491631e+00,2.219937946191837952e+01,2.129546087951015068e+02,7.517754102273086403e+01,8.052119190707546892e+00,2.300766363477684351e+01,8.285868412497967128e+00,1.196735672352500934e+01,2.668355946338625273e+01,9.145761256927281480e+00,2.865282016741525695e+01,2.100372313270643776e+00,1.025219056996803459e+02,4.225570664109495667e+00,1.294749236223326534e+02,1.341160152954525131e+01,1.607981718003456351e+01,1.046613344004867940e+02,3.957144678105521507e+01,1.911558409930553815e+00,8.556714029030980839e+01,3.295098021477730299e+01,5.609807623394552678e+01,1.341219862953161801e+01,1.215377982615973984e+01,3.100213638019480467e+00,1.184581041837655846e+02,7.422613419066885854e+01,3.189649584150906136e+01,8.092076819376233132e+00,7.207217168863028434e+00,3.048666754868178064e+00,1.724130173815278866e+01,1.828230020272116363e+01,8.079520724904243423e+01,1.732542910644012579e+01,5.733526821804604268e+00,5.315695565604826101e+01,1.071853252502721290e+02,1.002126421889379060e+01,3.025547758942511489e+00,1.177105097632536435e+01,1.840173732005362979e+02,8.319487279019968184e+01,1.143089303293119627e+02,2.096646741582965134e+01,3.544428175151271176e+00,1.094414326518151057e+02,2.643674805433923414e+00,1.820939455583441502e+00,6.149207135725923701e-01,2.764793183098411689e+01,5.052315067324655473e+01,9.324019257833191432e+01,9.199366063037966512e+01,3.235042703253232332e+01,2.018486469268374162e+00,1.073279041962902447e+01,3.607829006952569983e+01,3.492759813501162824e+00,1.210578744300868870e+00,9.789533864510771011e-01,3.720579800512761892e+01,7.986981499743714608e+01,1.402607596810367774e+01,2.137706834502851905e+01,1.840923962301669903e+01,2.405910888239786871e+01,9.562958702811597433e+00,8.793474592257388167e+01,3.254148586066020243e+01,4.288118301007500577e+01,3.232927054239852538e+01,2.162598898112666035e+01,7.479475428557913119e+01,5.535154176058841635e+00,3.792330022677084855e+01,1.197671700460480508e+02,2.024400812186155179e+02,1.443754625238519118e+01,9.463931461840243031e+00,5.869224995182264593e+01,2.734577706569200828e+01,2.909262564364144410e+01,2.126922489568230290e+01,4.442657713148674503e+01,3.911088909828783500e+01,7.287897171459215429e+01,4.178929769064333044e+01,6.113982982943042543e+00,9.645610385727565017e+01,9.019692773186606871e+01,9.523771735675565253e+01,4.011800608007948021e+00,1.853446990522061100e+01,2.288600713438883272e+00,3.725841691416704293e+01,8.920471790399966494e+01,1.422862530242233703e+01,2.642196223843167879e-01,1.286901957222414872e+01,3.697039834822994209e+01,1.159922489375918815e+02,6.249387338021807636e+01,2.200268550888534946e+02,1.117416636915093875e+02,6.119421140383290769e+00,5.175304201208262356e+01,7.046860015640881159e+01,4.646417509541872271e+00,7.864090108055732742e+01,1.124645548281005603e+00,3.223042015355010559e+00,1.235428355018410151e+01,9.411093862713146052e+01,1.578617273419372680e+01,3.868601126110056754e+01,2.808959909547865763e+01,3.038647025988903749e+01,1.951603743044019268e+01,1.284185232506156353e+02,4.934294019136232379e+01,1.506837345777505455e+01,1.476483768521026541e+01,1.879829746441473901e+02,1.815728844916481322e+01,1.166078209544192958e+02,4.442960139241790785e+01,2.104021582244488897e+01,5.274445183236767321e+01,7.384019150949777099e+01,1.306538489163905403e+01,9.128814519087855217e+01,1.294582032056669085e+01,7.003915485851395317e+01,7.743395532832285433e+00,6.198631633616876968e+00,1.248634355566346876e+01,2.700383341474153909e+01,4.211552822727021805e+01,1.137025432457439855e+01,2.324592289120758493e-01,4.490780349060240262e+00,1.127280067097436067e+01,2.596599972349062480e+00,1.396893986651484099e+01,4.012055560142303534e+01,1.151882333647437839e+01,2.563387252780956871e+01,3.359578113344036154e+01,2.836408287474736056e+01,2.716899903328126129e+02,1.621762791060794768e+02,9.592427246371794780e+00,7.515149317608339175e+01,3.380509132722045820e+02,6.028675691931185554e+01,1.160770184860417764e+01,3.809846958325386623e+01,4.497344798109559605e+01,8.651276612492024398e+00,3.243841667965576825e+00,2.189503397870025836e+01,1.208632476200760806e+02,6.330689027793204637e+00,1.915975475680685491e+01,2.572697269756909577e+01,3.850356695696675757e+01,5.301785044214199161e+01,5.650488806202559111e+00,3.956394757746451774e+01,2.516192508015628349e+01,7.188455720759837675e+01,2.168307601962915054e+00,5.718086323373768920e+01,7.035719966758307464e+01,1.243126191197518660e+00,1.431121129462143138e+01,2.672009183145082289e+01,5.990307017491169717e+01,3.391477398603419235e+00,4.802080878625709204e+01,4.084851284246300906e+01,1.022234314231440599e+01,5.946401602885970306e+01,3.839272346384783319e+00,2.422977674179446339e+01,7.977803856365879653e+01,1.411983837050339696e+00,3.949167308413117361e+00,6.691741004547650107e+01,1.020636289370895611e+01,3.225584687008944229e+01,2.793779657634681257e+01,1.322029913813119784e+01,8.884832682681913951e+00,1.435178656902019689e+01,1.717636777915204505e+01,1.059867629077507303e+02,7.255488651006744760e+01,2.030110406477870981e+02,1.880680718053777767e+01,2.661650540795730180e+01,4.526098266136139081e+00,1.035634118921577027e+02,2.244048856259773572e+01,1.076608397011257701e+01,6.695560457359071904e+00,3.117560209337959876e+01,1.149174562153406640e+02,1.375167240966962083e+02,1.065691547040200788e+02,2.480604441632120327e+01,1.130563992446515442e+01,5.225847457326639756e+01,5.017671946656200532e+00,4.867226591237336031e+00,9.539452180391174352e+01,6.564321014396254839e+01,9.986860806130083290e+01,4.275913349671429131e+01,3.115658860941252684e+01,2.619749657553580136e+00,1.039775419062184341e+02,2.263466703446564310e+01,1.025258557493589393e+02,1.431961319810433686e+01,7.269769247482217622e+01,8.637619112975231772e+00,2.944020963985991202e+01,3.434456857078385106e+00,6.254597168730974488e+01,9.200629419595911074e+00,2.789051314953883676e+01,2.520371423699455349e+01,2.548538362849672723e+01,1.694338184797378943e+01,4.096311279721741272e+01,1.041072367197690909e+02,8.140859477349138729e+01,2.161493986952797570e+02,8.060557367388155114e+01,1.155564982660820839e+01,1.368619976090993617e+01,8.360019202992953069e+01,9.992270378154517019e+00,1.525886713699986741e+00,4.973283861516897986e+01,5.566930708902527947e+00,1.917148628650216153e+02,3.534456734482247242e+01,2.880627341021318557e+02,4.136160335177990532e+01,9.355778979910153836e+00,2.354145355109374194e+01,2.002675185668324431e+01,6.989080466340466558e+01,2.335678790582215569e+01,4.961279903983800210e+01,7.009743046361278118e+01,6.814163026165152814e+01,6.728570835815021667e+01,1.249995273743053481e+01,3.944284124607889908e+00,1.405473932638530243e+01,7.707049825270642884e+01,2.594963727854937829e+01,2.027607488628993426e+00,2.818481980534294351e+01,2.131889619193751457e+02,7.108988135923742568e+00,9.799788958370967862e+01,7.719971163803072045e+01,1.175952111604159569e+02,4.465205755603186333e+01,6.577661485865830571e+01,3.554135906179688931e+01,1.281615147558498968e+01,1.414265435805807840e+02,1.341414258365085876e+00,1.654903846932931444e+01,3.686469148224184522e+01,4.621830881543709069e+01,7.122552989903893206e+01,7.668711384568025480e+00,3.301038881906737288e+01,1.703706617617794095e+01,8.367299345886152651e+00,5.606159087594696899e+01,5.349033223221531408e+00,4.411422945978574539e+00,1.907934934395676052e+01,8.675557789390906294e+01,7.571383461895750600e+01,3.053918331647764361e+01,7.160952454156458202e+00,1.587468201871141105e+01,1.930525728243428603e+02,2.813716881486718080e+02,2.477358693145705786e+02,3.349589807502191974e+01,1.786218174470671016e+01,1.892026247183289600e+00,1.910487299520695714e+01,1.196737344367187603e+02,1.149333897434799354e+02,1.140065036453416099e+02,4.738032609200305245e+01,6.503261501870169070e+01,4.030687608374953612e+01,8.723740228189195989e+01,1.392384624454894926e+01,2.259047418367422821e+01,1.855975705017714716e+01,3.436202839727747573e+02,4.367622281648613836e+01,1.535849534444091624e+01,2.986987701976511289e+01,1.233887461734616586e+01,4.850798435014197452e+01,2.308414145431449072e+01,1.553574034317768948e+01,1.144863822014972676e+01,6.313203667485488557e-01,6.529236212974949183e+01,1.303658013610557731e+01,2.924552962309728343e+01,1.923101757817459756e+01,1.421301148874942477e+01,7.147362773807770964e+01,2.271470777654388371e+02,2.144743013671217469e+01,6.729965682718636266e+00,3.380359302985332448e+01,1.644209734618591412e+01,4.365032265219164209e+00,2.814969267133760411e+01,1.406655784483895388e+01,5.774781214892477976e+01,1.932754688168288837e+01,2.462791869249147503e+00,7.280536619445109636e+01,5.347904516152004462e+00,4.050314962900328553e+00,1.637835319497100484e+00,1.902599671266452219e+01,6.233627350220060315e+00,2.864662788552298167e+01,1.327833487145981195e+01,4.953219315932435762e+01,1.891112067667614971e+00,1.636516030191256021e+00,2.678646900916128359e+01,5.122572929397399122e+01,6.409577483964545763e+01,7.547226631394902086e+01,7.991536597509076501e+01,1.407899226583128609e+02,2.715775351309691246e+02,2.318643836878571207e+01,5.347097073249210553e+01,1.089848899513822289e+02,5.549867741958776435e+01,9.032181342606826036e+00,3.467532391874339037e+00,1.802960243098764792e+00,7.311200070017831365e+01,3.126193703936322876e+01,2.084177381620341691e+02,1.052506021595046720e-01,1.926899576010881177e+01,1.560933142070682678e+01,8.497419921250715547e+00,8.506685833563825838e+01,4.392115405820342033e+01,4.162830551899903497e+01,9.939105467722518128e+00,4.114508054594423925e+01,8.331492342153454445e+01,3.298529163040331014e+01,6.580064723543814864e+01,1.238680324937453214e+01,8.445507560192544005e+00,5.931445136010599306e+00,2.928012055552373027e+01,1.879075085386070487e+00,8.519034483204380592e+01,8.675338931330570347e+01,2.672770024607472550e+01,7.530377131106559041e+00,3.097329075229918161e+01,7.437172265642065838e+01,3.413041863044052437e+00,3.010182365424187712e-01,2.420524369777293217e+01,1.134700606188187910e+00,2.218105138483042182e+01,7.995449197672722941e-02,1.358715198048853701e+01,4.790966067750496649e+01,2.069880791209703474e+00,1.034283941459371903e+01,2.423168445927082004e+01,2.764661933257213100e+00,4.930458764095905622e+01,1.772400628015138011e+02,6.166448989719192042e+01,1.030600725184750530e+02,7.130337675464490133e+01,2.012824536744993065e+00,2.919267078128822490e+01,7.448629622263593042e+00,7.824133918467224191e+01,6.866250356226372276e+01,5.531452699096701053e+01,2.115308549564602103e+01,6.621186090930250145e+01,4.341021713766348711e+00,3.810913400925066696e+00,1.047772641676835406e+02,7.400159205950728181e-01,1.802618035764517970e+02,3.828355885959411609e+01,3.526309137737175803e+01,1.208846030118745460e+02,3.199112099911332496e+00,1.322136372516538394e+01,8.496632811579225120e+00,1.766869296562660674e+00,3.200924632428104388e+01,1.152883423913986718e+02,4.803624580429310953e+00,4.512426936895818841e+01,7.320392062941731126e+01,1.284221605695068158e+00,4.808255069320526331e+01,9.058470466812417854e+00,4.948594887403527309e+01,3.302043370186299853e+01,1.086012591881459066e+01,2.980658372289020974e+01,8.460226856075259150e+00,4.964544898478708745e+01,3.566019526006015639e+01,1.485178413593958453e+02,1.234462998586293914e+01,1.046118553431985276e+01,1.312823733451631654e+02,9.815157716036073055e+01,8.961332719182129480e+00,6.805795484040304189e+01,2.388525943343751479e+01,7.240960736158797317e+00,9.558013415615862129e+01,4.260724919313395809e+00,1.124761229383819838e+01,2.662819242681039000e+01,1.661501608058273689e+02,5.393532062631378921e+01,1.087641425891828284e+01,6.828330122225735543e+00,1.996477819997222269e+01,4.552812092374520603e+01,4.693862933696794926e+01,5.581239874544562163e+00,3.602382033986923204e+01,1.130272332274253415e+02,7.341203355850956314e+01,3.242781572887643193e+01,1.069961545941322214e+02,1.082391623781230692e+02,4.380283537062678079e+01,2.968433380429722135e+01,6.989961777283139277e+00,3.464952263559787582e+00,7.900075302585756276e+01,2.715141348692899825e+01,2.039736596802344692e+01,2.418711305925853150e+00,5.462490601185656658e+01,9.511908189509112432e+00,2.496783604312216553e+01,1.108522526200310843e+01,9.926518962199393670e+00,8.454261191148752630e+00,5.723585126390340605e+01,8.891001536913877956e+00,2.856948914389978356e+01,5.022641990810292612e+01,3.026560729629113098e+02,3.283426339416908757e+00,4.085815065452133155e+01,5.221815540992964344e+01,3.523026862048603647e+01,1.850030987474967503e+01,1.330713479540380035e+02,5.222511549184439872e+01,4.461217825066889020e+01,1.023768623229335191e+02,1.132071778605851478e+02,3.893551753288630124e+00,6.011098980938654357e+00,2.731307244556065328e+00,2.355476235948767183e+01,5.702557162939293534e+01,2.916926975513987941e+01,1.303556558285128908e+01,4.218798614383602086e+01,1.264381959376026856e+02,3.741779923177755052e+01,3.507972145416851362e+01,2.593296251018679186e+02,7.634373681795152322e+01,5.549348035125643896e+00,6.216821814750126407e+00,1.138323303385608796e+02,1.843250930261219056e-01,3.482506057351297257e-01,2.369761371268711159e+01,5.189749973444164510e+01,1.132735075659734179e+02,7.433030626543928321e+00,2.102176456148056616e+01,1.396789468530799994e+01,3.502419829111185834e+01,1.404879846021066498e+02,2.742805577953117222e+02,6.815317443166008182e+00,1.068437685237355872e+01,6.835378637910204702e+01,8.659618349178261454e+00,1.845628445262750361e+01,6.699559345375448949e+00,5.690045363255726407e+00,5.406494916023281583e+00,4.408098027705917588e+01,5.273190076532102921e+00,1.739192579092493673e+01,1.325908926521836122e+02,3.019548600161437446e-01,7.451937444251795739e+01,3.555455928077183358e+01,2.045641446569256630e+02,1.113171357329545117e+02,1.523382996944935464e+01,1.883886014983654711e+00,4.080595230110269966e+01,1.674098988061271243e+01,2.073780758366465022e+02,1.054068372401742870e+01,1.169141302194113052e+02,2.312642341958068570e+01,7.673301854199355843e-01,4.273080937119353706e+01,1.739157770371110416e+02,1.572870451673796310e+01,2.305482309450986733e+01,5.706726947808825656e+01,2.204161368497495843e+01,3.201677366429984062e+01,7.031147162522364624e+01,6.027333975954412892e+00,1.034992970193304451e+01,4.719259399721529746e+01,5.678697334259832807e+00,1.487791098490248309e+01,1.699298824120265650e+01,8.103931351683179685e+00,3.272322750343079178e+00,1.488757640600034620e+02,2.001943994909275304e+01,4.700560711415697313e+01,7.475999378608845802e+01,8.183464056300893219e+01,1.900837681527296041e+01,2.070831261055698391e+01,1.677433679339533157e+01,1.696446854329036213e+01,1.903606636202092375e+02,2.686960001845730250e+00,3.481483871908797312e+01,2.179222761272023661e+02,1.241809775492371415e+01,9.414400418487335997e+00,2.627304100028037936e+00,9.694212624469866313e+00,1.298667219670335449e+01,1.181061936473012430e+01,7.589911141636213188e+01,5.773497524549300408e+01,1.330433284782136738e+01,1.235474521550539038e+02,2.936013570409961204e+01
