1.385970460094862133e+01,7.717848417162770147e+00,2.891108271394262275e+01,2.127671088231261010e+01,3.391099083005838111e+01,1.111794292764488823e+00,5.367507918205483897e+00,2.826317293062691416e+00,4.924405416996592777e+01,1.160930889442588096e+02,1.032668645321706578e+02,1.345758771384606334e+01,6.536309719175630306e-01,3.994350773104236652e+01,6.202452632495641893e+01,3.562630897596188362e+01,5.988132058692280424e+01,1.350912725991755963e+02,7.973673219070055218e+00,1.105815561194617516e+02,2.997513258334512898e+01,6.438436399339293814e+01,8.269793911311209911e+01,4.959816260897401463e+00,7.186123466476722399e+00,1.090406215064126050e+00,6.160585971597004118e+01,3.304032482383832559e+01,4.261440053166683128e+01,1.704337654263835304e+02,3.150220390158214201e+01,2.607984080385086756e+01,3.078258231370057274e+01,4.292777909978756412e+00,2.297888787758435214e+01,9.328407371589021224e+00,7.246338798707677142e+01,2.863112973279089957e+01,6.956398096622601201e+01,1.138165216530134956e+02,8.819333763585893848e+01,1.141748411836624513e+02,3.212441334365290402e+01,4.800097490453146598e+00,2.528151897296067041e+00,1.159448665556962226e+02,1.127537968699158455e+01,1.771926901760500073e+02,1.999409366149543814e+02,6.960198723235361484e+00,7.519620157334135513e+01,3.038264459258601224e+00,1.680272938820410289e+01,4.698198669071191347e+01,2.272101717395488834e+02,1.609256372778452260e+02,6.570309188500779385e+00,2.335277837945157486e+01,4.769515975477410308e+01,3.796724618429979614e+01,1.042777131570904317e+02,5.038719341775255600e+01,1.841460921526418986e+02,1.646649736227520009e+02,8.240312550839725247e+00,1.215401757174485375e+01,1.812285987646724195e+01,4.976141779306554547e+00,2.880638895221139695e+00,1.331097889198555784e+01,1.346579021468091675e+01,1.599579759491265065e+02,3.412759061854785614e+01,2.480221039207656020e+01,3.518579374219675771e+01,8.528982011518079887e+00,8.605233959871040339e-01,3.052495676619163589e+01,5.420258939869512460e+01,3.860124413469898030e+01,5.184062412152790245e+01,3.402882012699572911e+00,2.425678847761510681e+01,1.718556325595446665e+01,2.318735238164681078e+01,7.387422755940262675e+01,5.376941326069841764e+00,4.857120927140648803e+01,8.520042356871814215e-01,1.701204859190051764e+02,5.677529584922965711e+01,4.239634503735499038e+01,2.824445054867737426e+01,2.435675341889105283e+01,1.719191358207483944e+01,6.418448255457066409e+01,4.339224478017885644e+01,7.801302555914786296e+01,1.811338523391022193e+01,8.449112258378017160e+00,8.526935692169432457e+01,1.865447538819033824e+01,1.292732890633472520e+00,3.528880063484117358e+01,2.412743642817943623e+01,1.583791038458325318e+01,2.890613564015698600e+01,5.781241638006719796e+01,2.308578996648147807e+01,4.484385856005709314e+01,1.075000016967052829e+01,5.790420584551033478e+00,6.735050560906314843e+01,7.792444497205366361e+01,6.016625263760992226e+01,5.969749269859953955e+01,3.265367907395620506e+01,2.650147506860744429e+01,1.912291313104099189e+01,1.108992397181427281e+00,2.737427899501640383e+01,4.063010985161125355e+00,2.207203558592929937e+01,2.431105518291515466e+01,2.178438530536598972e+00,2.451771871874391806e+01,1.087518981713539432e+02,1.150020860780095830e+02,3.556843269784859274e+01,4.027522654720321782e+01,1.639483965900113560e+01,2.462317131912174872e+01,4.919036013533927054e+00,6.612553565754960339e+00,5.416942898614771451e+01,5.144052582539238472e+01,3.952199302789935587e+00,7.815547483713559984e+01,4.187581653583518637e+00,7.009081266340757566e+01,3.433945161560416892e+01,2.968846068892343624e+02,6.308081720558455174e+01,1.756898618538913937e+01,1.043325125904821427e+01,1.227779999463397331e+01,1.134593145988772420e+02,1.322485253309105069e+01,9.721744812729265561e+01,4.206335497424340986e+01,3.816475898956694479e+00,2.086356912515003970e+01,2.890303196644885553e-01,7.667004198223949629e+01,3.311795012020035500e+01,2.868788412874742022e+01,9.776980157316450004e+01,2.618844101311198269e+00,6.330952458958097395e+01,1.204547754554734240e+02,5.852024582699457511e+01,4.882184231098086968e+01,2.288412465665442497e+01,9.023216274698141603e+01,4.963384870702186191e+01,5.157638098088438028e+01,7.894689253382689742e+01,1.402255554816798906e+02,3.422733177668035154e+01,4.134144364152137996e+01,1.993604273483834106e+02,1.941180038820768416e+01,1.407186997105568160e+00,2.952075407107378737e+02,1.675002742726974603e+01,2.738643047630415239e+01,6.579627554387342059e+01,2.536457100229842965e+01,4.895616557302534488e+01,6.923191768150486780e+01,1.347745142550345321e+01,9.524969054970740956e+01,2.139139120640470892e+01,5.586956468384720864e+01,7.521102634590288716e+00,1.932920842768730552e+01,1.696936230153596910e+02,1.455231439929869630e+01,6.415849448184776094e+00,8.296196815307500572e+01,2.211317928912307806e+01,1.370660285106086178e+02,2.046123537507419314e+02,8.551638113467849678e+01,1.925097234911150679e+01,1.195059821719547521e+01,7.430891255563119557e+01,3.412057436651807762e+01,5.334781535253267748e+01,9.046082541785467868e+01,1.124199701235163218e+02,1.600205906800340827e+01,4.136939159460809634e+01,6.183346662609591426e+00,1.507862360949450249e+02,7.637513913780964003e+01,3.959477644636905325e+01,2.400203277921115941e+01,4.133679164025995334e+00,6.059649798496202067e+01,1.944091376171499874e+01,1.062463816138963892e+02,1.111487276464981875e+02,6.266053019640552435e+01,7.755187643902904426e+01,1.054045826843528744e+02,1.584213421784989073e+01,3.731055721887116761e+01,1.204116714363010345e+02,1.876898219358479025e+01,8.294222167884786501e+00,3.189567297595345607e+01,4.389995711725325833e+01,4.387428691447623663e+01,1.649349196164415687e+01,3.950935698610685876e+01,2.254397568251640749e+01,4.576926967550740954e+01,2.413857260394946991e+01,1.654425318396376099e+01,1.198968489122073322e+01,6.260590925505509574e+01,1.465157045850548911e+01,1.006572802331879402e+01,5.014655837026294449e+01,4.056524357578310536e+00,1.902983691763531908e+02,1.841922254361176314e+01,1.519077377631751631e+02,8.973883359730104203e+00,5.105717352179095769e+01,9.348960394104419436e+01,6.868246041137453517e+01,3.107305250708087030e+01,2.488004485172823976e+01,1.405317096581815051e+01,1.325365672345566104e+01,5.297442923538508808e+01,6.018230259043929209e+01,2.971905595105710063e+01,1.769743349156175611e+02,4.138685602853976064e+01,1.919669023385211233e+02,4.795359911349390813e+01,1.084025239485379766e+00,4.587184296743544110e+00,3.032042415184558948e+01,3.833181263840109665e+01,4.570393690217064631e+01,3.734162127622660421e+01,1.536793812014343530e+02,1.773576009652360896e-01,3.937162962082374040e+00,6.010898225275482076e+01,8.880745828413216714e+01,2.697195459902533798e+01,1.558169254176991458e+01,2.482539687131329842e+01,4.531639036453164238e+01,4.523588375701384479e+01,4.269336803294300609e+01,1.140724197334037484e+02,2.747818605145440642e+02,9.440254219624634180e-01,2.856706078304703169e+02,1.196571548881004503e+02,1.214014014355612225e+01,6.918951099652515779e+01,3.284448862324528928e+00,3.168668253026407342e+02,3.399613862988373825e+01,3.671744920712796567e+00,3.118447859178795625e+02,6.656986987447842807e+01,2.041606397433870868e+01,3.722596047714463907e+01,1.100986576841076214e+02,8.036286470927663572e+01,1.778267060724779114e+01,2.244327541293603474e+02,7.488741790512945329e+01,4.844521574869233405e+01,4.883046432525778080e+00,1.592381243652806155e+01,4.398611963720532714e+01,1.269432927291920343e+01,1.114560684330078431e+02,4.309081167993068107e+01,2.599573308968301433e+01,1.837655575257289513e+02,4.318005716892233181e+01,1.009832556734289852e+02,6.521874427162715904e+01,4.001512594494509578e+00,8.732587704252556193e+01,4.655389991844441688e+00,3.994196003820104579e+01,1.862681779144465111e+01,4.438249390170200037e+00,1.441675793123247118e+01,7.463561580004211748e+01,1.146082286123670571e+02,6.386598873057717007e+00,1.851120149861890241e+01,1.683347687960314261e+02,1.750408741210949870e+02,1.459364968656478112e+01,2.680602226924925091e+01,1.344652813069783548e+01,2.482792959963266455e+01,2.038380734110875725e+00,1.190675289073019627e+01,2.903208729758230433e+01,1.810762779141034429e+01,1.274754017214195443e+02,5.949594217858242473e+01,9.178315951699941877e+01,5.703118372621602816e+01,4.764217619416394456e+01,1.431357594380830811e+01,3.747342190514351756e+01,1.288523400913098556e+02,1.090149274009179834e+02,1.044410087396753362e+01,5.246263753278262776e+00,3.095566195538214416e+01,2.205234384914116319e+01,8.663886887527640113e+01,7.687517439891303184e+01,9.219073198984489181e+01,2.315627510752262310e+02,8.642486004744336014e+01,6.466923437750905634e+01,1.330435902899701546e+02,8.903065133869402459e+00,1.998754953470232820e+01,1.246840257162928012e+01,4.329777041505349899e+01,2.836190991935481165e+01,1.587911348140775942e+02,2.296712297227838206e+01,8.196295815026404341e+01,6.804390813375390223e+01,6.675542027343192331e+01,4.768386326218604410e+01,1.002925415910666942e+02,1.034187436435661169e+02,1.847162625515889189e+01,7.981198428228603348e+01,8.348190926843381021e+01,9.000463784292591640e+00,2.917632857677648772e+01,1.152677575534755228e+01,6.651687344582241224e+01,2.835166292211475536e+00,1.692906862413476787e+01,1.365066016620928906e+02,8.683778821512954949e+01,9.652857183609599190e+01,3.914135318552113318e+01,4.443871796994437062e+01,2.306587430614700622e+02,8.817354103977550039e+01,9.779924336789191486e+00,1.660629920210019961e+01,5.720566933736749071e+00,2.258461442008669806e+01,2.968839297825054846e+00,1.520368306033327883e+02,1.117577953481490880e+02,8.181233581640600105e-01,1.578266716552514204e+01,9.793668822662256446e+01,8.963283460090734422e+01,6.955456477182164754e-01,8.672875994202414063e+00,3.055640340229721730e+01,1.175111027259475662e+02,6.515210605504533703e+01,8.773906906360616631e+01,4.034948412439539389e+00,4.020508362962149818e+01,6.105620635991542855e+01,5.633536769350116913e+01,1.939461760278689439e+01,1.065161089943314821e+01,6.768692315686352856e+01,6.470418507206409231e+01,3.610851693439141741e+01,1.023528870916232236e+01,3.054421961388873896e+00,4.009444847171533866e+01,1.352247836605212683e+01,1.300985602784155333e+02,4.038206865624125896e+01,4.922910912745457779e+01,2.899124020746668506e+01,1.138727659496657552e+01,9.796071866657372595e+01,1.956690058322433146e+00,4.901368376544885308e+01,2.942456446601319442e+01,1.673689919173598639e+01,8.861962648722082747e+01,7.629130832850580468e+00,9.317910004931535184e+01,7.346636082975321358e+01,1.002064474080005283e+02,1.130571897443432903e+02,8.253005158021797172e+01,8.533875227144073961e+01,1.312844574705988236e+02,4.281029677565619096e+01,2.493963787009606037e+01,8.598167861530477296e+00,2.603022513436602594e+02,5.181926869220875886e+01,3.831200301929957277e+02,6.438582663059891331e+01,5.064925191114276970e+01,8.533383833709963540e+01,1.269153744621831770e+01,8.056824093204896542e+01,4.380667916309292309e+01,1.590511708255206997e+02,1.054931375903160671e+02,4.743908290466068678e+01,3.000758566843508675e+02,3.554179363933318125e+00,1.837264524604517746e+01,2.908189326366062755e+00,6.304828924061289541e+01,5.335880770656678607e+01,2.833651806276328244e+01,9.595735218714191106e+00,1.041076883438842948e+01,1.094061126168318410e+01,3.206408683798049442e+00,1.126225411474747915e+02,1.947563353901861660e+01,2.484478130282815656e+01,2.238797271029486069e+02,6.492239299901441996e+01,6.429208997262530367e+00,1.073384472147740887e+01,3.017127929415306298e+01,3.252095224724544043e+00,9.745210638569339778e+00,2.383581475074113953e+01,1.220910195466778880e+01,5.810183440697628754e+01,6.310387096249429817e+01,1.644584556473295436e+02,4.283326834737868438e+01,6.088682010953497326e+01,1.121318107245121780e+02,8.914233962203315542e+00,1.189542366769625090e+02,4.855469903278554256e+01,9.386113119836510066e+01,1.043404146459485382e+01,8.485547950410817464e+01,4.238160249052443618e+01,2.505746841824587179e+00,4.189529795339976914e+01,2.971073711545002638e+01,7.509939178676097526e+01,1.468238301890083051e+02,3.935287309123982880e+01,3.330049154954426172e+01,9.763157118364517828e+01,3.262734725462152596e+01,3.262611636608504995e+01,6.678168181377685642e+01,1.319200080706153528e+02,2.179524416992670055e+01,3.382826722415674681e+01,4.927255139964633912e+01,6.971788430565473504e+01,4.335342888759179658e+01,6.092982277361792143e+01,7.440162516564127770e+01,4.132929301315913762e+01,1.656244898285955358e+01,7.330570378009956301e+01,6.403751139685753380e+00,2.073357663411134055e+01,1.824585355673907472e+01,1.725331594854591444e+01,1.083599212270084422e+02,8.744509687789843611e+01,3.883739929162110371e+01,2.215322304933898749e+02,2.036523825522422371e+01,2.358922209603293751e+01,2.570127249771399534e+02,3.396355236963876933e+01,5.950246189211077308e+01,1.591123213528533320e+01,6.122083556516315639e+01,9.843133115966902835e+01,4.274684097133842187e+01,6.216559710795976024e+00,6.574387814866308410e+00,3.969016661826017156e+01,2.421407958907820657e+01,2.206612706793820067e+01,3.861863898903268932e+01,1.307498248157794762e+01,6.546875258338211268e+01,1.060741295092550729e+02,1.512526664945661992e+02,3.148307932025140587e+01,1.155830780171802452e+01,4.961988128437190682e+01,1.671103719065580506e+01,4.810170306956323572e+01,3.948867805365577510e+01,5.543667516680792318e+01,3.844591004129576106e+01,8.078288730807624063e+01,2.145746056701622351e+01,3.701225105175889318e+00,1.514955115184577323e+02,5.891292459304872153e+01,3.489684570799450114e+01,2.897761612484737270e+01,2.297302687601763864e+02,5.969540362677301371e-01,3.738179243406408059e+00,9.675053983146420933e+01,1.011168679199849407e+02,1.979673641853457866e+01,7.246964125671688350e+00,4.201415208756464637e+01,1.329728971491695155e+01,2.367816350848207207e+01,2.503576464276491365e+01,5.698213408041580408e+01,5.552164143667531704e+01,2.170764967139603741e+01,2.456445947127810925e+01,1.995608284037571423e+01,6.000070708042777312e+01,1.982026366270814322e+01,1.177111824046541244e+01,1.775014495186877923e+02,9.380548945866587474e+01,3.528792256833948482e+00,2.333238839976279788e+00,2.065591393284091382e+01,4.013923186772316143e+01,3.604936223668207163e+01,4.175022105938758443e+01,4.695395264495454768e+01,1.436900460119927558e+01,8.485791241956273723e+01,2.590483687821030756e+01,6.590402686535072974e+01,1.107795668983358128e+00,4.016796546621222319e+01,6.996287369872996464e+01,2.133534137379260471e+02,1.341510893494041738e+02,1.606747809559655877e+02,1.415012990679578131e+01,2.022420742828040829e+02,5.309197484644237619e+01,4.226186303904903241e+01,9.201896652714741265e+01,5.700389836252194975e+00,7.253161553288060226e+00,6.720741038000463519e+00,1.858516403557829122e+01,1.618391840814799920e+00,1.526010546550768936e+02,5.066113807518256351e+00,4.137362027857697200e+01,5.637910913600997276e+01,6.606782646245063972e+01,3.292807655335100492e+01,7.566635054331774768e+01,5.523428025305853417e+00,8.879149160611247282e+01,5.585164458678980992e+01,1.086404668571118215e+01,1.325258042370082023e+02,6.390264487106236402e+00,2.135503884907068937e+02,6.640098279071808918e+01,1.769893234827811668e+01,3.920118620266752885e+01,5.910145126074674948e+01,1.003499678004740332e+02,3.048594331671495752e+02,1.144236331155648578e+01,1.928072300756866468e+02,2.508018944014484575e+01,3.035885784121322217e+01,1.227796732971263616e+01,2.567264365437676688e+01,1.200549968877082385e+01,1.343790073560572580e+02,2.774348285106135492e+01,4.605186335321540980e+01,1.988375114792014244e+02,4.128684337814399186e+01,1.664031900025721455e+01,3.136097651354280913e+01,1.012727399919726707e+02,1.565733653523916473e+02,6.043242838705076991e+01,2.725082887650386976e+00,8.414281024359605565e-01,3.465613236676392717e+01,9.945218696743138409e+00,3.334057579239616587e+01,3.285274157142830376e+01,1.303841721038677974e+02,3.676974004849864741e+01,2.975489609925940471e+01,1.231425270970687649e+02,5.957783263707725752e+01,4.516620298289100077e+01,5.589402515983418418e+00,1.645939906431798079e+02,2.139584216960539109e+01,4.477620509254850845e+01,4.548485753211111415e+01,2.549786585821988467e+02,1.503088353382926634e+01,2.695039515302600464e+01,6.413683693952211051e+00,3.473857886776670512e+01,2.886618437016227290e+01,1.266154997807463722e+01,1.821007843829046351e+02,5.110374749822637064e-01,3.533484747782541291e+01,6.721925192554296302e+01,3.026347677934232294e+01,1.055803010909323625e+01,2.727608473229036079e+01,5.184842462758169290e+01,8.997977922910128257e+01,6.619584193952718465e+01,1.456556541596546595e+02,1.551499940486705214e+02,1.039345558443963995e+02,5.504512094634893060e+01,1.360568614133349286e+01,2.694828362853520431e+01,4.163031407425137331e+00,1.159163126319237165e+02,8.033345510909582288e+01,4.081946679908829623e+01,9.268491014161777741e+01,5.247068340011458787e+01,2.944450464638366327e+01,1.416267758199324760e+02,1.169394099846267299e+00,7.196064182993495706e+01,9.306771612472928723e+00,3.008950591598157587e+01,6.456439370704336511e+01,8.574629623740605666e+00,5.028603441700950860e+00,5.519253053789626762e+01,1.226468028009760225e+01,6.282662400741899233e+01,4.088370545258975852e+01,1.399708779737905040e+01,1.230631519921921324e+02,1.336480097893893415e+01,8.216240263891101847e+00,8.489817170119403045e+01,6.925297744520433696e+01,1.017846701585114211e+01,1.809834037079843228e+01,2.962750640038778016e+01,4.295125925589793070e+01,1.540961104326781905e+00,1.503879819359836567e+01,5.007759781281876599e+01,1.123657259418308563e+01,1.068768394700654625e+02,2.549087263481169785e+01,1.118424795189064156e+02,7.873769675317835492e+01,4.411097595512472225e+01,1.459216476202807655e+01,3.024781299556060787e+01,5.200905627323570712e+01,1.340804537881028295e+02,3.338609229227767372e+01,6.585704725123569858e+01,1.117552483252083739e+01,7.144155093416641478e+01,5.078031157237091975e+01,1.438777686094500723e+02,1.263077445166948820e+01,1.186331892722104442e+01,1.059749313961342132e+01,4.380155672316244697e+00,4.303279565975131504e+01,2.010687156890902472e+01,5.965531560698575042e+00,8.366326762581388721e+01,1.011854018290294732e+02,5.832612714439744650e+01,9.500024918908384564e+01,2.670242029465776312e+01,7.773424533436178763e+01,1.056252371989999084e+01,3.210636285905606968e+01,2.302265891336233494e+02,9.198430577008110731e+01,1.564742837312090451e+01,1.535421908498437205e+01,4.234817276056660518e+01,4.608870344103387851e+01,7.506378607621408960e+00,5.114195711633016828e+01,4.683096981776386514e+01,4.145015010962017499e+01,1.193260212693709690e+02,7.729406201004303512e+01,9.419109725292372559e+01,6.553016101404976723e+01,4.184224116307249375e+01,1.856515834515541385e+01,8.542564801664640584e+01,9.848631082664438452e+01,2.218293351234738608e+01,1.081773357514768286e+01,4.924694635073311133e+01,1.616050093790427911e-01,1.124791961144735231e+00,2.636875238492631723e+01,7.656428277199972854e+01,4.990988628645802549e+01,8.794833817597817927e+01,9.018810875386213510e+00,1.422941539579056496e+02,6.870123942350362256e+01,3.676744215830844809e+01,5.592757444214199403e+00,5.527666030652504503e+01,3.379876956019479195e+01,1.057942513788589025e+02,3.855481574428606173e+00,3.083622709492729541e+01,3.963671530870311877e+00,7.555670132417210993e+01,5.755902796576258851e+01,1.149506823867102678e+00,1.938512354452043667e+02,3.744218890973902347e+01,1.694016849596291863e+01,6.822470284473395452e+01,3.213157261647236851e+01,3.611223726547587631e+01,3.747015263213348391e+01,6.646548979094545473e+01,1.662298507252361901e+02,1.823576535637034013e+01,1.494519147352059818e+01,4.630075011051836498e+01,1.830694489105041782e+02,9.644948427763135612e+01,4.156734617279433763e+01,2.139908104189273885e+01,4.726177553204730231e+01,6.909424312053387496e+01,1.415535987018331525e+02,3.674571705442830449e+01,1.062476049309880608e+02,3.244484222530686424e+01,1.443254489766534654e+01,8.877091816779397959e+01,5.437312250423059368e+01,8.169251804571251796e+01,3.954837789770448353e+01,3.996499524501557321e+00,2.832567092073062653e+01,1.973701115475975243e+01,5.089218227249011051e+01,1.624048043863606665e+02,2.283140236078125440e+01,9.852964812154269225e+01,2.031160418045099547e+01,1.660114936667960990e+02,6.169614177459044946e+00,5.947667111080470903e+01,4.586647820479293536e+00,4.974032348909559431e+01,1.714252118684762349e+00,5.899937709649093875e+01,4.978233977126725662e+00,1.808909623905676867e+01,3.240602015587536755e+01,1.959532388553784870e+02,2.382723344996419428e+02,2.648003154551137683e+01,1.706186779847225523e+02,6.746999259570101515e+01,5.588846042914114065e+01,4.312255762641810719e+01,3.143530350208770585e+01,5.178428440731432403e+01,2.482077513354184362e+01,2.835678836607611686e+01,2.893919090297459107e+01,8.793403378936559989e+01,7.470260384585587587e+01,3.086583328723148156e+01,1.022739451662456531e+02,3.493493421339717031e+01,4.354042245748878059e+01,3.084787043022636155e+01,6.422583956627848067e+01,1.069838058911244474e+02,5.830325266798177353e+01,3.875937384522967477e+01,4.760580448491814565e+01,6.912314372916240757e+01,9.765132573889205503e+01,3.890867122989351401e+02,5.269919451211038819e+01,8.499412675476436618e+01,3.869882689979285750e+00,1.070218375513771569e+01,5.683715053602363554e+01,2.424965996184295491e+01,1.772232692741162552e+01,9.473384265830470952e+01,7.879047852670504426e+01,6.610934921589866065e-01,2.465389779116298996e+01,7.497020922224636763e+01,1.227853827781444096e+01,1.355900558107583542e+01,1.716624196119445500e+01,5.209354725267511554e+01,1.731305780224728608e+01,3.582280562671391166e+00,3.024691266083690433e+00,8.936969320747223833e+01,5.059505674870957925e+00,2.605860912080097691e+01,2.285438434764108706e+01,3.654506917389539211e+01,1.299180459775497631e+01,3.543452643905507671e+01,2.506157377963893751e+01,3.301640470195015098e+01,2.482168869319412963e+01,1.618872570317486748e+01,9.624593602148001992e+01,9.886954163177448152e+01,8.163066695701873243e+01,3.370035355773502062e+01,5.390441824043499963e+01,2.631657410255022977e+00,3.295918598391556653e+00,2.437288287769226258e+01,3.503084842517911568e+01,1.589813584747961883e+01,4.286288257784001132e+00,3.471907005155356440e+00,2.226869155662240374e+01,2.143441037245611653e+02,3.056415147415451727e+00,9.907557872400543886e+01,1.021097817674375108e+02,1.325275876295177397e+02,5.220818802069366171e+01,5.410225357177466066e+01,3.537722818726339824e+01,2.939903125054370747e+01,1.735742442952990316e+01,1.540969886448826998e+01,1.431260762309879340e+02,1.314662688786418343e+01,1.575660715990917708e+02,8.093294351958861910e+01,3.851743700789113944e+01,1.913272773009757088e+01,1.373047199395438334e+01,7.193622467337327464e+00,1.324087548336225106e+00,6.273279916555075886e+00,3.639725922591924245e+01,5.762684209201119501e+01,3.023096002644955860e+01,1.902417974635070834e+02,4.362072419150246105e+02,7.760602645619256634e+01,5.169729892021410933e+01,7.270917360275950614e+01,7.396653809563231619e+01,1.789128926818406455e+02,3.802925686808982686e+00,1.155868057336134171e+02,3.796020648930858332e+00,2.338211041620769848e+01,2.943351511484061689e+01,5.023059024745331413e+01,1.057507454422373030e+02,2.475020189239718249e+01,4.760789358628395718e+01,1.619905709522462800e+01,1.728604757968629357e+01,1.152509979453662368e+02,8.400522350709211139e+01,1.292976464139659321e+01,1.947067431549300238e+02,4.274855489111111240e+01,1.058538198816675475e+02,2.265124025657713958e+01,5.863736669978368354e+01,2.454010054987206786e+02,9.323122815639892735e+01,3.364872109412705470e+01,3.590884962559562865e+01,6.878962359474387256e+01,1.601165135707131810e+02,1.659705053227509381e+02,6.063443214234052903e+01,3.111634089449090013e+01,5.102583427150212714e+01,6.775660715451854799e+01,3.382290938098340405e+01,6.315319224648916219e+01,3.322670138004357909e+01,2.842061289691351433e+01,4.218506353905195283e+01,1.141087815483881514e+02,6.397539643444049240e+00,3.105001849741210407e+01,4.915850950569539890e+01,3.007914217526984046e+01,8.204642991770045057e+01,1.473829076331900900e+01,1.523963267762241003e+01,8.094849900747676941e+01,1.326746758413220846e+02,2.239864277168308604e+01,1.081347795175922641e+02,4.366100198121235820e+01,8.143573469538409881e+01,1.406277102329199806e+02,1.633042885213335538e+01,8.202145681173274028e+00,2.861610092911281100e+01,2.693751335793113100e+01,2.085646721598005797e+02,9.039386353645838312e+01,7.142925865025978815e+00,1.421822500286478146e+02,5.381672804850617098e+01,1.864921759943451818e+01,1.755974205242763730e+01,1.193674653011197329e+01,8.098855668830282184e+01,1.794922332659443009e+00,1.341227415391792022e+01,9.832670065772556711e+01,5.785151662788358351e+00,8.902248369837322173e+01,1.597905162160541011e+02,4.194723351089665897e+01,6.415774569955432582e+01,4.354440740222025141e+01,1.933227439678494264e+01,5.804173056301258526e+01,2.638266506155730085e+01,3.720029667225475833e+01,1.464431272551758134e+01,2.882587579801608513e+01,5.029481875350598585e+01,4.774098821290745143e+00,2.442993319232574478e+01,5.992791418831831152e+01,1.138695203215824669e+01,2.247042469474095228e+01,8.357144317889579455e+00,3.375509731220591725e+00,1.240657280278492003e+01,1.662711838320518893e+02
2.513599897841820621e+02,9.394247552048695127e+01,9.619709641381570364e+00,2.702474887901462921e+02,2.927511589166837425e+01,1.462595690324190798e+02,1.562277805544273122e+02,1.929057512682877871e+02,8.082087662181692167e+01,6.479530677384671833e+01,1.519479777335929498e+02,4.247113443775060091e+02,1.100131260448578896e+00,2.085819526615601305e+01,8.018991002310642102e+01,9.091358064989692878e+01,1.400809583451928404e+02,1.494834308392875073e+02,1.876116468783461357e+02,1.194786615234066716e+02,3.087137234501099101e+02,1.526280753291609926e+02,9.675251272050574869e+01,1.072361247370724868e+02,5.639247434017030436e+00,3.000133020965552433e+01,1.273135897041616857e+02,1.736475351876350999e+02,1.381997793499683098e+02,1.251672816377385544e+01,1.957373094191703160e+02,1.498174272303639611e+02,7.416775981008498775e+01,3.183757253911643943e+02,2.197644617828277376e+02,4.964450988220023220e+01,9.284923674465657939e+01,1.668755939641057395e+01,3.538629331181723359e+01,1.723844791012169253e+02,6.968356325695145870e+01,4.396062617296050234e+01,1.626623079538728405e+02,2.448539928356055384e+02,3.627903007983685768e+01,2.296964828319841274e+02,1.633995063672591357e+02,1.262172314966089317e+02,1.727372921486142161e+02,7.054343255032181048e+01,1.178467914280649609e+02,9.479709731448108911e+00,1.630222137163486025e+02,2.037721442692793516e+02,3.399627135907486331e+00,4.040373076678302056e+01,1.226586894471132005e+00,8.676606686816315062e+01,1.783611443015010707e+02,2.802030740869323608e+02,2.557240448775876374e+01,1.336156138574688335e+01,6.431805320207266163e+01,1.140554218244069240e+01,1.350383360049602572e+02,1.057610574368202094e+02,2.853589552269688667e+01,1.637707974831444062e+02,2.341637045800450210e+02,7.793389646888837063e+00,2.289480385982645316e+02,1.169500382262844767e+02,4.375080103037018375e+01,3.026534232827336268e+01,2.617761742875288067e-01,1.038071766761775052e+02,2.924458524249747029e+02,6.885615917959923138e+01,1.050268268977843746e+02,5.259537792726217731e+01,2.698959354571319125e+01,1.423907306423299417e+02,1.282904374223533983e+00,3.371699758282169910e+02,1.831136383362948834e+02,2.816238341125807310e+01,3.280755389154291493e+02,1.174659472944147751e+02,8.070174297182479251e+00,2.843879829742405363e+01,1.168532568796447890e+01,1.559677966064297721e+02,9.957008285626768895e+01,1.377754478397034177e+02,9.903197519354479539e+01,2.150443740637277656e+01,1.006968160897464912e+02,6.011379621774972293e+01,1.607611066720884594e+02,2.353337970023539338e-01,1.373030247105720036e+02,1.790469677594270692e+01,1.464853348118023746e+02,9.168895549925957766e+01,1.333217978680683302e+01,9.762984618595267250e+01,1.260458098969893399e+02,3.853695752415844566e+01,9.043654708572181278e+01,5.062830352876900974e+01,7.079862528058947646e+01,2.425958729938551528e+02,6.999639603025912038e+01,4.246104394036927943e+02,9.044615257018045895e+01,2.981836634280260157e+01,5.629569555798268254e+01,7.383561240181052199e+01,1.257581608504971058e+02,1.459493108956276615e+02,6.436878512271115937e+01,1.321569069987337741e+01,8.244294434177115605e+00,4.413773596396942622e+01,1.671689152975665422e+02,1.015694812377608613e+01,1.270497098040861772e+02,5.979469949648137117e+01,2.246655332396273863e+01,1.592723888400284409e+02,7.535427533537378508e+01,1.471645569234232198e+02,2.978270375799398550e+01,2.998853670305163632e+01,1.001165704643423169e+02,1.795813929151168864e+01,7.062547651604161558e+01,4.392336814958361657e+01,3.729511113958701429e+01,3.205897202647413025e+01,1.122038457070978268e+02,1.793259595903220145e+02,3.916664035237586745e+02,3.285405078366310505e+01,1.905036234213083901e+01,5.195949261829397159e+01,2.150408588678255910e+02,1.139057649989270402e+02,4.779756590183360032e+01,1.373532423289170197e+02,1.794967738541675928e+01,3.642820837185737304e+01,4.119694285040026216e+01,2.772216095087838994e+02,7.877181107984300468e+01,1.601424722967886183e+01,1.092696164934494441e+01,1.202352495497426048e+02,5.370599610773943766e+01,5.482641282142675543e+00,8.512984349844600729e+01,1.409983590512848366e+02,1.695185623582179346e+02,3.402104688135563606e+02,6.814989659424645652e+01,1.286176074299159495e+02,5.932891411767190704e+00,1.395444521196547498e+02,2.338049716018235529e+02,1.449028764352430017e+02,5.596232430402778846e+01,2.732835443797938169e+01,7.521954627108745406e+00,1.634682839631509808e+02,4.440733449778461406e+00,2.419176819573388570e+02,8.641430881409421261e+01,1.632815246425640225e+02,1.946717010841290119e+01,1.909011094131219863e+02,1.123791011895988134e+01,1.206853834148117812e+02,5.378519650233698712e+01,5.924429814365892355e+01,1.137654978944004540e+02,8.597346254660108400e+01,7.070951504799219833e+01,8.311873982699709984e+01,3.855331841749074329e+01,2.085084230348522567e+02,7.821533393939883894e+00,4.542974308729534272e+01,3.977248770951852919e+01,1.534264403148289375e+02,9.742339116192637150e+00,5.905330169383220351e+01,3.147504887705903442e+01,1.286607166200324741e+02,1.933082980630176451e+01,8.279978119144173832e+01,3.437874769958735044e+01,4.418696417115145714e+00,1.721967604442514244e+02,2.918866604463735026e+00,8.148893357884661270e+01,5.133069000230605639e+01,2.262692309097612409e+01,1.690035886196202171e+02,2.584216148123980474e+02,2.363553814328588203e+02,2.166285375781211897e+01,2.849591409992882518e+01,1.473042452763321535e+02,1.287229525660473257e+02,1.846429928824748856e+01,1.112257740651128444e+02,6.616543608346161420e+01,1.424634100878381275e+02,1.766030909965030844e+02,1.564623490025440056e+01,6.021849518581510807e+01,2.624303983782959904e+02,2.232862389006975832e+02,5.611127521454044853e+01,1.519531221972236494e+02,3.336014965527645586e+02,1.560505765301877830e+02,1.144482942841164999e+02,9.470701674477989229e+01,3.064236834886435759e+02,2.674713009462504942e+02,4.625065661732777045e+01,8.613894552258558690e+01,5.944713229327696524e+01,1.357303067654089261e+02,1.741112434292802220e+02,2.490511952902727160e+02,5.822398509828467894e+01,8.213194761943780620e+00,1.201202121055618477e+01,6.934522063242108736e+00,1.729699693034114318e+02,1.312997845190620971e+01,1.792747434456515805e+02,2.553229464236745798e+02,9.064134699835351228e+01,1.979407341579384365e+02,2.014769553910125808e+02,2.467970577144530182e+02,7.327865420662737961e+01,8.059048389967918169e+00,6.970155017342078452e+01,5.443043442540861321e+01,3.747147253839492720e+01,4.934751057663611817e+01,1.178717491152609256e+02,1.678881632262882206e+01,2.069430025837991494e+01,9.707281992057266962e+01,2.377753337523051869e+02,8.429709299604957096e+01,1.678404677540357568e+02,3.527474760488348124e+02,2.345618465456496722e+02,1.249804183921229281e+02,1.060333759528969750e+02,1.788421391626823365e+01,1.614222723056614939e+01,1.492139388430844633e+02,1.230603392844132173e+02,1.025021933293474916e+02,1.889749806967840016e+02,2.231544952123732912e+02,3.186527694167778577e+02,4.832483778729418589e+01,1.255448220307877847e+02,6.080100879514454704e+01,4.297478001527899778e+02,9.782868471147210698e+01,8.830610878701703825e+01,1.921372813057988367e+02,1.217758905309288906e+02,1.678244484726840540e+02,8.645401298386025246e+01,1.662482272166806752e+02,6.566943357942781745e+01,9.222963591036010200e+01,8.903857117505765473e+01,4.194629778810088538e+01,1.123076885410851702e+02,4.426505611958474695e+00,1.051739011592414528e+02,3.420683469161317021e+02,3.564818977981843773e+01,1.119713805321626410e+02,3.304674414148882420e+02,8.886803745442135494e+01,2.464338499034399774e+02,3.951281242287129913e+01,1.701797049528329353e+02,1.973375848055232495e+02,5.203144695349407556e+01,6.515864685213160534e+00,6.210503531696524249e+01,3.545764671131170331e+01,1.523231699460569359e+02,9.268694012709482877e+01,7.965227209572684330e+01,2.285067524274467132e+02,1.193164730562195928e+02,2.249466304593144272e+01,2.250087789848895348e+00,7.005600351606923937e+01,2.271269980135763262e+02,1.089519869058385524e+02,7.274150187234317855e+01,2.133788425539385969e+01,1.496412877489588027e+02,1.243152944547387619e+02,7.962625894458389553e+01,2.218584353184359088e+02,5.534664999710345512e+01,6.771411734164003349e+01,1.314705095540626019e+02,1.049727501879949756e+02,3.072299972252636167e+02,1.628437368980940292e+01,7.132237399713930870e+01,1.651206775004078224e+02,4.374937595871280394e+01,9.218044620749761009e+01,2.048961755205706670e+00,9.130764921471538287e+01,1.328281507046182526e+02,3.092964051123451554e+02,8.560524962883035016e+01,9.127338585038695840e+01,2.071985597597114008e+02,3.193675264173728578e+01,1.583064557256882665e+01,3.702452152485182069e+01,2.945574403976945064e+02,2.442340605204751398e+02,9.574564586372821395e+01,1.424525531738652546e+02,1.740056990896036737e+01,7.852943778902867678e+01,2.497667162781985155e+02,1.205270435314508291e+02,1.230722145408543788e+01,3.808638393315511017e-01,6.139014554982643546e+01,5.648254566120956888e+00,1.107934262702708850e+02,9.365211307765754611e+00,1.006957934367613348e+02,2.314276574505790407e+01,2.193209797605340938e+01,1.219300924058262581e+02,3.699497671907931817e+01,4.006732247707959438e+00,7.331141065572714410e+01,5.390380894136471568e+01,6.467798097577323801e+01,1.660630672520249789e+02,7.115579664246060076e+01,4.124365687953885384e+01,1.665096478124075077e+02,5.197332756635815798e+01,3.470973042850620516e+01,1.372118484307951292e+02,9.987184242641582443e+00,2.550671388523496930e+01,2.961891879282463833e+02,2.052105345257068620e+02,2.889553393156102743e+02,6.744262160091791714e+01,2.808550343707744901e+02,3.673138011720421332e+02,1.740553273741609530e+01,2.285840683735551977e+02,1.969494659131841274e+01,7.885112475474409166e+01,2.663938909115742248e+01,1.675195911716969306e+02,2.177206844768359773e+01,1.258154033798721230e+02,4.108112172081255835e+02,1.622474894012596849e+02,7.080305943529550916e+01,4.313506632646536332e+01,2.218304955921379928e+02,2.986436301983929553e+01,1.751998207601905904e+02,1.851629467149011532e+01,1.594600665283165313e+02,1.570410139909445775e+02,1.631868159397663760e+02,8.176838197274948072e+01,9.560403537663067652e+01,5.659564884387238237e+01,2.190265278679600058e+01,1.895358134877559735e+02,5.496880660965902621e+01,4.189414559578724351e+01,7.894603238031406534e+01,3.824385926144721992e+01,8.068380799306213191e+01,1.335815126435467732e+02,1.427766031047223976e+02,2.425235842354180704e+02,7.773239286196943709e+00,5.383966441374300871e+01,3.540157866420592114e+01,2.652454223418688173e+01,4.237729852637336592e+01,5.231341510653012250e+01,3.578875690193183345e+02,1.626557890300560132e+02,9.427788581748285379e-01,9.294297360622762483e+01,1.920948892947731963e+02,7.671856368327553355e+01,4.132663676933350416e+02,1.057977906033539170e+02,3.528427281436437966e+02,3.735336252692753334e+01,1.695238653632574710e+02,8.013850351331324617e+00,1.194918609754817709e+02,1.429289615808319809e+02,2.476818873637736562e+00,5.143820797390921129e+00,9.513323160382286403e+01,3.017102554021212200e+02,3.472301644788804253e+01,1.998725370841200899e+01,8.068176493651900216e+01,1.415324134847259359e+02,1.570738777583146657e+02,3.997321204574259923e+01,1.970534611591369867e+02,9.901161006914403373e+00,4.151828895502965366e+01,1.327946425021900723e+02,3.278787844380997285e+01,2.654285499950517533e+02,4.772741022449090309e+01,3.840562696539979015e+01,2.507796879507338588e+02,1.432871697499396362e+02,2.305503141669535125e+02,4.403863909608858762e+01,3.162974897328144408e+01,3.900613642155385463e+01,1.278085652998734929e+02,1.058261321741761094e+02,1.281070310812208106e+02,5.371735179961294193e+01,9.804270700187625209e+01,2.212312642496939930e+02,4.950624626894487079e+01,9.816593366942521826e+00,5.372283956321820142e+01,3.528656068592844974e+01,1.194345222982455681e+02,2.795390878669651613e+01,5.553022640623978390e+01,3.694119879009826235e+01,8.349534681779473999e+01,9.810660506368138556e+01,4.953155119322361344e+01,1.297896472550172291e+02,1.875632521227835170e+01,4.224812165864290847e+01,5.035658106760671160e+01,7.154229155881034785e+01,1.562348285873042641e+02,1.327057780211226934e+01,8.397486831821723285e+01,6.628711690021235370e+01,2.801809621574357720e+02,8.607063244214866415e+01,1.194304171132226458e+02,1.699336974819794079e+02,1.263064037398476991e+01,2.979231504614744352e+01,1.945711049355171269e+02,1.236276890701643225e+02,2.675440420837969100e+02,1.344427206208578411e+02,6.958372341446155929e+01,2.557853196876613424e+02,7.737177263861156007e+01,1.076091623628556846e+02,9.882363741779242616e+01,2.071849354596955379e+02,1.808813782200207925e+02,9.313833747637788463e+01,8.640428085792837720e+00,6.503765251069938635e+00,7.480659935852570186e+01,9.302396082158979951e+00,6.336254962572404992e+01,8.902223724398491811e+01,5.832820525809512446e+01,9.411741259433837570e+01,7.325739025145503547e+01,3.432729171695605430e+01,1.929619953892160709e+02,7.867853432690172610e+01,1.304085841210575580e+01,1.697379528021755561e+02,4.686004862407613558e+01,4.567997481490003508e+01,3.185714243221243009e+02,9.846785155663320666e+01,1.963995516312856537e+01,6.493776275796656705e+01,5.209571597341024329e+01,1.156828643199443576e+02,2.132516329482290303e+02,5.115233175827079037e+01,4.824939335416133446e+01,3.992721140262681701e+01,1.295930848809815927e+02,1.636262515658245036e+02,1.028537024761405974e+02,1.932635946954961170e+01,1.354133891868420108e+02,3.038990462641515364e+02,1.725412249162114904e+02,1.365308336842767574e+02,3.396005637612689299e+01,2.423556775256516858e+02,2.214765340985033788e+02,6.610554149118391365e+01,2.389184685105064432e+02,1.592462936534492179e+01,8.148104020483226861e+01,1.139112145416699065e+02,4.516772647800031137e+01,2.463994558884627111e+02,1.926324843850202626e+02,1.169412609903022239e-02,4.317437926403626847e+01,5.062019668543059225e+01,9.078936616427743900e+01,4.599221666094798877e+01,1.358809104964492747e+02,1.451489865336995138e+02,1.912516547966453402e+02,3.949833369822198392e+01,3.487302774779997776e+02,2.369972108991672428e+02,1.898053133797419534e+01,2.001057418546000974e+02,9.147915962393710743e+00,3.375195182459538756e+01,1.986442365668201830e+02,1.074246398040844355e+02,2.694578445537253231e+01,1.248505187195591937e+01,4.410707360582691905e+01,4.609567646942478092e+01,1.751530446658975109e+02,2.492407055021445217e+01,1.762653504384232122e+02,1.107774744689590385e+01,2.144610926770950599e+01,2.431382405864034126e+02,1.138309119179748450e+02,6.594687513599667206e+00,1.147534771038803285e+02,1.693638000906534558e+02,1.050868362642917901e+02,1.120139505907488910e+02,9.487899641152675656e+01,6.237077651472153761e+00,1.496856838418965481e+02,4.396833862878387578e+01,1.953254267601195338e+01,9.438248370151926281e+01,2.919582597603963450e+02,2.067538828355657472e+02,1.238220604403478475e+01,1.658142069156566549e+02,6.666534211959076117e+01,6.949890442218254805e+01,5.008267491087690537e+00,2.378225179390762207e+02,3.574158436835188581e+02,1.284829280428010350e+02,1.476202384277315787e+02,5.733450508102257537e+00,1.085218743562249522e+01,2.071984584984811590e+02,2.537926337097065854e+01,3.385313391865391281e+02,1.201400792756129476e+01,1.221193393900460791e+02,1.071323189539843810e+02,1.272481362219158427e+02,2.714489239458646921e+02,8.900588214174561585e+01,1.266886575767142773e+02,1.439069845359865241e+01,6.330445399672633755e+01,1.911438341827528120e+01,7.194320616296052151e+01,6.634116702487476402e+01,1.417868789964568350e+02,6.036954762269025565e+01,6.262195111165389250e+01,2.005810303195518998e+02,1.174793957173415322e+02,1.519075398957326968e+02,9.534649735645763258e+01,7.604968326116841126e+01,6.661818175630574324e+00,2.793748836367411172e+02,1.489649948601804113e+02,3.393171039293784719e-01,2.479442727262416568e+01,1.673869947717156492e+02,1.395269434121560721e+02,1.661750573818247005e+02,1.338610316313588839e+02,7.130732172641430111e+01,3.001427861853397872e+02,2.363127781783779824e+02,1.515392210253383665e+00,1.056007169263899748e+01,6.087577064126455895e+01,1.805431444429066516e+02,3.926227005200659192e+01,1.652776266305395154e+02,2.313684657687974493e+02,5.111038337884779281e+01,7.090839254724103569e+01,2.474393328895874618e+02,7.712913426686097473e+00,1.240283062306795756e+02,3.061909807376975436e+02,9.384048542053518815e+01,4.012762854851825711e-01,9.286213400062915468e+01,9.560367942099274785e+01,2.289846718799104792e+02,1.883593900385083586e+01,3.143794578941534112e+01,1.293041658657350297e+02,1.933561798167022516e+02,7.874035137651640071e+01,1.229514024743856737e+02,9.579449016009874640e+01,2.335006563346940140e+02,3.630342863202790937e+01,4.573644323336679030e+00,8.659763285899940399e+01,5.159424549521077807e+01,2.102667413605507818e+02,3.086430958903921962e+01,3.038977808710678232e+02,7.678773498166185618e+01,8.851435319313024763e+01,1.273427662193336261e+02,1.217651891230418926e+02,2.302833743647349252e+02,8.730822811947695072e+01,2.046105209173294099e+02,2.337401718144488996e+02,6.758528547103934159e+01,4.402564322156749199e+01,1.779293886505394795e+01,3.643676686292059799e+02,4.720422727246028671e+01,3.462118493170505076e+02,1.092285894783012736e+02,1.231031914963318741e+02,1.265793725445094111e+02,1.057415760127871494e+02,3.005856830740698626e+01,1.178516127902891526e+02,1.400267529647579750e+02,1.338241350677719943e+01,7.263934171065373846e+01,1.202303897717706604e+02,5.634586372910178653e+01,1.168020719836064281e+01,2.711757212974862910e+02,3.048649266132705904e+01,9.321295227538983852e+01,1.134580703178214662e+02,7.968727903993874406e+01,1.110532716774805806e+02,3.689224222546247489e+00,5.089828499290396380e+00,1.859138182435796409e+02,1.819713211316698676e+02,4.423737546587105953e+02,2.168128544045698050e+02,1.280548769293405371e+02,2.163400291645831999e+02,2.184734494795029605e+02,2.029042762639064961e+02,5.028766152128242339e+01,7.155495489229721784e+01,1.413716676958335654e+02,1.389144769077912827e+02,1.999811453308731002e+00,1.759316534993578784e+01,9.330582210997771142e+01,3.339162154380260716e+01,4.351064658582944134e+01,1.269152753076177618e+02,9.337545540142714628e+01,1.996250089823655856e+02,4.139194477594499944e+01,7.769002568994204694e+01,6.993953571341739917e+01,1.269396833339661299e+02,1.148860727834055382e+02,1.096033540480408988e+02,5.156280698342477109e+01,1.274743460863278841e+02,1.065642384576717916e+02,2.723710798672764213e+02,8.718601981849390370e+01,9.062591220742247344e+01,6.479664635927825600e+01,3.123804115609372616e+02,1.397977301920009729e+01,2.360117157372081351e+02,1.628684775736670360e+02,9.623347145358839327e+01,4.509388811548192422e+01,1.544121594173381462e+00,9.974713883322068853e+01,5.282772130923930831e+01,1.276815479597243552e+02,9.371412831439942082e+00,1.773380486972308745e+02,2.690646385117398722e+02,1.711988532885087011e+02,1.778610547050355137e+02,8.017534302973621152e+01,3.925011915186978939e+01,1.609999350579812472e+01,8.214816975273608080e+01,1.298743508611729851e+02,5.393774468532578226e+01,1.032500685350214376e+01,2.434430095570685992e+01,4.928359577674233805e+01,2.205524702564938195e+02,6.260067867336547920e+01,2.089486398082805465e+02,1.772916678503995911e+02,1.125251695541064265e+02,8.850187850427644776e+01,8.696350363932891980e+01,6.879241453807730977e+01,2.259636769491482511e+01,2.625656570863867501e+01,2.137604572938179217e+02,3.322592742269257826e+01,6.919656847244468167e+01,3.540044094306416156e+01,3.594073011867234868e+01,6.694799828636117667e+00,2.090603899909698749e-01,4.652923763200553964e+01,2.113184842019086318e+01,1.824187253911155793e+01,8.039184383612393958e+01,1.514461217769529133e+00,2.637258756539865701e+01,5.712755551906717244e+01,2.402765021723825711e+01,5.841889508546201881e+01,4.137652580304418279e+02,3.801141647000524131e+02,3.077353371367710011e+01,3.068867056341547936e+02,2.503645000208090039e+02,2.520520704992048877e+02,3.811899401063032542e+02,1.181443379062818906e+02,1.148966520149541282e+02,2.660283554576283791e+02,2.412037337177199277e+02,8.501645152703888186e+01,1.309152014461639908e+02,4.198213148548416740e+01,1.555781899865692708e+02,1.426321535630062556e+02,2.585169094226928621e+01,1.661942695564317489e+02,6.999585831927623758e+01,2.779814346784587542e+02,3.520961204418498625e+01,1.882246033143849502e+02,9.417083870724643191e+01,1.564908060063574453e+02,4.004686620081492521e+01,1.354469679329211544e+02,5.196840381560119937e+01,4.461505411954947675e+01,1.160149908180743097e+02,3.473287902216326994e+00,2.812911713861513263e+01,9.494457789319621099e+01,5.819041974031031117e+01,8.825291134021041728e+01,7.200660398275756791e+01,1.326644204667380045e+01,1.615566280176512919e+02,1.194132407738126602e+02,9.134461851391211695e+00,4.015306790383925062e+01,2.680210570023568195e+01,6.733346292533283872e+01,2.431446314799277388e+02,1.665737246782844920e+02,2.727070495967612374e+02,3.310605125503782915e+02,1.191470133337587498e+02,1.873326309240425473e+02,1.254655747275899671e+02,2.655016226167656512e+01,4.562251189749608926e+01,3.175020062470590787e+01,6.333477177102091105e+01,1.317302880893739925e+01,1.863991525488683010e+02,2.475048740095257642e+02,4.341985384733248310e+01,6.842025309344029438e+01,1.732866293308319143e+02,1.716945940472311065e+02,1.454976846652302491e+01,1.591118214262344281e+02,2.467739819466081315e+02,2.764405240575859466e+02,4.461111134727637051e+01,2.207268153826265404e+02,2.202627138256181993e+01,1.623537028082938889e+02,1.887507268981825916e+02,2.587930195921410927e+02,1.323474914280787118e+02,4.406304845868108444e+00,1.170155394711088235e+02,3.720391644646461771e+01,1.747819245601340299e+02,3.343733100789246748e+01,5.138724814549239994e+01,1.463272614235849822e+01,9.333127990374451599e+01,7.198861297009217708e+01,2.284562689277467769e+02,1.812887432732003674e+02,2.263250163990513784e+02,1.208508199346360215e+02,5.721064195727095836e+01,4.682850033361972208e+01,1.306763573845386190e+02,4.510401164817061925e+01,9.850858527680175669e+00,7.292755631490264534e+01,1.148161096084573103e+02,7.238939918399206874e+01,3.458040874290175992e+01,1.141383386533090061e+02,1.710981606272911222e+02,1.681628972382668152e+01,1.447331504870633268e+01,3.071742367343904903e+02,4.158850526481304399e+01,1.649026634008330063e+02,5.895880934028102160e+01,8.324586305410777243e+01,1.857383920335057610e+02,2.144810125578561895e+02,4.053029436295992838e+01,3.352004877774370328e+01,5.790950404660731010e+01,2.296783200284701252e+02,3.635839239868607251e+02,1.298960606066515595e+02,2.322914680942642107e+01,2.698816882872569067e+01,6.545218662407519616e+01,1.241845268509041773e+02,4.331617235804039723e+01,5.612787812735389537e+01,7.093150671998058954e+01,2.487076642555450334e+01,4.349513792914379451e+01,5.866668686461167681e+01,1.189477227516460722e+01,4.642375102972337686e+01,7.614112062370887202e+01,9.980251772376880126e+01,5.796819627381772477e+01,8.870450716317348849e+01,4.651035087376724775e+00,2.063163882667965154e+01,3.072708115784102034e+01,3.766716801379931212e+01,7.685684294426788021e+00,2.381118959343902475e+02,3.669289347189056372e+01,1.541553694306088929e+01,7.352590101761764174e+01,2.240006043622280529e+01,2.131848300315687084e+02,4.184024770187498632e+01,4.192760608358175745e+01,3.146432189853431183e+01,2.913548872300402692e+01,1.189808764104201373e+02,2.133919618311900379e+01,9.600796293200502873e+01,2.780208622491318238e+02,1.167346676617499526e+02,1.773126520274971085e+02,6.243791680329486127e+01,1.516548238435683800e+02,5.100163355197998527e+01,1.649455698908442685e+02,1.752266618432844041e+02,1.571988195319339070e+02,9.979348240791586022e+01,2.693652765975273056e+01,5.815833471202231664e+01,1.729518220201439647e+02,4.152578902892891222e+01,1.579298087772469046e+02,3.335958293648343442e+02,1.631660850582440787e+02,1.231163736457949511e+02,3.433814308934277051e+02,8.528874079138249442e+01,3.388524007416685890e+02,6.586538590208517974e+01,1.914549617723931476e+02,1.425132187830703856e+02,2.035198704633683349e+02,2.578951979174197273e+00,4.374020805362142994e+01,5.506317305319355881e+01,5.437262518750328733e-01,1.530347706263228531e+02,5.081517570096857384e+01,1.017508700733378220e+02,2.222066039608609955e+01,8.175509281741597079e+01,1.896853926434370123e+02,5.489583353488350781e+01,1.734135283105288394e+01,2.236666757901577895e+01,1.059509198925576889e+01,1.177931801639006295e+02,6.742229311805309067e+01,6.467189777406677997e+00,1.044378357752775202e+02,6.786599764451933936e+01,2.196847971103857731e+02,2.900336138014636944e+01,3.397266418287836700e+02,1.544073758979502209e+01,2.192519326527334655e+01,3.568801248059997278e+01,3.163473729112368460e+01,8.951149817371857864e+01,1.026994734957586246e+02,8.502632468323399451e+01,1.720150799442435812e+02,2.589656942483188473e+01,8.968866053473861655e+01,6.992588910522542278e+01,5.921004028128407981e+01,2.683194333706314794e+01,3.395980635919873407e+02,1.023139495048703083e+02,2.826984664382589472e+02,4.058271462320050915e+01,6.293994869820284066e+01,2.615103940675659988e+00,8.065082361412379441e+01,1.055841253520196261e+02,2.896312863591026598e+02,2.618635048778612031e+02,1.656870316177790130e+02,1.476949757086549937e+02,4.599622189469244660e+01,1.498143339104814515e+02,4.394577105892344804e+01
2.116801910826526125e+02,8.782438952598303317e+00,6.564273591460447221e+01,1.284529758342773960e+02,7.564897362868420316e+01,2.848438225083384623e+00,8.972296679080790227e+01,4.894320165217308727e+00,1.177708545809048388e+02,3.419513432962450850e+01,1.964117194918754876e+02,6.693261361327584780e+01,2.133318190220744626e+01,5.104090626787721163e+01,1.780108882330612516e+02,1.385592098671985184e+02,5.356136615688548375e+00,3.157072159776685680e+02,2.673515938433164365e+02,1.036730773446184628e+02,4.821366162388765275e+01,1.043130854712944569e+02,3.045874635426451960e+01,1.394828282091908704e+02,4.965634999800676752e+01,4.517384937781351084e+00,1.417577565593633722e+02,5.783900014616129681e+01,1.650226848591944702e+02,1.097961223734856020e+02,1.089731299902135575e+01,3.001873712864735566e+01,9.140622147772079131e+01,5.982314505862475329e+01,2.104193319371896465e+00,2.499963653701042006e+02,4.506273665650603988e+01,3.029905769105394242e+01,1.208482308955782401e+02,2.183876569508737191e+02,1.509924761581732184e+02,2.522781570396356017e+02,1.185554621697527153e+02,3.121856120304914270e+02,2.608291317570251167e+01,1.748862712802395336e+01,4.226365271413578029e+01,1.637095807487106640e+02,3.743599773155614798e+02,4.569423500745223521e+01,1.263244268737707756e+02,6.521420929574476055e+00,2.030428908329719491e+02,3.888436686584124402e+01,1.734334613099906619e+02,9.533327267771880997e+00,1.815645872550541355e+02,4.595366100451261104e+01,4.239394100682653033e+01,9.560751506704838221e+01,2.980448387991964765e+00,2.269559545267830174e+02,5.842304711588851518e+01,1.973018468570154482e+02,2.428450558299764452e+02,2.822483248617547602e+01,3.730963671275215443e+00,1.968669588804061377e+01,5.391354946787514280e+01,1.825837514716061776e+02,1.784375553011102227e+02,2.187718085243374944e+01,1.878191308399976478e+01,2.249296613944818262e+02,2.195090639280127505e+02,1.242239182373073270e+01,1.582563208169020408e+00,3.649935571364217424e+01,9.079242286106660842e+00,5.810610306886088665e+02,1.360729833315258759e+02,1.287366002031415917e+02,2.409001553423329369e+02,2.496966838061672789e+01,4.878093959907958066e+01,3.854777085482239585e+01,9.995182374455534102e+01,7.568846040416707410e+01,9.985583439733515831e+01,7.072855980001924081e+01,8.013771739898113822e+01,1.674400915708253024e+02,7.126285953948909935e+01,4.058503085258279697e+01,1.165800902501454885e+02,1.258857588616876768e+02,5.909060355799368836e+01,8.796596736491862600e+01,2.036666013334854597e+02,9.166942990862484919e+01,2.192887124599920128e+02,2.336678116713329345e+01,2.054771677018763398e+01,3.707517304487335537e+02,1.210793330081365440e+02,2.351231402906688288e+02,1.213234438517954459e+02,1.054079333785254846e+02,2.362203544475574191e+01,6.021879145742580164e+01,5.510157793905236900e+01,3.603717889932568710e+02,1.573214279292912288e+01,1.698533701279871195e+02,1.548173237378492040e+01,1.240212854029065959e+01,3.422934963589812583e+02,9.297068133766643427e+01,5.847564944857409408e+00,3.176203656215517057e+01,6.418189131483116228e+01,1.246994531251456664e+02,8.351597784338126473e+01,1.075249424299492915e+02,3.623828795669257374e+01,2.725291717707538055e+02,6.008092315114669013e+00,8.861572307660657088e+01,3.855478995876828918e+01,1.610219736860520356e+02,2.020427594645628933e+00,2.877837505014502995e+01,7.151767884246011420e+01,2.387191632342735659e+01,7.304498286617510772e+00,4.289926449626242544e+01,1.948903614451637978e+01,1.713387427803669709e+02,1.290415678884008166e+01,5.577195941908151156e+01,1.540678671483155711e+02,2.854488832143622901e+01,3.159644529967446491e+00,1.591026947249970291e+01,3.758150947308401868e+01,1.989404971375266173e+00,1.530704042993791347e+01,2.320649745591917945e+00,1.650443729181355081e+02,4.925875480434228848e+01,1.798924954607882398e+01,5.988990264190213964e+01,8.334598142478252214e+01,5.925809643461199272e+01,3.962493925609853562e+01,1.177011066352628319e+02,1.879219995687847984e+02,6.497251968978468994e+01,6.332859917490515755e+01,2.485195057722671947e+02,5.749024644656764593e+01,1.079104618275765120e+02,6.817368239467782587e+01,1.351638431970264094e+02,2.079675923364537837e+01,2.947699929212475354e+02,3.589566171586185295e+00,9.057691995221929915e+01,4.265487648819285482e+01,1.811364107073660890e+01,5.635239663335789118e+01,8.466637407493963963e+01,4.401901860737850569e+01,9.823096552841052187e+01,1.546876205078295925e+02,4.026611009961846435e+02,3.701826389596892000e+02,2.945265788724540457e+01,1.450892694763254269e+02,1.261667448025045104e+02,1.972478684619361289e+01,1.119088431549642060e+01,2.336129827713879195e+02,8.346117292456566972e+00,6.425216706207276474e+00,1.058618044596028653e+02,5.720279230191379405e+00,4.562452165880451815e+01,5.188765729140803984e+01,5.553960125970087347e+01,1.781844081628551919e+02,1.197316248723349617e+02,2.359321565310611106e+02,1.088693241960545492e+02,2.273153116109427003e+02,7.457203286271264631e+01,1.462045438888569890e+02,3.009243033507934229e+01,1.583764260783188993e+00,1.197418208257658812e+01,1.360088855833504695e+01,3.606520841734126748e+01,4.231973119567445707e+00,7.465501455024350719e+01,7.143952754960514540e+01,6.075898208778702347e+00,4.116522043059668334e+01,2.316154783055732196e+02,8.257779093569348916e+00,1.454347168591444301e+02,2.566629318543274394e+02,8.683793661052514778e+01,1.968087130019601361e+01,2.632147241488154918e+02,4.023275497535842504e+01,4.729844455074405829e+01,9.465545483923497372e+00,1.733650581086850551e+01,6.322693006663826765e+01,3.440478791125315894e+01,1.432468094349700607e+02,1.884393975330873516e+01,6.521310333849170604e+01,2.287671121974207367e+01,1.392797646598273502e+02,2.130625359194920350e+02,1.540427920700769882e+01,2.861036520733715349e+01,1.454723671522794071e+01,3.330473739358059238e+00,1.605575133001465460e+01,1.927575208805493219e+02,2.583579642912079635e+02,3.178109330782962427e+00,3.944996221511544121e+01,2.002878100429537938e+02,1.500290790280167430e+00,1.638624099106968686e+02,4.833810568201818825e+01,1.582752712139702282e+02,1.656247332967431305e+02,7.279373850984468675e+01,1.462305457208987036e+02,1.045986617756565948e+02,1.531102071601237746e+01,1.726843152702798818e+02,2.299912589114589423e+01,8.675165254515174240e+01,6.750112353430352208e+00,3.056096669199230860e+02,9.451940274276780940e+01,2.112450502035887823e+01,1.691435815884540261e+01,6.655955011780191910e+01,2.227611693322049575e+02,1.293849230896893516e+02,9.773292493639638678e+01,1.870153618808818692e+02,1.482977271434396549e+01,5.044438592591905035e+01,2.460301162952812319e+02,1.637401493884383115e+02,1.395306495714967632e+01,6.707564145690638213e+01,9.476065066557969985e+00,2.347475823865942957e+01,1.544927097200348669e+02,3.254602528783311186e+02,7.889733332984397940e+00,1.455100116342204863e+01,5.270550525357420923e+01,7.113459695361644464e+00,1.674556249857735963e+02,2.425303028184610454e+01,2.925835183543908258e+00,7.558039692754485372e+01,3.796888095833912189e+02,6.217050613738751963e+01,1.480558614945931311e+02,1.948352966864381486e+01,7.133856858271704482e+01,3.895157243452587625e+00,1.899301791824152019e+01,1.052967991196412498e+02,3.528188814488591163e+01,3.518767890666513409e+01,5.352238196151955663e+01,1.042475706559728224e+02,4.389940206512405751e+01,2.260815121174519149e+01,3.052495381185415795e+02,1.396366780578572957e+02,3.809675513931562563e+00,2.308622648256852017e+01,4.173110618166368369e+01,2.929324326937410916e+01,1.941801158902550029e+01,2.613299797364374513e+02,1.065560768305156927e+02,3.666059406574233748e+01,9.476680807021693909e+00,4.930916705939952571e+00,2.877138774029924662e+01,2.419587083485869172e+01,7.982042004569579774e+01,1.142466133116748352e+02,2.885689642719258075e+01,5.880859115241819701e+00,1.492537752496224179e+01,1.211735685294272145e+02,2.915263796548618416e+02,5.106215288867060309e+01,2.741987897141933583e+00,6.025219952333707596e+01,1.525178521808976200e+02,2.802269375070607893e+01,1.640665970780520411e+02,9.136668835487215290e+01,1.336972554349742381e+01,1.054317310037721711e+02,1.774068193505982194e+01,1.290950173471235303e+02,6.754211378033447488e+01,1.014393639379395928e+01,2.309153513497641441e+01,4.396948852392878471e-01,1.827622298975102524e+02,6.407245093505159694e+00,4.666493833579278316e+01,7.875772301490782468e+01,7.953278249918960796e+01,1.952467080563593242e+02,8.901963272261200188e+01,3.099670404131971679e+01,1.117133595630402851e+02,6.303413242770200320e+00,5.592031409750654092e+01,2.436520125930012526e+01,5.951084342101508717e+00,2.351365405530546226e+01,9.664465401982573312e+00,4.930624184381085229e+01,5.069025452718117997e+00,9.290795035342186736e+01,6.073772445454800106e+00,3.123074662806708446e+01,4.001870996622897536e+01,2.929917584979151357e+01,1.840359287128319750e+02,1.535834808983803441e+02,2.052857567567037904e+02,8.886504422281504390e+01,1.281324286000572066e+01,1.599384099234141310e+01,1.131033018477119043e+02,8.094900829450736524e+01,2.608602389869736840e+02,5.387875798697115926e+01,7.331662748294590415e+00,4.129535365501289523e-01,1.514674618733860996e+02,3.095567149161045961e+01,1.742543928006768112e+02,1.071052478748389234e+02,2.531618296486218966e+01,7.901254732803424474e+01,8.564849767288903593e+01,1.214845963895534453e+02,1.373746309617935779e+01,2.273172545065110572e+00,1.272647356622693167e+02,2.009713841926872817e+02,1.619726944724733642e+01,9.357902139206034065e+01,2.104151775342780795e+01,1.854286366598259121e+02,1.502602802058338511e+02,3.437437344826329166e+01,4.716973994712331120e+01,6.985915998857714726e+01,2.205605297678927457e+01,8.119881539967252593e+01,2.954447470362297281e+02,1.559585959256493197e+02,1.471577566632693106e+02,3.299399774479095271e+01,1.246038788435367621e+02,8.332667910530314259e+01,7.075395707016363644e+01,2.930998397282692736e+01,2.465330639935769454e+02,3.727928354151224966e+01,1.251898989229853782e+02,1.359927140419892737e+02,1.606601698557987490e+01,3.071964004957889927e+01,5.168329341254482046e+01,5.451572931489998552e+01,2.543780751391588524e+01,5.504210869158663400e+01,6.529872498942245329e+01,2.694996682928358567e+01,2.863182862502864054e+02,1.169804222609084263e+02,1.444226462976638174e+02,7.958481762485740774e+01,2.474966615442549411e+01,3.993705414202452886e+01,4.933172122025246864e+01,5.009134546512205333e+01,6.827570395772242762e+01,2.513646916879065429e+02,2.346052762825927474e+01,2.034582696360753928e+01,2.205719582501276363e+02,1.484352122063976935e+02,5.759173152580927990e+01,4.818737335576495440e+01,8.684849259742391325e+01,7.230394003051999618e+01,5.003844821290250167e+01,6.147018102806113404e+01,8.590682458336839744e+00,1.057090939778599505e+02,5.954004760561887366e+01,2.502167302976392023e+02,3.973991595166055646e+01,1.892552694839188732e+01,3.104185226642166526e+02,3.735159044671669193e+01,2.909189690773581560e+01,1.432727576435841499e+01,1.665665108032350190e+02,4.677883380685315018e+01,9.354404470190439724e+01,1.350930140273963787e+02,7.312766023946086591e+01,1.770599912358282424e+01,1.006895197196935641e+02,4.974155130078798059e+00,4.519147465327186097e+01,6.811861573890332977e+00,7.490695953914540439e+01,2.109282652627460095e+02,1.254350829128205049e+02,1.142832068531769920e+02,3.217983000733899868e+00,1.186396540672649138e+02,2.641603604346491352e+01,3.659904207987402458e+01,3.481189598837789845e+01,7.619580460294032775e+01,1.520250101554701132e+02,4.475891981877267511e+01,1.224341399889331399e+02,1.876548797242369062e+02,2.540710964852217444e+02,1.537810332758365632e+02,4.425804517316311149e+01,3.706525676586597484e+00,7.140385005415170383e+01,1.133128389780599008e+02,8.696252913739300539e+01,4.921497115374108944e+01,7.918988443251640774e+01,6.902613209033060748e+00,2.720323254712273098e+01,1.878870593564384137e+02,8.157336606154393621e+01,5.089221715348010378e+01,2.157128957466357519e+02,3.567579546447235117e+01,1.491561290951162411e+00,1.169984716346573350e+01,6.762277472468674944e+01,8.155678499908660228e+01,1.811957487428150841e+02,6.432991635172590428e+00,2.266518946451437841e+02,2.778406548859493910e+02,1.748840628820470329e+02,4.679081265940371104e+00,2.496235757367733754e+01,6.888985493592648446e+00,2.485712287840405565e+01,1.345421799316501676e+01,2.753361797096723649e+02,3.747245080704362152e+01,4.988051748048007106e+00,2.683264557084079271e+01,8.827720979016023151e+00,1.182786387229768224e+02,2.088271716599664103e+02,3.834623252294143469e+01,3.164978395617061437e+02,7.522915451761930683e+01,1.248188754800513856e+01,4.043835627532259736e+01,4.700530875809559639e+00,9.192091565358320793e+01,2.348928303568285969e+01,1.538761365340774745e+01,3.537978996900108086e+01,1.565623004526255579e+00,1.381054629622900904e+02,7.294148358614974370e+01,2.407727833430111986e+01,3.645879678579995442e+01,5.964561736156164073e+01,1.137891346444680920e+02,7.544125651502908170e+01,2.726037286117704639e+01,2.161172996196482927e+02,1.427121101600408082e+01,6.466143837604008127e+01,1.702286648726544911e+02,1.442770634723673311e+02,1.715321221305796584e+01,1.991482742419719614e+02,3.093541396332276605e+01,8.754297323139729770e+01,7.338672906836406717e+00,1.183969821216301597e+02,1.950868609735553321e+02,2.480770620274391902e+01,5.785110878718619176e+00,1.698570666567761407e+02,2.170938482553129134e+01,1.163716318075192788e+02,3.354590207968260529e+01,1.767815524219889483e+02,8.746073278293682307e+00,3.866444701117302429e+01,2.217570596762788853e+02,7.202192688779356899e+01,2.654051634030132778e+00,7.108304491530344826e+00,6.824055776519061567e+01,7.695761044874084231e-03,2.110289693810787810e+02,3.098462760655138837e+01,3.092374813966347702e+01,1.890659488600256566e+01,1.101405804335135485e+02,7.713455757058776285e+00,3.944227598816551108e+02,2.885101915778870421e+02,6.661828590867291844e+00,8.981218842360333099e+01,6.952394999619279758e+00,4.248456509542997850e+01,1.963634251870766150e+02,4.798172522930875772e+01,1.289391288421035320e+01,7.862735091407019183e+01,2.394391705148501970e+00,7.438527152233538686e+01,1.332776967815327680e+02,1.334683846371939637e+02,2.523646036508609214e+01,1.102234980073296953e+02,1.262831546968573662e+02,5.079004304040559248e+01,1.370412667723045104e+02,1.067892679234826403e+02,1.193744255899918016e+02,8.970047105794792230e+01,2.101835079120826038e+02,1.520528034062988070e+02,1.426531225759875099e+01,1.281149608342582553e+02,7.747370946928492685e+01,7.198071282365147283e+01,3.994234304154314827e+02,6.388212125638244743e+01,2.911279385967364775e+01,9.756694170622922968e+01,2.288045450787609170e+01,3.274602950062141815e+01,3.219970325382877263e+01,2.785662584251887210e+02,2.503700124697568015e+02,8.520406785455611498e+01,8.943397326521572710e-01,1.862967724440650557e+02,2.536986748558969751e+01,2.612638946226581993e+01,5.551375773155393034e+01,1.337015540310170536e+02,2.280396085319620170e+02,6.132942289331077035e+01,1.802177777553242377e+00,4.776251158959076548e+01,2.111573885149064722e+01,1.357342243484738731e+02,3.923970748680964249e+01,8.777916389204074221e+01,9.338173234451237192e+01,1.522093223953727374e+02,1.309447950610344691e+01,9.580451239091075877e+01,3.273263321414738414e+00,7.830029536412228097e+00,1.177390080576318923e+02,1.413785560645490307e+02,4.374780268585567455e+01,3.309427485749726117e+01,4.129809065929670453e+00,7.721721795007009170e+00,1.353282728851791887e+02,1.278248719190880855e+01,1.123921387252259985e+00,1.865044185336160254e+01,1.412820942202433372e+01,5.882177638245077667e+00,9.138949588482206821e+01,1.315378609710601836e+02,1.529292780446031941e+01,1.099153813429323918e+02,1.860458568317012293e+02,6.258797665222769524e+01,5.623610873481590033e+01,4.995840612354577104e+00,9.858222548439607635e+01,3.801555881935789927e+01,1.406421859341651270e+01,9.025496867329588113e+00,5.231698634897474420e+01,2.673810024029368293e+01,5.637879356757394333e+01,1.657329751435904370e+02,3.690276765856577299e+02,1.028679224613161978e+02,1.059491290762384637e+02,6.846028048292938983e+00,3.211773250059024463e+02,4.934629788024609098e+01,4.267592214858579069e+01,1.218399935745836018e+02,6.246068807907008136e+01,1.259662430079801112e+02,1.194898553356068902e+02,4.900522032645726611e-01,3.506961553170544477e+01,2.676524193600226340e+02,8.082347622705269430e+01,2.636903536782495294e+01,1.580705324807248076e+02,2.503835818863754810e+02,1.895142826984658484e+02,1.090212369448231158e+02,1.810835536373114607e+01,2.524486220070098152e+00,6.132594342236759921e+00,1.128039941139738112e+01,4.366212632470115551e+01,3.531442748436980850e+01,2.600999781980580039e+01,2.360674656484054523e+01,1.026551264345393122e+02,2.759585226188577067e+01,1.664678237455774195e+02,7.528451971693434075e+01,3.255631618238268032e+01,3.763119513418380535e+01,9.055758048832577956e+00,4.347585804411628629e+01,4.986739293460281885e+01,7.339508247843492939e+01,1.537261796703940036e+02,2.395889087199839196e+01,1.831145104949740698e+01,3.297696106536258043e+01,1.249075232143907499e+02,3.813408150290187137e+01,1.118239183748347898e+02,2.360867854828688905e+01,1.242496465581857308e+02,4.139805754221472256e+01,3.788009744571434823e+01,8.209282220925883777e+00,2.318605152599506525e+01,6.836910175144468838e+01,7.965601832993770870e+01,1.236903185701169008e+02,1.628697239299793580e+02,2.244948670318214567e+01,5.285967043573351276e+01,1.311357851835815147e+01,1.412680724732109638e+01,1.176606235810706522e+02,1.066874530371797505e+02,6.523966907080753685e+01,1.387399721021007508e+02,1.080345087279707741e+02,4.622642001311274385e+01,8.646977651414454158e+01,3.494812081307816243e+01,5.683432923534740944e+00,6.243129123148242599e+01,2.999705653166668640e+01,1.207169236396620846e+02,2.361521932542564173e+02,1.889633864477988467e+01,2.761159103058384403e+02,6.072302700830946520e+01,3.939127859449818203e+01,2.057931412294778966e+02,1.659903005476541864e+02,1.868045043983267135e+02,4.844774169752349025e+01,3.958240202828904586e+01,6.721303944839539213e+01,6.199501815666084781e+01,1.813751329299006727e+02,4.722532038075428318e+01,1.610552891376557909e+02,2.251774766068567146e+02,1.120249912018624627e+01,6.685505241399533816e+01,5.481311657266551407e+01,1.721032244479534086e+02,1.047632678163353290e+02,1.232971065824358305e+02,2.091536337038533873e+02,8.336798712218381979e+01,1.306615999991542987e+00,1.690330967275169982e+01,1.986111436418699938e+01,9.739267084466759172e+01,2.008265851998143319e+02,4.105815109401992125e+00,9.475543067864384739e+01,1.136895803672271121e+01,2.322843034887031308e+02,1.201905515095719466e+02,7.542422044567219075e+01,1.939900561226268962e+02,2.328291057812558336e+02,2.036697167428075375e+02,1.033219687195126681e+02,5.361101591438369240e+01,2.106678648465848767e+02,4.055193925112262399e+00,6.841336812366182407e+00,1.526462421584177598e+01,1.141407914063566977e+02,4.554986659723826392e+01,8.826200574294047385e+01,2.033032923775693916e+02,7.478226796634643847e+01,3.717470268055876659e+01,1.414621184946922767e+02,8.983835607862955897e+01,8.528029034210619841e+01,3.592795519829393669e+01,2.303893150204264018e+01,2.123818870253370221e+02,2.319654846503040346e+01,1.032195454781714119e+02,1.159818657608596340e+02,2.692308861916777687e+02,6.499698906949822685e+01,1.941253699645244808e+02,5.881103707051274654e+01,1.104059656077193381e+02,1.918795118908309760e+01,1.727500075195769966e+02,1.594792849902638743e+01,3.457317051593815336e+02,1.153029739916484999e+02,3.484517490078280044e+00,1.393192848141853517e+02,1.277688426520264073e+02,4.269683714873274738e+01,2.866534411405419860e+02,1.548729093004297575e+01,5.856427581954277883e+01,8.671748141610366645e+01,2.654599891914530474e+01,2.928960517881819783e+02,7.179182231088177879e+00,1.230438223386713226e+01,1.389576185265656534e+02,2.624006537889780688e+01,1.098898196654080692e+02,1.463244574688295359e+02,4.236560901611726493e+00,1.830868510220687995e+01,1.642736506197431083e+02,6.016433965800850814e+01,8.527234656352261766e+01,1.111145261118534364e+02,1.148416445534986075e+01,4.924614819026609069e+01,1.394677849591664369e+02,9.540039598975925017e+00,2.129368648651416152e+01,7.844083473480652913e+01,8.471227014668725985e+01,1.594622335979272805e+02,2.109116700310965200e+02,5.833051701565707248e+01,1.476680790385034072e+02,2.617210349496947330e+01,2.624443018654561044e+01,7.677189116903998922e+01,2.082744376377617073e+02,4.346671014726417326e+01,9.702901973944244673e+01,2.647997691467203651e+01,5.222480469006917048e+01,1.942771846515284722e+02,4.161214181595993722e+01,1.284303615075429583e+01,4.076562858667202249e+01,1.598299775196642543e+02,4.022053378961980030e+01,2.504076796498744955e+02,1.325271740571034229e+02,5.920461658600110155e+01,5.135507225361529748e+01,3.491504520864174399e+00,2.555750747614004581e+01,1.581485599944978730e+02,9.740192579863194977e-01,1.383745964162233122e+01,2.693482189181284880e+01,9.211164170612461533e+01,5.888393971930575077e+01,2.764594315532847091e+01,2.208805132661475046e+00,5.450323299292860924e+01,2.373870468783117360e+01,1.228679429625731245e+02,3.352777465186667499e-02,1.219274837713109747e+02,4.182703384324683071e+01,9.130682944032384896e+00,2.489179892602159772e+00,5.880004689571946841e+01,1.196836700072523740e+02,2.226330937740533500e+01,1.571218440197929738e+02,4.552150595821601797e+01,9.299776956701634845e+01,8.628278108590487605e+00,4.515945154677610276e+02,1.050605001834222385e+01,3.281746063415535986e+01,3.226217852878034531e+00,1.685045664846830675e+02,8.046816747231387978e+01,1.832130298843516982e+02,3.463062567103217759e+01,4.387090562629841770e+02,1.850184314781871819e+01,1.463940068496280560e+02,2.267899223179937280e+02,1.712620337889099531e+01,1.146139685281955281e+02,2.501956041618009579e+02,2.620297685312098110e+02,1.106468565917257365e+02,1.473436205341865879e+01,1.595401065714027027e+02,1.353510953952674889e+01,4.590256833874644826e+01,2.981849004021731844e+02,4.735643394174594789e+01,2.798553976468791760e+01,2.668605572442050402e+02,8.804600106709007434e+01,2.234476642991382178e+01,5.467967753081453708e+01,7.988768785209387602e+01,1.211827872779090853e+02,1.485621674936696657e+01,1.571574971829057787e+01,2.087531990987059771e+01,4.325844846968093407e+02,1.306328893190979841e+02,4.913472751498326119e+01,2.159233963596310346e+01,6.409168278327559420e+00,1.469177154053239009e+00,1.224322401829475524e+02,1.899242945716257509e+02,1.830257875951239441e+02,8.838559732276642933e+00,3.591797472977002315e+01,3.360737799294138881e+02,2.792321085973865991e+01,8.769536990449252301e+01,7.489133778130083385e+01,1.708357575469939604e+00,3.019752684945522958e+01,4.736678153440557537e+00,5.343709200052863935e+02,2.455489519409489958e+02,9.082849626562430956e+01,4.212273050489014281e+01,1.853829126490498140e+02,5.169001286564678566e+01,2.423313415345198507e+01,1.584975667368568963e+01,4.366531353623379630e+01,2.177877326704619918e+02,8.030595471212018310e+01,2.414177127811402102e+02,1.531229044868610174e+02,2.810794175830273502e+02,1.863866527852026138e+02,6.354241602320919924e+01,8.755680301445963210e+01,1.287723385597222681e+01,2.566147453915333543e+01,2.006581901145713402e+02,7.436922159688462841e+01,3.441680547149878322e+01,2.884071320008901296e+01,2.696832710592224203e+01,3.841030115114072174e+01,1.338908939443338681e+02,8.432970894388608940e+01,7.305983468879708198e+01,4.973055429763633839e+01,1.625715981866472930e+02,1.070467069604775645e+02,3.203528480895918307e+01,1.166896724382418427e+02,3.373358233537889816e+01,1.010688584556533982e+02,1.209126743094370369e+02,1.366806781330583931e+01,8.229048028953401683e+01,1.357020056240218082e+02,4.031375948588411262e+01,1.336179169385727050e+02,1.641271512414226947e+02,1.419665198215389239e+02,9.390019917584893960e+01,1.471740527218532613e+01,1.461651622017615715e+01,1.596954397046295071e+02,1.920127708110461811e+02,5.622747752890937534e+01,2.847803900121743581e+01,2.105887421906970758e+01,5.065346241572007813e+01,3.317983789613339809e+02,1.097861048174554952e+02,9.662992269935910983e+00,2.516963639226326066e+01,2.193466679610582659e+01,2.124682899107675027e+01,1.046546867649377504e+02,5.386164243876195457e+01,7.320953437259820618e+00,2.271121246849812891e+01,6.135412458158852189e+01,6.865808341191775632e+00,1.244867356914210319e+02,3.279629564633165728e+01,3.345973890700268498e+02,2.340946991276826168e+02,6.236772710119238639e+01,1.733672116369995422e+02,3.665809846171721631e+01,5.040536105223780083e+01,2.720878593816102509e+01,3.180181148432290570e+02,1.362390795658731975e+02,7.451365689281333005e+01,2.657963911033527893e+01,1.115211080281163980e+01,6.318764108961872950e+01,1.697832250886335430e+02,3.252344050589662743e+02,1.095733050204674974e+01,3.857588163408265132e+02,9.105753456674103852e-02,1.239723075999140036e+02,8.954021108594234946e+00,4.461833440831868103e+01,5.740843724930811476e+01,8.121577704075875204e+00,3.283278701923464826e+00,7.929386769853388728e+01,2.121724257872911679e+01,1.937291217678041377e+01,1.987516906670558114e+01,1.585302487062686509e+02,1.047989442828538671e+02,1.820368550799644254e+02,2.132460973254791554e+02,4.038958708136632225e+01,7.998843192694864968e+01,4.868579660587070634e+01,7.342171872728228266e+01
1.162267995633320368e+02,1.460656016458767965e+02,2.033258285131927323e+02,2.092097706956304819e+02,2.638175579578463612e+02,9.604657690884765486e+01,6.385613544297029875e+00,7.031232444097446432e+01,1.295748426552760009e+02,2.263485728135439103e+02,3.634240227510095167e+01,1.627513738904616787e+02,1.289175622730863324e+02,2.753403739125162986e+01,1.665311973587535306e+02,1.265755485324670815e+02,2.553235917505364796e+02,3.617920995331392646e+02,1.940605826235075710e+02,1.621208148833889879e+02,1.870133657265623413e+02,7.855205890055708551e+01,1.742934052983573423e+01,2.481202705104974200e+02,6.720664054543549071e+01,1.552218855357369875e+01,4.047657734498904603e+01,2.328613157473182866e+02,8.592128698619391969e+01,7.436608334334523285e+00,1.433885981387701065e+02,9.743356252550147190e+01,4.237002426613744888e+01,9.003496841944411244e+01,2.255075603286545345e+02,9.523127809550224754e+00,1.348308212617983486e+02,2.772176635382450183e+00,2.258781336247525573e+01,1.742950092402428908e+01,1.148145736516775059e+02,7.464709115349435820e+01,1.412310808348194513e+01,3.766016015218448132e+01,1.263517071124174551e+00,1.787333761016417384e+02,7.654510974587667249e+01,3.193731045092754925e+02,1.647947977732273159e+02,2.217784795167057155e+01,5.632825803506921147e+01,6.827714799149597980e+01,7.450002029615693289e+01,2.742085534596395746e+01,9.157358889101134025e+01,1.450631732448940454e+02,6.592964761881211189e+01,5.799425975990850901e+01,4.377837475994940064e+01,1.356552181626261415e+02,4.773212016349030051e+01,4.298152538811256562e+01,2.212177810041237649e+02,1.220651396863667344e+02,3.135059036044389558e+01,8.772702446301485679e+01,1.081036346325006434e+02,9.690662575592300243e+01,6.097243112391063136e+01,1.521474304185432231e+02,1.423670286867053107e+02,2.925784932681219743e+02,2.478925965950770376e+02,3.132476355529305678e+01,3.111396691854954497e+02,2.685833832523552012e+00,7.743941927837893502e+01,1.135893130102218294e+02,2.438560525668546290e+02,4.062485081058156311e+01,7.859743559679462699e+00,1.298594764051767037e+01,3.550770661639862169e+01,1.679293775245515619e+01,8.964859453916584187e+01,4.800594218539260538e+01,1.279601422081127993e+01,7.133514715694077779e+01,1.267152484086892450e+01,1.458673323911773139e+02,1.758292036218162195e+02,9.279107422035741592e+01,4.467733654494048068e+01,1.481302216756611472e+02,3.291971599225018252e+01,2.902676641411921423e+02,2.987840374941241350e+01,7.787222464637837049e+01,6.386341328211982216e+01,5.301456985440382397e+01,1.641761239692547392e+01,3.401600795925646139e+02,3.377878822217640504e+02,6.266048335080598264e+01,1.270994364173696880e+02,9.996361672317231495e+00,9.961296052176810178e+01,2.671815441831611224e+02,9.066455826996493883e+00,1.980035948711058680e+01,1.113798134025141735e+02,1.771215124616436469e+02,9.325523121195057286e+01,8.440513209273119344e+01,9.003623156746140666e+00,1.177035772937992704e+02,4.103259828368339135e-01,4.594406007937698178e+02,1.331998933787452870e+02,2.361670207685570588e+01,1.529753434682772024e+02,2.012316946219229692e+02,4.491635729370556618e+01,8.668883276849456365e+01,6.028734422412156846e+01,2.214555837292494189e+01,2.063233790356514419e+02,1.216776656210083161e+02,2.264733304331130626e+02,3.839271481727606528e+01,7.779894588177924675e+01,3.078000436000852460e+02,1.123623964159503572e+02,9.982575022881862026e+01,1.169282873586807483e+02,4.170000986957426647e+01,2.527703261348119099e+02,1.111973512481716568e+02,2.868058391775333860e+01,6.799520290565824610e+01,5.664208844215522731e+01,1.310712199674388785e+02,1.932388973094976734e+02,5.813671621447448246e+01,6.543836286380143008e+01,1.546149856511224812e+02,2.794346715282192051e+01,5.730813123961154787e+01,5.874875747296597694e+01,1.400020646355999610e+01,1.365894518306737098e+02,2.202729134310612551e+02,1.162917562248962611e+02,4.926824328458614133e+01,6.525266213431150675e+01,3.148053532641696393e+02,6.362440125408969038e+01,2.093156583421816563e+01,1.109413012692315874e+02,1.376099797542400083e+01,9.661644585767108140e+01,4.027195623095615673e+01,9.385382034986319866e+01,1.153455084504687989e+02,2.051312135154975920e+02,1.229872805491014560e+02,1.496935144970371141e+02,7.103520691055371117e+01,9.563163684584809587e+00,7.818647574179244053e+00,1.603897485335039903e+02,1.209546740786924488e+02,2.140634436524912587e+01,3.141414484333960786e+02,1.165149110010724343e+01,8.544274518017458320e+01,2.260617779198193773e+02,1.302432476341199390e+02,9.447541938816850227e-01,8.061015715903733891e+00,5.632914234381041041e+01,4.954534863469219630e+01,1.849475066317225185e+02,9.343219745297706424e+01,4.690437990359374112e+02,7.928956983599215391e+01,1.854212196299048685e+02,1.195625582583486022e+02,1.022916591730773916e+01,5.102081590830250235e+01,1.532171410772942499e+00,3.127390315417617028e+00,3.462999042960483553e+00,9.221360666859951039e+01,1.219042541689031509e+02,1.184907095759630558e+01,5.804529214728775344e+01,1.436517218787740831e+02,2.053852301422625999e+02,1.782584713100052056e+02,3.289418109502270937e+01,2.698786912152983177e+02,2.309683522763642713e+02,7.100968292848486385e+01,2.109905584985806399e+02,2.695335690949136520e+01,7.438773987570550617e+01,1.372478040838609914e+01,5.548175198640492578e-01,1.480592097093708048e+01,4.706144213840773460e+01,2.979131535482549165e+00,8.330220329316020411e+01,1.254613240541587373e+02,1.736801105096111826e+02,1.092323413264849137e+02,9.693863047485729112e+01,1.577027019809327868e+01,9.594389712634439604e+01,1.166641260214518070e+02,1.499289101028610673e+02,2.454927814390066771e+02,2.016507548356537427e+02,6.040192830208147967e+01,1.398181993253694770e+02,7.534023933472502677e+01,5.217366939075463783e+00,1.933959177754809104e+02,1.385343136487635718e+02,2.102776435394659700e+02,1.633634480902603343e+02,1.664818851485472635e+02,1.907058407941946143e+02,6.290059881617183635e+01,6.705486832568431055e+01,1.813509457901362794e+02,2.389965270747501336e+02,2.512297531527595993e+02,5.032607421443152873e+01,2.782996860358084632e+02,1.163300889225145056e+02,8.665811998598344701e+01,6.258445728696649013e+01,2.030817775712858975e+02,6.394939826903723912e+01,6.682969091783361648e+01,3.422037234457799855e+02,2.338184916418567809e+02,3.034386926334559007e+02,3.789508221452301484e+01,1.897512111120197460e+02,8.059650018623267442e+01,1.647955049205785656e+02,1.259370620527176676e+01,1.473089841489077116e+02,1.763507077456755496e+02,1.939175517299016960e+01,2.091997002405395563e+02,1.215014278606368237e+01,7.051199271821607795e+01,6.319101857753800289e+01,8.608773504586578440e+01,1.209519847792658886e+01,4.682495318738051537e+01,1.619241830686653714e+02,1.649197781919219494e+02,8.646590804578949019e+01,5.461662190219634994e+01,2.650692639735177067e+02,1.552999638735311976e+02,2.984789798038739264e+02,1.594056361245068558e+02,2.410780479731911896e+02,3.242291167887595407e+02,1.470078129404357696e+02,2.409057093565378409e+02,5.085043553497698099e+01,6.298002565415558962e+01,2.419768639754162720e+01,1.425102682474767164e+02,3.726759576105277461e+01,6.794191261061619969e+01,8.565639974549482361e+01,8.637536431017822736e+01,1.506559445564649202e+01,4.061596664336228173e+02,3.804957726671159435e+01,7.557396879408383228e+00,9.706775305055288072e+01,6.935304417703073376e+00,1.820823320537311645e+02,5.694421063978133901e+01,1.151814430215505212e+02,1.615868108944212977e+01,5.674483719426393691e+01,5.931955622792608551e+01,3.708540548077537125e+01,4.324182930776118639e+01,5.554490112993399720e+01,7.700348054805854048e+00,1.526061247323027885e+02,8.261320253275742687e+01,5.985509738373054489e+01,2.670256818470909934e+02,4.482691511882556767e+01,6.818911597613115383e-01,1.582868292220040303e+02,2.479533490008128638e+01,7.374224540265062444e+01,1.377023054237693600e+02,9.183102095621926253e+00,4.096523026643687615e+01,4.906161351713125640e+01,1.604843248624120804e+02,1.869032709746800549e+02,2.263568184967489287e+02,2.423373710737724025e+02,1.065773825409153375e+01,2.248665601860764411e+02,4.730999656738151060e+01,1.113216184799797617e+02,5.153426885994316109e+01,1.491661195880323305e+02,9.615020495111765797e+01,1.497442816421669249e+02,8.133378700551062934e+01,7.997067870709626902e+01,6.511136527352654468e+01,1.564942938351275075e+02,1.342639200554494323e+02,7.939161164679858018e+01,1.584078473563388627e+02,4.655794038750229902e+01,1.630576696365054374e+02,1.093549032531091711e+02,2.305912061965365112e+01,6.681963098275353730e+01,1.448427924524528692e+02,3.513295782589950136e+02,3.101700108144818273e+02,2.506438600187748307e+02,1.339817651616273224e+02,2.985753047868655230e+01,8.042236432924941170e+00,1.301682438890861704e+02,2.125832462188842840e+02,1.532211085431287074e+02,1.656747940658667062e+02,2.394994918177980310e+02,8.413385461981675917e+01,1.302317523552188732e+02,6.335046231495937263e+01,6.847439662076718037e+01,6.108108701469490853e+01,2.983871528745602575e+01,1.392475333463144516e+01,1.749773312612617531e+02,2.046868892980381531e+02,2.173404340323901636e+02,3.066376493528209934e+01,1.016214233391630160e+02,1.030206303070977611e+02,8.221171758946120178e+00,3.430931816667736598e+02,1.934832841001346253e+02,9.403542002332700633e+01,3.066035840048741647e+02,2.752248788441648344e+02,2.312276547787383674e+00,7.390386919320172865e+01,1.326983296097222649e+02,9.028606535862196836e+01,3.472176273434975968e+01,3.054057712931311244e+02,2.680268000121273175e+01,8.216733164876343665e+01,2.246352677695588511e+02,3.369710756665340767e+01,1.638244603256160303e+02,8.976689747518965135e+01,6.824652318375727589e+01,2.118357877089124770e+02,6.416851428394791412e+01,1.953456750648394120e+02,5.499209375815905787e+01,3.317591418784991788e+02,1.261815281574666301e+02,1.963245458945990833e+02,1.290839846143771013e+02,1.486277208918916699e+02,7.376825168708681701e+01,9.704802464374518323e+00,3.217536376364709838e+01,1.612730053823252092e+02,5.071126214511694030e+01,3.297228970337196756e+02,1.113253683744896989e+02,1.512052569687458288e+02,1.974628016824294363e+01,3.062420985955896526e+02,1.203377624873981375e+02,2.165918500735984082e+02,6.055195943165173134e+01,2.615520613242730406e+02,8.940336987358280396e+01,1.093552568254433623e+02,4.442290015441454898e+01,5.349325679820395152e+01,1.277787393349490799e+02,2.206241195262478243e+02,9.516559814091012015e+01,1.467310597284818607e+00,3.465638516337008923e+02,9.718094448731616097e+00,2.750332167292046748e+01,1.180304457922483437e+02,1.526420850917565020e-01,1.124272545059677952e+02,8.436110525864124909e+00,4.397181048521609625e+01,2.150309314824290752e+01,1.451609050331307316e+01,2.980898888666905577e+01,8.395498588078781665e+01,1.773820617012725904e+02,2.136337410698466144e+01,1.466544216457819800e+02,7.575802553337042866e+01,8.131825911839216303e+01,1.294619204779695281e+02,1.247419841709668589e+02,2.063162418509632516e+02,5.140852220707258624e+01,2.097419862451344272e+02,4.332061292094709692e+00,2.796082062924911327e+01,3.893517753270827342e+01,9.605103992314367645e+01,8.880225023961587283e+01,1.767994014591199559e+01,1.643153542200792288e+02,1.104921884562139098e+02,2.106720142519500030e+02,4.412147978796124903e+01,1.627892156873338365e+02,2.647239218334647148e+02,2.873086194744740283e+02,2.931300979918010441e+01,6.011834911583874685e+01,1.302901161597115731e+02,4.342591260991225681e+02,5.310690104365888686e+01,1.493189036495738549e+02,2.058609357776447268e+01,2.227005089471969654e+02,1.724751047970909212e+02,1.271815813788856531e+02,1.900666416067000171e+02,1.252200250824576386e+02,1.034379779501631980e+01,1.374417733409123628e+02,6.025194839573617855e+01,2.790728670222679852e+02,1.844756675299466622e+02,4.126978548591090856e+01,2.268436843911575806e+02,1.318423385168522088e+02,3.456138225639750203e+02,1.178331661670602983e+02,3.918313572073160600e+01,2.268352765756708038e+02,2.355215484003683102e+01,6.559338432528429053e+01,1.098912439557973642e+01,2.640981753538536623e+02,9.551678192549842095e+01,2.437319304885583051e+02,2.244752489728803724e+01,2.614484374502209221e+02,1.828302069024345826e+02,4.942159056131644235e+01,4.811960147831819512e+01,1.447556889840231804e+02,3.918923025835575231e+02,1.218820964901148187e+02,2.378231536014507412e+02,1.590278976431281421e+01,2.358110997800286839e+02,1.261298200177731132e+02,1.134166510069790945e+02,3.405350008703852893e+01,1.674218041392626333e+02,5.320066744763685307e+01,7.244149134584026228e+01,8.032531626048442774e+01,1.814743655962804496e+02,6.141462365350508890e+01,3.115241759374328581e+02,2.960941440700307794e+02,4.876436512872998605e+02,2.624307091690763372e+01,2.108029296009748634e+02,2.659789761179678749e+02,2.034519239855829937e+02,2.916256022338679941e+02,1.317036916052948641e+02,1.495405471690313277e+02,1.376340403337073148e+01,8.497487904209563681e+01,9.648886763240939857e+00,3.540030950897184994e+02,9.960644882588498206e+01,5.262444290949915171e+01,1.005187939674644468e+02,2.617228837163388633e+01,1.403256930334604817e+02,3.093768645332715295e+01,1.073937080609965875e+02,4.454729515350214086e+01,8.016155660935240235e+01,6.304457409275143931e+01,3.072482545450618474e+01,1.025523367312864167e+02,1.305384541742023714e+02,9.286472216139570435e+01,1.390003429437027904e+01,3.564645816291562141e+01,8.441843541940006901e+01,1.815893237123063102e+02,9.087821228722206968e+01,2.358101427211772716e+02,2.905680794267502733e+02,1.335481153105112107e+01,8.637600030552665942e+01,7.415504359497928988e+01,3.241207658918525425e+01,1.966269176765088957e+02,1.124374595880857299e+02,1.312105128938939629e+02,2.928699187951096974e+02,2.192296284671309365e+02,8.099562803081440165e+01,2.237885080553927537e+02,1.399324345202043141e+01,9.994571119492009359e+01,1.013672093779274377e+02,1.046427001095543261e+02,2.711415286703044458e+01,3.269557920913001112e+02,4.388406020674708543e+02,7.197781646389208809e+00,2.752745220172794802e+02,1.971303280617715359e+02,7.761446042932793432e+01,2.856000146706559804e+02,1.115334247118842512e+02,5.181981904595281918e+01,8.831419261189225267e+01,1.113178901043805382e+02,1.529408239716820788e+02,4.779226397844070995e+00,1.488522548580178011e+02,1.153178156790595210e+02,2.764938076386314378e+02,8.872990167495672154e+01,2.034676527330077249e+02,2.121452186845505850e+01,2.118093817595038786e+01,2.646900338318195711e+00,2.915572949140524628e+01,3.808983333863913572e+02,1.948375364891199979e+01,7.806623852215464865e+01,1.175352231779942116e+02,9.191689530733441416e+01,2.769137371027898666e+02,8.811373940204104827e+01,8.359734926168739833e+01,1.441860314904133418e+02,5.781576172599133656e+01,2.059626717957382596e+02,1.177162048292382224e+02,1.210785798693066937e+02,6.563255041095517583e+01,6.230010509340949909e+00,1.673771414879436463e+02,9.449881213601908314e+01,4.297659846071911716e+01,7.858209628095424648e+01,2.752597432490423444e+02,3.079986516511660355e+01,5.698680943215721300e+02,5.237721624140815635e+01,7.820237063454045767e+01,3.438175749275047366e+01,1.148224482533190240e+02,1.183442341035072332e+02,1.219575209270171285e+02,1.326773885023143578e+02,1.559830160294670804e+02,1.283078564291638486e+02,1.508434625895592092e+02,3.976434894324604130e+01,2.395515017771978137e+02,2.643623287574376945e+02,2.034020290245871649e+02,1.942097659690995215e+02,8.678696822283227164e+01,6.818442430200674664e+01,1.592544242733358146e+02,1.614484603243600134e+02,2.576951735683487641e+02,1.168355027789649938e+02,6.873100606798787737e+01,2.663468142004869676e+01,5.016111311495112659e+02,1.634570011997041945e+02,1.790398808634839156e+02,1.005612929494418353e+02,1.511255848924210454e+02,2.093304977653926358e+02,1.407375566201845345e+02,1.116311936208870748e+01,9.374736915882209587e+01,2.264940831261316490e+01,1.122936433682295529e+02,6.437507192217951513e+01,2.943909291052179924e+02,2.268103597742598083e+02,5.536440874298143200e+01,2.635770587889478520e+02,8.720178043117580557e+01,2.079606037920152346e+02,4.011304681123036175e+01,8.181945221862262940e+01,1.977510709510496838e+02,1.961876309562127290e+02,1.027415380670502145e+02,9.641422837458493689e+01,7.270576961695843465e+01,5.364449681626675215e+01,1.046920016695429556e-01,2.827332607683185870e+02,2.534047258340821145e+02,1.385736689763736962e+01,1.158150413505541110e+02,1.661291692628611543e+02,6.469332718221723155e+01,1.518283973835096106e+02,4.815199483533248781e+01,1.647488061954396699e+01,1.117258171737060195e+02,6.609745154609088047e+01,4.844079255875411860e+01,1.045459891533964054e+02,9.526496650492083518e+01,3.069258554203464087e+02,2.460941577393040092e+01,9.993358923255145498e+01,1.168860737858550323e+02,9.330801627717617919e+01,6.794489359936045503e+01,1.067787269059442821e+02,5.353586808536277886e+01,6.477876580484648628e+01,6.785860509330366774e+00,1.341562438525253924e+02,2.388937514675032219e+02,1.712737569291751640e+02,8.857776231139091294e+00,5.116133439519167325e+01,1.592591658595456465e+02,7.727606995089233521e+01,3.623302529136986294e+01,4.272757149792565912e+01,4.769278562065182570e+01,1.227034691066557457e+02,8.932188530078633448e+01,1.503784367305314333e+02,8.582349631516659372e+01,1.838831312516953460e+02,2.767062502601928600e+02,7.098390884801325740e+00,2.649174278114185768e+02,3.686199176193115932e+02,3.723612562930474468e+01,1.132609867844008846e+02,2.148658100416676291e+02,1.693905086915875984e+02,9.098939157360318575e+01,2.763916253451304215e+02,7.159889704357156859e+01,3.234310751392668948e+01,2.518419311607634654e+02,8.986293245687848241e+01,7.229599300388672134e+01,1.550566382173158502e+02,9.947776700224521562e+01,1.713142723299500574e+02,1.097785096066464803e+02,4.964511075808028551e+01,3.845863667270486275e+01,5.205639336750045487e+01,1.692390821316561400e+01,2.567444181841637487e+02,1.422304959962906068e+01,1.236917349554957326e+02,1.326396782135746832e+02,2.592104143853894129e+02,7.175163410384628904e+00,3.804845218238057925e+01,1.115627869043920981e+02,2.986013050619252596e+01,9.496073237205847306e+01,1.074005821463752000e+02,1.137946258336660890e+02,1.824450807453669938e+02,1.937934448259017302e+02,2.884542686369400499e+01,1.071708463753182770e+02,8.044726491556839676e+01,4.302686829259101842e+01,2.425961513111982697e+02,1.010870693313508006e+01,2.246921718984911465e+01,2.078339737904761364e+01,7.463622815834482083e+01,1.318083607548314546e+02,2.480687403827087323e+01,4.817885727540516427e+01,7.874747677390531919e+01,1.899697484613577387e+02,5.588564890244135164e+00,2.465578741958247022e+01,5.114944628271538107e+01,1.221807798117154853e+01,5.520629426563706943e+01,5.981714176869387245e+01,7.546583081251066005e+01,2.297263340850167257e+00,1.392693204076570908e+02,6.918303036900563807e-01,1.941165110088385575e+02,2.039798994708171449e+02,2.241214540153137236e+01,1.123819494362395375e+02,1.057582848068723678e+02,6.821413994621478594e+01,5.717198279529799265e+01,1.519403731364633074e+02,3.248720401132453617e+02,5.482977878074301969e+01,2.301297229931634263e+02,1.372329120401441855e+02,1.724560441433618507e+02,1.079874413964297872e+02,1.736114764133169430e+01,1.819591351438015181e+02,4.038966828595346215e+01,8.774430384692946561e+00,1.979197286295206197e+02,1.192579057913017806e+02,5.498505382724339086e+01,2.678654802203176999e+01,8.038485950848894390e+01,1.695738186931686187e+02,1.911389028202278269e+02,2.043686118241385330e+01,4.094073952815189266e+00,8.653952728874726574e+01,1.701032617950130543e+02,3.095202127847367137e+02,8.991993273767234029e+01,5.776316387275364406e+01,2.630224430265883484e+02,5.181627362555509109e+01,2.348679579328287730e+02,3.057488812108388387e+01,6.430937311384602140e+01,1.018324816078972077e+02,6.052802836189676405e+00,2.012507745432355932e+02,1.685018033984954116e+02,1.885237874624064318e+02,1.274971987875564281e+02,1.348175310249375798e+02,4.084920287471745581e+01,1.099928768412627562e+02,1.979359571407935192e+01,1.543909034119554917e+02,2.801313065672101388e+01,4.008580890837500021e+01,8.824789396992100876e+01,2.285980714918022443e+02,3.301327130773997709e+01,1.482502142935419727e+02,7.953150204235839738e+01,4.913576935955070013e+01,3.497942874161603868e+02,1.882995843218004728e+00,5.616633981748919524e+01,7.686927969920260750e+01,2.103007554225663114e+02,9.563164980129330672e+01,2.155882425152839517e+02,5.343272570130266530e+01,1.557266449196046381e+02,5.235850773407885406e+00,1.213978405938419769e+02,4.799564769525962760e+01,1.256955114067761201e+02,4.391410579284025228e-01,1.747798223306250875e+01,4.459325316447156951e+01,1.051898812580758005e+02,8.792092364733402121e+01,3.265681862139188638e+02,2.287201756843882379e+02,2.381860708266615845e+01,4.037052836657034760e+01,2.564769261485561813e+01,8.404237312900450263e+01,5.234369345274773622e+01,3.283314282357796401e+02,8.192614236299870356e+01,2.114192174223933591e+02,6.330227753403511315e+01,1.161726969765362867e+02,6.043419312578136982e+01,8.588227384243684526e+01,5.327567874412302018e+01,7.279802151838144653e+01,9.425877632498809078e+01,5.187290087835601327e+01,6.854774306152714303e+01,2.999936202036867030e+02,1.310753498477928929e+02,1.219425189049056399e+02,4.260330001014485646e+01,9.148894006108604060e+01,1.954572374895076621e+02,2.190266382354591030e+02,1.537543108764941158e+00,5.113115699969210937e+01,4.968775623067829628e+01,5.377287122080453230e+01,2.494297159535851733e+02,5.561215097876036140e+01,3.775877982850691410e+02,1.327668514584183113e+00,2.480911705071054740e+01,2.230366859728914264e+01,1.078373802034790288e+02,6.009341875191918803e+01,1.199256763503437924e+02,1.381026633217590245e+02,2.810645590092661905e+02,1.767448868646181666e+02,3.618464596277912904e+01,1.162092516113810348e+02,3.229733470324226374e+01,1.058506229367408906e+02,1.039729998957346879e+02,7.058344117595042633e+01,5.322016253721405832e+01,6.422512801972132479e+00,5.541545135807637479e+01,1.150768835086049080e+02,2.217385256880983846e+01,1.472595246106394029e+02,8.408651570206107806e+01,1.220648043148032791e+01,2.974700296916806224e+02,6.887216865193403237e+01,4.073783913120295530e+00,1.064502272456676764e+02,6.250301693430485983e+01,8.473796777499559596e+01,7.515670814715120684e+01,2.087050714824616549e+01,6.207439596134755533e+01,2.215673585388833260e+02,2.149829415922450835e+02,7.578279083561751861e+01,5.749831901144774271e+00,2.737524109368544032e+02,4.478902261381870531e+00,1.457108666244967026e+02,1.120120719509336027e+02,3.353512485926372051e+02,9.654812920924969433e+01,3.438573164186232702e+02,9.891884590780918529e+01,4.036094979359250345e+01,3.754214664309368032e+01,1.564200789347172247e+02,1.113244536314500799e+01,1.624032969026234241e+02,1.577426737507851158e+02,1.731593131410673436e+02,1.472523406901847238e+02,1.579674048655305967e+02,5.640823246412872294e+01,1.943485322232610812e+01,6.706623505277426034e+01,1.427879290993159032e+02,1.587164721343502833e+02,2.506089462189169481e+01,1.064354236943789687e+02,9.562014083711170542e+01,3.231454373548099568e+01,2.659250010008253540e+01,1.117391069686566141e+02,4.091357805660286573e+01,3.220162896521285916e+02,6.668250421441152298e+01,1.223449590757055603e+02,2.468279225318117369e+02,9.388725267171496114e+01,1.688737664742482636e+01,1.074442973667683390e+02,4.239809735646130662e+01,5.069567567091714722e+01,8.537874735816318150e+01,1.444575034126829394e+01,2.538882693142463438e+02,4.170477193794520332e+01,1.603483016828917869e+02,6.828745620427076801e+01,1.174388784070508365e+02,5.649548067571438992e+01,9.275429933349916212e+01,1.516964927952602977e+02,2.143727268126726813e+02,3.299153322904143693e+01,8.226447650375719434e+01,2.153952327896324732e+02,1.253863182450647997e+02,1.619883969672264641e+02,2.736702243398559062e+02,6.547872615062823343e+01,1.684094509916021991e+02,1.439822181800337120e+01,6.970115417537692792e+01,5.297004960858067335e+01,2.702557104288884204e+01,5.048098911360325047e+01,2.048169174094713014e+02,7.608221342887901528e+01,5.395334611452655338e+01,8.910526598609293103e+01,2.965010233023030395e+01,9.344881796537192997e+01,4.755444600543432188e+01,1.199741698665052070e+02,7.608484212725117857e+01,1.831409596410115057e+02,2.892421022699710687e+00,3.356720429609068646e+01,3.516564918544022422e+00,8.673586737864766860e+01,2.036362226238390178e+02,1.153246967427129732e+02,2.948072453447887256e+02,1.289200187197122887e+02,7.169057783166040565e+01,1.967421339958168574e+02,3.582788345732973880e+02,3.555504421943756488e-01,1.444423639172014475e+02,2.968669699561452902e+01,9.839395833735450481e+01,4.173112062054640887e+02,2.914053358063305410e+01,3.086671203427368226e+01,1.287850696370097126e+02,2.671701124917359138e+01,1.287332836027850114e+01,1.446186332486965682e+02,1.051849736900554575e+02,1.234583474652552439e+02,1.919654852825583760e+02,2.613894428906170120e+01,2.221498310617891647e+01,6.664910370293212338e+01,5.257857184453868626e+01,1.898245141527087583e+02,4.194952741799632889e+01,5.908466509848501147e+01,7.693286341861066546e+01,3.161110393884870859e+02,1.941974894018723035e+02,6.501482427703193423e+01,8.878651930030352801e+00,3.573290555031326790e+02,5.732786219273321215e+00,9.734773338587724822e+01,8.008893374369151275e+01,4.233436260227309589e+01,1.887072913748930958e+01
1.618664114424495608e+02,5.403109948115741190e+01,4.399530397833802340e+02,5.844289686139943818e+00,9.131938886447370862e+01,1.599233937145905600e+02,1.067924112503724956e+02,9.706217628481988413e+01,1.752610485474855295e+02,8.501364374673310920e+01,3.596322224585315475e+00,1.444736510012153303e+02,4.808574320871979779e+00,2.812092203942150448e+01,5.541081497402524292e+01,8.913400423798434336e-01,7.755841841744831378e+00,2.560156283890729014e+02,1.056018129105707715e+02,9.088793195735250663e+01,2.542333705581389225e+01,5.374743333633339404e+01,7.399761789969025472e+01,1.693527526648486514e+02,9.086374537261599471e+01,1.325908165236329239e+02,9.650556861054634794e+01,4.685835529499725816e+00,8.326757234167138222e+01,2.703110330800648242e+01,6.252552346646552195e+01,5.749443120230540671e+01,9.073966087930392632e+01,3.369870492031360953e+01,2.122033474228022598e+01,7.128156334294626362e+00,2.094441688260414196e+02,1.353725655395131184e+02,9.541525592707687053e+01,3.432064285603821485e+00,1.047242114503129216e+02,5.155182639388922894e+01,1.024065448837059478e+02,5.175967101983659546e+01,2.923104045361639791e+01,2.322858551847140873e+01,2.798425306303698221e+02,2.305389484253790400e+01,1.498992804970581290e+02,2.963628266688383519e+02,1.642014040189369837e+02,9.206668555265943965e+00,1.279111231179198853e+02,1.310001789497771085e+02,2.507773328014035883e+02,3.166710604330984324e+01,2.732810974325388642e+01,6.834338923658405918e+01,2.742604658562756867e+02,5.221895089542971213e+00,1.932369362569729958e+02,1.873517674041005705e+02,5.681558103481964395e+01,6.902999165084864330e+01,1.226686136454324725e+02,8.996111967938412590e+01,8.201160944698132482e+01,1.464075226268333836e+02,1.063287362292946447e+01,1.334094052077182084e+02,9.293188201770462342e+01,1.323475103956223791e+02,1.134018660782133594e+02,7.749342822223756855e+01,2.008144401707725635e+01,8.423327799260518134e+01,1.151081958773122267e+02,3.555886242822762711e+01,2.528037878734805588e+01,1.135295283646273248e+02,1.879590912346991445e+02,1.273819654643804311e+00,1.254416292964025104e+02,8.640407791131865167e+01,2.430704250501733199e+01,8.276581108001151321e+00,3.112843757028514347e+01,6.809076718121092142e+01,3.980464326944827036e+01,1.359903384848119572e+02,1.457562956912643131e+02,3.204176488287640154e+02,2.989602852056168913e+01,1.080181560644503094e+02,3.512099759012626805e+02,1.236393202477996880e+02,1.985166427983421329e+02,1.395276928748876628e+02,1.410052091814755393e+01,1.346304777446281093e+02,1.666478846639039659e+02,7.883923898490877491e+01,1.916947516020988189e+02,3.400614952176636621e+02,2.762778040360017826e+02,3.154582011073724246e+01,2.651812638363231756e+01,8.858791339863665826e+01,9.939305866419518054e+01,2.118537158016089563e+02,1.640814566911007262e+02,2.424052130513663883e+01,2.984971958863560459e+01,1.966366046291619512e+02,2.897977170799276792e+01,3.223045213045385537e+01,2.629980397300034056e+01,5.045387452767195136e+00,9.515922917565694661e+01,9.549199715732028437e+01,1.014255841267963376e+01,2.157051735845360341e+01,5.867652854033671161e+01,1.531219248065782494e+02,2.194302460535211807e+01,7.226460919138034456e+01,3.310331894428539812e+01,1.416698325511950145e+02,7.287626362970316052e+01,3.838185292871958154e+01,2.762886672986120971e+02,1.837883540746784377e+02,5.911541006366079642e+01,8.262600925303273414e+01,1.551522689825665964e+02,5.674017498855845787e+01,3.007697644349811412e+02,6.116603482327593611e+01,6.964150951634118769e+01,2.429041872285143029e+02,1.115231497087886225e+02,3.888895140760457991e+01,1.023207062012934898e+02,6.518343239955291324e+01,6.703729094050687820e+01,4.751904176714941741e+01,8.586822067219448229e+01,9.801362025970338721e+01,2.631514953919939970e+01,9.799649732576854788e+00,2.482782683516529403e+02,6.355692704903689361e+01,1.445687592411044591e+02,9.386132556576045260e+01,2.714866990157099735e+01,3.072282567257523738e+02,7.617069971671345030e+00,9.463995507390416506e+00,4.305357979691769543e+01,4.958163955366182307e+01,3.073259032122385292e+01,4.755784077151773914e+01,6.879123886245942288e+01,3.475543048472325580e+01,9.754367567413349605e+01,1.939398601811485605e+02,1.003695261821667373e+02,7.820733288960524021e+01,3.509456975095732219e+02,1.964269148046184057e+02,5.902780775447007500e+01,1.439779976496951690e+02,1.538364244982079754e+01,3.716411703501736952e+01,6.498136774206125210e+01,1.396180027875444978e+02,1.693470770871979596e+02,1.955060242455531139e+01,2.631608548045935692e+01,4.785354049191376191e+01,9.897474981128108595e+01,2.645242156181776636e+02,2.934759944668627440e+02,6.140554161861464877e+01,2.343436467607496709e+01,5.774220776929138710e-01,6.928086481406053565e+01,2.568039297433369370e+02,9.379450596887437541e+01,2.342391589359801785e+01,1.432035408527996090e+01,1.561163265218246776e+00,1.417720951775477012e+01,1.964271793185660897e+01,3.379318289517182450e+01,1.634869947882635586e+02,2.156669062058391546e+02,7.824678062039994586e+01,3.453045472504077793e+02,8.514762059197006749e+01,1.003555016936351194e+02,2.649277569734294389e+02,4.537251207297072142e+02,4.683466638653382752e+00,1.232772624173082789e+02,7.132901403596108025e+00,2.821762097014921622e+01,1.420183780031722449e+02,6.506040746125059115e+01,1.816264731837171382e+02,1.527941573693871931e+02,2.604978460236903359e+01,4.370955066852900472e+01,2.789572121185344500e+01,1.806577207321585021e+01,1.532247593326248492e+01,2.246577270020406303e+01,1.273031462845580819e+01,4.848886220095477739e+01,1.125287256597862182e+02,1.167746872722739369e+02,1.099788841160162747e+02,6.448850333955705594e+01,2.027836070721699002e+02,9.543809010001000104e+01,3.278998695174661293e+01,3.973464653504685629e+01,7.379615080090692913e+01,2.430097389273975850e+01,9.282663537227587369e+01,1.128185152709623367e+02,3.271747385220703563e+01,2.179544631784025626e+02,1.295698131668878261e+02,1.968968167677720942e+02,3.242179299026754791e+01,8.585810504617425920e+01,3.249406998434049569e+02,4.324092768706718992e+00,1.463402784347493224e+01,2.192101672379916408e+02,5.674356940202407884e+01,1.402539323035401537e+02,1.474433761269714793e+01,5.906226520594958629e+01,1.817868046041863579e+02,1.362382973476787207e+01,2.548429961066457139e+01,1.043601211311243020e+02,1.462845775495159728e+02,1.994298289516911211e+02,1.404364755161882954e+02,4.554218465254341908e+01,1.214073721139146187e+02,1.835732915332416582e+01,3.290964292654173562e+01,1.466891678348668293e+01,3.165340515004770054e+02,3.147992959392605883e+01,2.893557071750470868e+02,2.372346774102728943e+02,2.184080584896184689e+02,1.528115142975024128e+02,4.800868006604516580e+01,2.140966201386403327e+02,1.825416966051899514e+00,8.954951785038373657e+01,7.984312591139358517e+01,1.617407265075378291e+02,1.184795217905106455e+02,2.264609220603241795e+02,4.912508275089571441e+01,8.548341045803950067e+01,2.859544896291730254e+01,1.673199590470169085e+01,8.563544784117594588e+01,1.352268208855538134e+01,2.153535785088196519e+01,2.381305296660052750e+00,5.526464193672261160e+01,3.175738446607258680e+00,2.855631726820320626e+00,2.365863568212133927e+01,1.220716597091463314e+02,1.396354884088234449e+01,1.126891359663416381e+02,1.890125212623231903e+02,7.063766305247909827e+01,4.664416909551689372e+01,3.904841086772784706e+02,2.666866367834878560e+01,2.132816438004322634e+01,1.720374485389118036e+02,2.701702523803627400e+02,1.013675414415047129e+02,7.922979623045384301e+01,6.209591211493731322e+01,2.235913885531094891e+01,1.094379175428487372e+02,4.501874581468698722e+01,5.588605324287648557e+01,2.008084437481194939e+01,7.192253606205093241e+00,8.468586932620424079e+01,1.393574277080490909e+01,2.636879516129434364e+01,3.445262380678573209e+02,1.646180197800291296e+02,2.312165364149053559e+01,1.145634647782857840e+01,3.933711638209724271e+01,1.492176863658839352e+02,1.254507739525852799e+02,2.806136186960102350e+02,6.283753688640126001e+01,1.352262940694109083e+01,4.188941928989881802e+01,1.930724106388973667e+02,4.392691072628687010e+01,1.430164977788551823e+02,1.704649093574466008e+02,1.729039620200915977e+02,1.441157806453805108e+02,1.277622505805883293e+02,1.469934748711343957e+02,3.973637314633609208e+01,4.787755387222790660e+01,7.869936626146142089e+01,1.252277570888703906e+02,2.018568522013331688e+02,1.374806721862592269e+02,9.493550417248631801e-01,2.512882250118386480e+02,1.416027786417203238e+01,6.846626873655571899e+01,1.830097568949265678e+02,1.070863045892093481e+02,9.969081813704717376e+01,1.310814817387525544e+01,4.358355821811190367e+01,7.389277186984260481e+01,7.458995357771618728e+01,1.156235972074950880e+01,1.923755706823600065e+01,3.883175746196845779e+01,1.596428768505410289e+02,1.059965815545838730e+01,2.429230044781551712e+01,9.248519629548567877e+00,3.492130035774626151e+01,1.668723416508957413e+01,6.692385324136754576e+00,9.542496986277711812e+01,7.157791925852264114e+01,4.809114481300296262e+01,5.163212859889747364e+01,2.955555123715932382e+02,2.882416038772866074e+01,1.018158924969203980e+02,3.829476181831957859e+01,1.882741201195748602e+02,1.768063456600103507e+02,1.143429317573468040e+02,2.730882351700578781e+01,5.368249742681677361e+01,4.230965454475154530e+01,2.075441833350911054e+02,7.987005531424975402e+01,8.143315787556019814e+01,7.069522024913410974e+01,4.842006550786064878e+01,7.245339554056519660e+01,1.794332168882323941e+01,1.896033521371251496e+01,1.161599438413580856e+02,6.092704057655762995e+01,1.009067675688101531e+02,8.088470177532035166e+01,4.899479260575156303e+01,1.889571208559368927e+02,4.419191573986397614e+00,1.853365398576274004e+01,7.238358691808889489e+01,4.712459239835070690e+01,3.190895872193266882e+02,5.158586163497233912e+01,1.255058004572088066e+02,3.952707342058821638e+01,2.177019650360580840e+02,2.578848588302363964e+02,1.321551267690781799e+02,6.890203036220404442e+01,7.117455455346772908e+01,1.418587518028211392e+01,3.507462796170415800e+02,3.239043421066799624e+02,8.526452874612900246e+00,9.521622907791716273e+00,1.701902053351341237e+01,1.953254903237651945e+02,2.336903046093263470e+02,1.715632023892874258e+01,2.994954694750568933e+02,2.406797458575585935e+01,4.812277326846015768e+01,1.292250991339501525e+02,1.286153818432061087e+02,8.322788266511393829e+01,6.151125407995964167e+01,5.172376025457734272e+01,2.183015489983864370e+02,7.508209005491158905e+01,1.276378222888456833e+02,6.676883374154223816e+01,8.307747173185622103e+01,2.311526194981243805e+02,3.793035695653706085e+01,2.506720929630361283e+01,1.501262738666654606e+00,5.740329465679871568e+00,4.398094390199170078e+01,5.869179515714589002e+01,3.482141007339873795e+01,1.869362056073468068e+02,6.407828648529651616e+01,2.368721720946746245e+02,1.936161210239457944e+02,3.556297141452126453e+01,2.613173612240015942e+01,2.155934185671377463e+02,3.611935062949812050e+02,1.746140920594658752e+01,2.992638459942572826e+00,1.470774122551109713e+02,2.378935870290092680e+01,5.975484026154143180e+01,1.543671539431374242e+02,1.694682462374825320e+02,3.247038152500544328e+01,2.949102460747860732e+02,7.279489026237446581e+01,2.367371747751793620e+01,3.135690831674051537e+01,1.336037389899927064e+02,4.479807731825076189e+01,3.920549145756910434e+02,2.168759570554928473e+02,7.188034345568821948e+01,1.256324788963166981e+02,2.543017560296343333e+02,9.339012406652715015e+01,1.460271336320215880e+02,4.494129327995710810e+01,1.695551855132982553e+02,5.679416237103695408e+01,8.383487038812297953e+00,1.212184739478746422e+02,5.806520224966602939e+01,3.054947598911903697e+02,6.768627344801782186e+00,3.527720509484381637e+02,8.970661705012757636e+01,4.956109464871914128e+01,1.507621796864586656e+02,7.726368435359377429e+01,3.822615358312837941e+01,3.126350959092797410e+01,3.250200535579487564e+02,3.508007625778930816e+01,2.068292150887561149e+02,2.046166475457061722e+02,5.324077360609401666e+01,1.818832873264980492e+02,1.524230929778367161e+00,5.664599148422769304e+01,1.241076354300311380e+02,1.863758705116552790e+02,8.180582283687181189e+01,2.664382667681099406e+02,6.400726894548732560e+01,3.000235738419733877e+01,7.710716090288988767e+01,1.402177516182777310e+02,1.530623202302610650e+02,3.301116274335527834e+01,6.454413608703950445e+01,7.163697392444285050e+00,7.844978808739612930e+01,1.610182541629398827e+02,1.750139191333198880e+02,3.796538996719664283e+01,1.807143251997439108e+02,4.181491167330369052e+01,1.802076491351371885e+02,5.161409327760583210e+01,2.430020432239228398e+02,2.549460558681018085e+01,5.920851465530638080e+01,5.120402398459903992e+01,1.609318822230744672e+02,2.817441592050119539e+02,3.814487755012218884e+01,1.838242203177677254e+02,1.270689233509913265e+02,2.977761768153862931e+01,2.315359245770732954e+01,1.393057578523881261e+02,1.836620309251526066e+02,2.118011577035683786e+02,4.784068148697355838e+01,1.754296074693235141e+02,7.907226512868881230e-01,1.858108877938784360e+02,1.781624574822910034e+01,1.239085054141999507e+02,1.117012111769129632e+02,5.789807473161772577e+01,1.150465286062451753e+02,3.701657736658027176e+01,1.104324634226083077e+02,1.362933500529206583e+02,8.130918029309636808e+00,1.349133398846653904e+02,4.135727120094509957e+01,3.830817017702494098e+01,1.220600385236204772e+02,1.101258620098660117e+02,6.920354335256477896e+01,9.157470813600180293e+01,9.103257873556772495e+01,1.867221247117323628e+02,3.124436983792499589e+01,5.682755284667808837e+01,1.004895181321307973e+02,1.061297740707332622e+02,2.257813160408445086e+01,1.839773830320671095e+02,9.876151472283270039e+01,3.486431019149228661e+01,4.768862018377787848e+01,1.960933416741346207e+02,7.199342855289408760e+00,4.491715533836303820e+01,8.882037405345754166e+01,3.960591428166092953e+01,4.322574529284742795e+01,5.014299433876536938e+01,1.592289514624985429e+02,2.322604298148414443e+02,7.492916298321007673e+01,1.113984401035627201e+02,1.051835332751609400e+02,6.666744218792467791e+01,6.390954209770883665e+01,2.943594198239555837e+01,1.041126062053591710e+02,1.995616121407059040e+02,7.448141390810194196e+01,2.941387215583076795e+02,5.426068840380588654e+01,2.557347862543711514e+01,4.702633327717907008e+01,2.625054927684137738e+02,1.467040411009363936e+02,1.585530213886636659e+02,1.331892779813676668e+02,1.496551858194284250e+02,3.911029684588995536e+01,9.865136903744186725e+01,4.188637750693320072e+01,4.043619391060176582e+01,2.476656292980138474e+01,2.204801444103020174e+02,8.213485239711275199e+01,9.085843630797312187e+01,5.448808177135432373e+01,2.332185772607573711e+02,1.259296373484190212e+02,3.260863774171281193e+02,7.545085141000279805e+01,1.347733677371599299e+02,3.312754909217925814e+01,2.818520430802372445e+01,2.734103809771201909e+01,9.700912238442873203e+00,1.026079671693493225e+02,1.972555248378521640e+02,1.543062480469111790e+02,2.149230611675019631e+01,2.617116060806927180e+01,4.609839892687140406e+01,9.147247231402532464e+01,3.192915338032322836e+01,5.130529991766017162e+01,1.352120420929043405e+02,5.574580500283325790e+01,4.704303898484077706e+01,9.819219304075717503e+01,5.439767729026186061e+01,9.647957243479750389e+01,3.192170678730099631e+00,1.028051104083844969e+01,1.865607941879850671e+02,1.433387542707501972e+01,7.716091392966829687e+01,1.455218385355935879e+02,4.946497551390793745e+01,5.259936936234996097e+01,1.678845110861214209e+02,3.047476807513556309e+02,5.308972010011429887e+01,2.716492384118031964e+02,6.629344795945362989e+01,1.604417987334813063e+02,5.563503448767005466e+01,2.400250147617788343e+02,5.423429615313253294e+01,4.686087664992456325e+01,1.678498683394660986e+02,1.767909456729408930e+02,9.410572219153692686e+00,5.329209545618837041e+01,4.857395278213343914e+01,1.471117373092942593e+01,7.868657684974083111e+01,9.571927838487850693e+01,3.363443423057366033e+01,1.970161431377622563e+01,1.531918679847747171e+02,2.366971306207888048e+01,1.055546061249370382e+02,8.022748744944777854e+01,9.186010238211574475e+00,4.055727062714267390e+02,4.279757195704990380e+01,1.197501790767961296e+02,4.832674461061777293e+01,2.874795744407831535e+02,8.964090678423845304e+01,1.961891264038224563e+02,3.568485270753581062e+01,3.022130492230103869e+02,1.083262192665229264e+02,1.965880871415711795e+01,2.267746223506195236e+01,3.251648466531577952e+01,9.934015988565680289e+01,1.946351654884880489e+00,1.276004934590203135e+02,2.643431626149214253e+01,6.500153645752563136e+01,3.546724066857564850e+01,1.795853678861397995e+01,1.833271249519213200e+02,1.009278140643004775e+02,6.100961460381711987e+01,8.082436651854645504e+01,1.150127760446860634e+02,1.608587380385493191e+02,3.854477743215476693e+01,2.513392956442661159e+02,3.051802779312233156e+02,2.260248290040149044e+01,1.088847967645694155e+02,9.360687272340639353e+00,2.868392953789439161e+02,1.642487510568954860e+02,3.769979847145534535e+01,6.086293640094936563e+01,7.108991916860327365e+01,1.677001627487335043e+02,1.818597668691046181e+02,1.252294658990720535e+02,2.176873488573882014e+02,3.165715209626269910e+01,1.175458626209429127e+02,6.877419397941287116e+01,2.033283880770245133e+00,3.632970662330700407e+02,2.990007090067517481e+01,5.453589237681953961e+01,6.977449852384923767e-01,1.553730827035478796e+02,2.159618021964884615e+00,1.664670146700593421e+02,1.467463171611688892e+02,5.035793651842259244e+00,3.743137921481754660e+01,1.256016687045554505e+02,2.748177789320828168e+01,3.107134917576810551e+01,4.299894266143854082e+01,1.546462374492920588e+01,8.888595920393554195e+01,9.570999675449500899e+01,2.140740584196797442e+02,3.269729870861795007e+02,8.912853906037300078e+01,9.415591156686706142e+01,4.282182548440564318e+01,1.694242486843001245e+02,1.584602104326683332e+02,9.191053474164149861e+01,2.446021154147993570e+02,2.144250615162160329e+02,5.581720543973325732e+01,2.173797296474545604e+01,1.305946419534438441e+01,4.412735283558459543e+01,3.273597395595221826e+01,6.693090389314689048e+01,1.343588140153009647e+01,1.106966201824435672e+02,4.106564126014021987e+00,2.898320340751239996e+02,2.731071196883583596e+01,1.312222572147927906e+02,2.490169941474223378e+02,2.147911603048410427e+02,2.047075750420728184e+02,2.916176840111459967e+01,2.901747472708475470e+02,1.828563840321214400e+02,4.404646680112086443e+01,7.975172165791684620e+01,1.765168949627082284e+01,1.689177773915336545e+01,1.159006899367067511e+01,1.462564190436552458e+01,2.588137251428901209e+02,3.014384992164988475e+01,3.207908495577660233e+02,2.571090555713035997e+01,8.840783906830326089e+01,1.049916832305922441e+02,2.262016112307571234e+02,2.323835539727280093e+02,1.026642273027977268e+02,2.678662131477189590e+01,1.050368275975562113e+02,7.224316295391366793e+01,5.929872268147788645e+02,4.964277569026399561e+01,2.657825969258547616e+01,2.236389386669490165e+01,1.201721627882125318e+02,1.694601050008671734e+02,3.963148681036989984e+01,1.981498923630189495e+02,4.357714993946961357e+01,5.148653724824580991e+01,2.132539630637943517e+01,1.301989090176517720e+02,3.503309117102880776e+01,1.406670783264759628e+01,6.626579151058358264e+01,1.396652203704497985e+01,8.165295941730348339e-01,9.248748871567967456e+01,1.673500310079009239e+02,1.114585728849016277e+02,1.208742251028881753e+02,3.773249230778318264e+01,7.528598539123669298e+01,9.235653382133605760e+00,2.229188330968836240e+01,2.194414901644898919e+02,4.355777871150231562e+01,1.485438190590189045e+01,4.352208773454089652e+01,1.204615983249458999e+01,2.737927519595910439e+02,1.675538513577447759e+02,8.044177940773585078e+01,5.377608265846525626e+01,7.704237048335396310e+01,3.791481799036323252e+01,2.582095679444892653e+02,3.517397375016984284e+01,7.107315363951539844e+00,3.467931327789210059e+02,1.497996412077332877e+02,2.167946545180017992e+01,3.534257942930938423e-01,9.089507836290327702e+01,5.332090005865846472e+00,5.901395005291461437e+00,3.962035482970917855e+01,2.532067994388114585e+01,7.257501751674089974e+01,4.734706029979775366e+01,4.632098173270690467e+01,1.592626263020095507e+02,3.925043500188194656e+01,2.764223541809763560e+02,7.897992312942125004e+00,1.067262673574640246e+02,3.425777694707492316e+01,1.597892686061743746e+02,4.867467622752297274e+00,1.637436019431359284e+02,1.006596021867809867e+02,7.451140824357254644e+01,6.041971561160273296e+01,4.222170539762715435e+01,9.203378680331073980e+00,1.187183904342564666e+01,5.442900792657362707e+00,3.756807940913653709e+01,7.205362146841709148e+01,6.924969114749623067e+00,4.076225575500011900e+01,1.875928727146881272e+02,1.015407606910562421e+01,1.492110175071727269e+02,1.887174776689781197e+02,1.654217320434330318e+01,1.928133869588720373e+01,9.223302090341677228e+01,9.796211040157444261e-01,2.063464623749841849e+02,1.859083942851019629e+02,6.882703563053028439e+00,1.838634705366862931e+01,6.588212459734704396e+01,1.169510648382733109e+02,2.078268183831210081e+02,5.821316667728427774e+01,1.083963824026408247e+02,6.603840718922582198e+01,3.034849843600727013e+02,1.669769453202274860e+02,4.712120474997923480e+01,7.598353937982240325e+01,4.220381252634505032e+00,4.514595051165103001e+01,3.243498883186776993e+01,3.149952933806409305e+01,3.384623969372865417e+02,3.822683468380191840e+01,1.273301560175579397e+02,3.287142769425933153e+01,6.250977445101904095e+01,5.750789732073578620e+01,1.528078409664660171e+02,5.912008265948181673e+01,1.558064759170592062e+00,4.319448628659737466e+01,6.918526075044306367e+01,5.271051589485870892e+01,4.741441699802108900e+01,2.757750684793537630e+02,6.164595011285666715e+01,1.024629667115405454e+02,7.848776337651004553e+01,4.443169710457576826e+01,3.373208922988526979e+02,2.854210244220547565e+01,2.052028638457319403e+02,1.270523125932964525e+01,4.185536792902403391e+01,3.028392885607784990e+01,8.632690168555173216e+01,1.915373289354822930e+02,1.374715594334660977e+02,1.352835765803298500e+02,3.543279052556979281e+01,5.860910007745375339e+01,9.120747984970763866e+01,8.338020643048479030e+01,8.868595614556264550e+00,8.181424540602763784e+01,1.664730907846369803e+02,4.573710257881415941e+01,1.920911007602734628e+02,4.190411034473051899e+01,9.339906167426493155e+00,2.323725143653427665e+02,9.413589741464265970e+00,1.832257157058267865e+02,1.173750368400341557e+02,1.306257332528499582e+01,2.319866665746325296e+01,1.774161405099055600e+01,3.230109073649791895e+01,1.916808419624436510e+01,4.398959275390537726e+01,1.971674073437559400e+02,2.622953267225548757e+02,4.261710298689053644e+01,1.669528281909558132e+02,6.043588016513388084e+01,1.028756983650515195e+02,1.081192003830437898e+02,6.948155998468685368e+01,1.469949604370770828e+02,3.541552791061698002e+01,3.665748130508856661e+01,1.426519244474409032e+00,1.151537948954164534e+02,7.065427440518794810e+01,1.844902300533098582e+02,1.276874480656330348e+02,5.622292206457282049e+01,2.677938229783488566e+01,1.442588693830725504e+02,5.734081776614354453e+01,4.314765792644269027e+01,1.248940049826110368e+02,1.596362021317267192e+02,1.305784220125050581e+02,1.749113466900962166e+01,1.426650254509955005e+02,1.217607643201319121e+02,3.022423181287311422e+01,2.993174738407150812e+02,1.563853407272658274e+02,8.610324905637089898e+01,9.481797459191428246e+00,1.476721331956646850e+02,8.839624488410174763e+01,4.700459925106545001e+01,1.352616462353471434e+02,7.260563263300895187e+01,6.369647528481075938e+01,1.697858032936554196e+02,2.903291156693689459e+02,2.869131300883130962e+02,5.768255582654683167e+01,1.898750973896092598e+00,1.989717910487446488e+02,6.644354900960125576e+01,1.166273132183599337e+01,4.916226805383325882e+02,3.449934884392943673e+02,2.678855017940414385e+01,9.211376168070107839e-01,2.602578427477839895e+01,5.093150894252674021e+01,2.881218346425682864e+00,3.447201252521707460e+01,3.814259712989523337e+02,2.142977346737937161e+00,1.243171266084571585e+02,6.315593602843740939e+01,4.620026220678153095e+02,1.255244236608086226e+02,1.108385295162370028e+02,4.182348022680458399e+01,1.468360337821303752e+01,7.557529949894926347e+01,5.755681394352045288e+01,1.810627272368242302e+02,4.832301926571469863e+01,2.667240771352972573e+01,2.845912157496633910e+01,1.424019685980615009e+02,1.418032249218796892e+01,6.980126136247379520e+01,2.892936887868929148e+02,1.474617886801188549e+00,8.595937139772031799e+01,1.499746021786579604e+02,1.550104403242147839e+02,1.238004363917814921e+01,4.754163600994969130e+01,2.700207441449231194e+00,6.800706141065651877e+01,2.184532818767696654e+02,1.237474503688473106e+02,9.064768830528178967e+01,1.179821204416450655e+02,1.954413972091062845e+01,1.729835105969077915e+02,2.144626225936139292e+02,2.734640395738547980e+01,1.107359306267497203e+02,3.875564478695239501e+01,2.657196482770704193e+01,3.528557803949861693e+01,9.277755766064375464e+00,6.340835608142130297e+01,4.033965474019854014e+01,4.595161187676851711e+01,1.274468973181638489e+02,8.141522589178872948e+00,4.241382670708617297e+01,4.660074507263933441e+01,1.723685904771799642e+02,2.244178559452464299e+02,4.469156839673451600e+02,7.960190093716933291e+01,1.515208264991088782e+01,1.055363068197048904e+02,1.331379589775548311e+02,2.780892032081570733e+02,2.671691240225384831e+02,1.895189146476953113e+01,1.195924368037335910e+02,1.913252058794498964e+02
4.704110892463670091e+00,9.510973078142613701e+01,2.617439409452348187e+01,3.284691545840076277e+00,7.165966974626877573e+01,3.590679593059005015e+01,4.254652245124257348e+01,8.971622361895322229e+01,3.681346921808582096e+01,5.864631325159840713e+01,3.576494496063223494e+01,5.866910337422558541e+01,1.067650733910784595e+02,2.047559717577627580e+01,1.127551880907335971e+02,1.275145191369757924e+02,4.228388496759339432e+01,8.430046368044230576e+01,1.877460367853758498e+02,4.493722603361079138e+01,3.834450570971319650e+01,3.939561895831549521e+01,2.684676129075459272e+01,1.634794243779703322e+02,3.151520129813681592e+01,8.923005693910946334e+00,2.144245626836326153e+02,7.016388591652644280e+00,5.293880423449986772e+00,1.262763267702987235e+01,2.600868017191499248e+01,3.786081779272598880e+01,5.079236204856157855e+01,2.404895411557074425e+01,5.181348509773386724e+01,7.919777883093631488e+01,1.232571739896929586e+01,6.920246159168735289e+01,7.956821147680996908e-01,1.145543759490904563e+02,1.461869828306212860e+01,4.703951695539954159e+01,9.591480047022207600e+01,3.714782798553080312e+01,9.804313151267635362e+01,1.144893781133385033e+02,1.843855414775147494e+01,1.698194871103099501e+01,5.307606535737164677e+01,2.370661395269228322e+01,6.398621226005873019e+00,3.232890385932006438e+01,6.130974095625306042e+00,2.242196438805653003e+01,9.758167461855402181e+00,4.783836729970609980e+01,1.467076320363599677e+02,7.199028823269942734e+01,2.436119714946690351e+01,2.078419134123563161e+00,3.193528649055942026e+01,1.048095565514053220e+02,2.178337591644116173e+02,1.670948430772170568e+01,1.222165336207084465e+02,2.108255766144710552e+00,1.207014879208679758e+02,5.796878703251459086e+01,3.873745627965905669e+01,9.217356742484847487e+00,2.133985166153640645e+00,3.064589000666862972e+01,2.508626857736318527e+01,6.451879971548683557e+01,6.300045752740049920e+01,3.684687512612003246e+01,3.097058891503024380e+00,5.833176487892303186e+01,4.119981857010684934e+01,1.670537227118640828e+02,1.091194477215331737e+01,3.376101077767199143e+01,5.019704549466603538e+01,1.137527631861774147e+01,9.717995828417548410e+01,1.702772860947123661e+02,6.264599128530048233e+01,8.610156888795785335e+00,2.562843693365189779e+02,6.773692160225399661e+00,6.705634791261160466e+00,1.914172620479141074e+02,3.922431886860722017e+01,4.636177006939407619e+01,3.472864024302591002e-01,2.375420153910324075e+02,1.265851460987347288e+01,8.937478335451627842e+00,1.900037957745206185e+01,2.129513632448742655e+01,5.034390055971071121e+01,5.872359538871628537e+00,1.272501376890440952e+02,4.205503310420105123e+01,1.630904584284468939e+01,5.980253563790861193e+01,3.538863131967709563e+01,2.015045369716523567e+02,2.996810560843315443e+02,6.624036246517556492e+01,9.929734704858208971e+00,2.986556455019936251e+01,1.081345244460668198e+02,1.431430391365001071e+02,7.480123359858636434e+01,5.774019365198853393e+01,1.002803026664588089e+02,3.386391290102103113e+01,2.498568714176071026e+01,1.353430314085354880e+01,1.900787424150113125e+01,8.707040024486816776e+01,3.644755219619042208e+01,1.656747302062862559e+01,4.740931925019578941e+00,6.587439696761791197e+00,1.506713436315668559e+02,8.179431004974772179e+01,4.543573334689041303e+02,5.521985614950587973e+01,1.050749854104184493e+02,9.995609613028110241e-01,3.643631473922019470e+00,2.954706834922465220e+01,6.317396736013173353e+01,2.752970710048127856e+01,1.067199444970455602e+02,4.623907301848885965e+01,1.884236544388194545e+00,1.683732288944096567e+01,1.547736780641319854e+01,2.862872811423723647e+02,1.794039973987871761e+01,4.850024754950415939e+01,3.625547736145542785e+02,7.449819610140987436e+01,2.455849462046518639e+01,2.852707543375284871e+01,8.811468621531355438e+01,1.539867145838864104e+01,2.439205256275213340e+00,8.096793876464515449e+01,3.477583356145273474e-01,6.117390172470366139e+01,2.223010282732609610e+01,1.204391323509653766e+01,6.298668014882452582e+01,1.910883384323840346e+02,3.183392356724810579e+00,1.410507814863764793e+02,6.826208231251760594e+01,3.987581218035949604e+01,9.972002865016843032e+01,7.362075138860325296e+01,1.184907928561020363e+01,2.287910938323502990e+02,2.804246386786783205e+02,1.006138154696124190e+02,2.994143977157563654e+02,8.646564869755677307e+01,2.419686318432012513e+02,8.439588588824277338e+01,2.191281055311115722e+01,4.470673775352730361e-01,1.860766462504477943e+02,7.058423028114710007e+01,4.095923077015817881e+01,1.425127092227007342e-01,9.814663203287132376e+00,9.432943349713785608e+01,3.077294448811094796e+01,9.553598225723492021e+01,1.785075121702586500e+02,7.959863320263876574e+01,1.549350334649640182e+01,1.676145952240153747e+01,2.042382462477320715e+01,7.635913289093646483e+01,2.862761235799424639e+02,8.661475589839369604e+01,5.214023559098308880e+01,1.316773551192402465e+02,1.044270857423293819e+02,1.050653702445149840e+01,2.848214160984951491e+02,1.757553575702396031e+01,2.489035871941403499e+01,1.348819489088429080e+01,2.922129513412989965e+01,4.689412320482907859e+01,2.160818376048336376e+01,2.251124246929490482e+02,3.094189199699460602e+01,2.181922860780097118e+00,2.905937459364022502e+01,4.564801102751791717e+01,1.145407273772007102e+02,1.362895246174970794e+02,1.229726688699729493e+02,1.407382646719113666e+02,7.625989454627264763e+01,8.631844491913791728e+01,2.796705463952288895e+01,5.023093500724002780e+01,1.638673445933696655e+02,8.310686223212475454e+01,2.100914032965753009e+01,1.387952078105155351e+02,6.216993170638319555e+01,2.843798188858244558e+01,2.011185319066132848e+01,3.213725761117795798e+01,3.148939307420828371e+01,9.532297290886456054e+00,1.443103678582032785e+02,5.790759217216155008e+01,2.630406094471916845e+01,6.634357575557400821e+01,7.027660655771290976e+01,2.622377366315095770e+00,2.814874176314290821e+01,6.600681201412092491e+01,1.792589288360473745e+02,2.419902908990658830e+02,9.905676947261936505e+01,5.473390380183475123e+00,3.099201219018981988e+02,6.510447776994459446e+01,2.239301289422960508e+02,3.219573499985433784e+01,1.552466574271419120e+01,5.944953147862116083e+01,2.353189448968987278e+02,2.256188800958287857e+02,1.053948160400471501e+01,1.634468545888654774e+02,4.811746476658761651e+01,1.703771548005719083e+01,1.028390852727447502e+01,9.883457676989303309e+01,1.649936224504648123e+02,3.858645672442207086e+01,2.817692033541291963e+01,1.546706274647089252e+01,1.825745356564315003e+01,2.681760823150124651e+01,8.962659836730078666e+01,8.137813500786775478e+01,1.207286566335680073e-01,7.914767317894840915e+01,1.665250739264916717e+02,5.115740591847409746e+01,2.015286694909960019e+01,8.674024983010768608e+01,9.204755421878029154e+01,3.853157369160814483e+01,4.131758921777234406e+01,9.463717473400521385e+01,1.758464735089415569e+02,3.376154753174581913e+01,2.163818171541862156e+01,7.341566604986535083e+01,6.122114987326221325e+01,8.558346285452948621e+00,2.267849025176426991e+01,7.712813876817739356e+01,1.049315823396676564e+02,9.302806823144431192e+00,4.764206476115602840e+01,1.451799496293532172e+02,1.094898405228875049e+02,4.347616397332148885e+00,7.402149840639494016e+01,9.030830405509409786e+01,2.087425573123957268e+00,5.947870196327265546e+01,5.753479610217156193e+01,1.974831965292415532e+02,9.958001742903377362e+01,4.530652163875083005e+01,4.014628994296904096e+01,9.614301520558940695e+01,1.079650439917280238e+02,1.388899615781521675e+02,2.029565536552433613e+01,1.189820410805467077e+02,4.731190412984301474e+01,2.098155258923995063e+02,1.227498765016655291e+01,3.084353407121113833e+01,2.808185020809386145e+00,8.381984354941282334e+01,2.095366868733261256e+01,3.245110834039054026e+01,2.406446951603225060e+01,1.816353873250616857e+02,9.752179418246147691e+01,9.799721994311732942e+01,7.966805630194420473e+01,9.594131376357121610e+01,1.074160460883223465e+02,1.213470212066552989e+01,6.324039934770048887e+01,9.608994422611756647e+01,2.319115650451854265e+02,1.362548712669970712e+02,2.030225502370303445e+02,1.932473241065906322e+01,8.170862065441711763e+01,1.757906665264562207e+01,4.362379341688373557e+01,3.514141961700017358e+00,2.485177123645165054e+01,1.209905474010442390e+02,1.305049149328681040e+02,6.304635162605492837e+01,1.593011990142258760e+01,1.975830491780557452e+01,4.865554504292556004e+01,4.460974008900969778e+01,1.707388317503779547e+02,6.768889585923735019e+00,1.220472320648269147e+02,6.829818545069441882e+01,1.998373403819993257e+02,3.863627957856343720e+00,3.338906509372652920e+01,1.094192331252956620e+02,1.593468774500317124e+02,2.446443862979799277e+01,1.965923258351331171e+01,6.178636018643434369e+00,1.398845715973318988e+02,9.769174520096881054e+01,3.437998085151576788e+00,4.150334809633501010e+01,4.482386314567491326e+01,2.602239175825790696e+01,1.196151813996226565e+01,9.209713815257931202e+00,2.421335483772232422e+01,5.698559802012813869e+00,4.086325123994558339e+01,4.934814791086649421e+01,3.644887699621517640e+01,7.838010970030678948e+01,5.905247508530818834e+01,1.593329621754886638e+01,1.901338032689892188e+01,8.514855970937516361e+01,8.639670930630641976e+01,2.622577431445538121e+00,2.398256156305934539e+01,5.116376394830475505e+01,2.041384832878113968e+02,3.729275412325219463e+01,3.626320948037359244e+02,2.140221387477030746e+01,3.602389092390228598e+01,4.032012517667403273e+01,1.048343663434879680e+01,1.561296627086580031e+02,7.600727531782381696e+00,1.932316809969719884e+01,1.185483966682103585e+02,3.532995534054591502e+01,1.180273134107272313e+02,1.612040931617582018e+01,6.631806398424687110e+00,1.250302342208249229e+02,1.493685959173254503e+02,3.296694458778319614e+01,2.581830365840108854e+01,2.489188639116426671e+01,7.837649371137688092e+01,2.370499223907853548e+02,5.976096810324327180e+01,4.834814354645822476e+01,1.646902340294477938e+02,1.034022758114543308e+02,2.678304879307812314e+01,8.832764923230309151e+00,3.989421257463521187e+01,2.512884122659521680e+01,1.188216602798311605e+01,2.790831907566150250e+01,1.385647380950815659e+02,3.621302919568791623e+01,2.528294931395157903e+02,6.474820503671701033e+01,1.417338883532720217e+02,3.770675255183042651e+01,2.842387425853530658e+02,2.472879947279782797e+01,9.705548681107069697e+00,1.685905664860516424e+02,1.390119871114769694e+02,1.145800054432853976e+01,1.027254941299743685e+01,3.272514320732398687e+02,7.249094770041311619e+01,6.450817501600654680e+01,1.797439211618678030e+02,9.620753347237102560e+01,7.126582785468704273e+00,9.215491075444408864e+01,9.135715178634568190e+01,1.913957996092691261e+01,7.903502550205671184e+01,5.536890951215386281e+01,5.001156468152731804e+01,8.705271809916125392e+01,7.809136314387635025e+01,1.211291203426636685e+02,2.691001281994149963e+01,1.203588880516888366e+02,3.987933707398698857e+01,9.615257761544413029e+01,5.440973849867256718e+01,4.023876550257633511e+01,2.625085159541434621e+01,2.205408866868788209e+02,6.670862735694026213e+00,1.779095948556627249e+01,3.817441211095370335e+01,1.697197142701332240e+01,4.308133095883207631e+01,7.287911508877030542e+01,3.091839117638767842e+00,7.094898708725592940e+01,1.913215562549059356e+01,7.721999900212703949e+01,1.010583432015907732e+02,2.320101519685660563e+01,1.978966325544724825e+01,7.908592814531522208e+01,3.164936426605700603e+01,1.929095758602219135e+01,3.716030543636139782e+01,8.817559789689914851e+01,9.151709601254315984e+00,3.410404384122301025e+01,1.371457643305197394e+02,1.493642680982506761e+02,3.949420815452248945e+01,3.919983556485529164e+01,4.510877456608080927e+00,1.156232383115416127e+02,2.495304910661858244e+01,1.561556198786088316e+02,6.013357579573899869e+01,6.282246705700191391e+00,6.979966067861370504e+01,3.521272252591800367e+01,2.324672420950940577e+01,9.864088275974230768e+00,6.159859842331260893e+01,7.562741669697258828e+01,7.976390695448158397e+01,3.066391639750261078e+01,9.045229305189435820e+01,6.798388575887328500e+01,1.126838427089536410e+01,1.091333208258265444e+02,4.295812147621902710e+01,1.608114240216018587e+01,1.353713576950360959e+02,6.680003539398192913e+01,2.038230286656456869e+01,6.438889451547943565e+01,5.066704135162155609e+01,3.672536307071543860e+01,1.763697302826143414e+02,7.914673129599448487e+01,6.718562798140253278e+01,3.994403405139573149e+00,1.646947538626269250e+02,1.507309527292148061e+02,1.560513566418553388e+01,1.370823026974117624e+02,2.794137848382156974e+01,7.926125176218300794e+01,4.332834750681457336e+01,7.155360345404542244e+00,9.344895293591347629e-01,7.534790556477220491e+01,1.427202187617849738e+01,1.213501319641093943e+02,2.145597762610772818e+01,2.303745938015615025e+02,2.061049095607714676e+01,1.455529988930315533e+01,9.483583170600523360e+00,6.818167666652841241e-01,3.315258142904139049e+01,6.323674341762541218e+01,1.325351105751475416e+02,2.173974992892362579e+01,6.752728485367450162e+01,1.495029638734269213e+02,1.132985997702993153e+01,1.548987366914677466e+01,1.234069810438984582e+01,3.820777222813212148e+01,1.634335408424339846e+02,6.832552783845854094e+01,2.633463717117036254e+02,6.419334495773974858e+00,8.175430931177059435e+00,1.297429242308860182e+02,6.261040523058093221e+00,2.023141413372922059e+01,1.083923689753687540e+02,1.004254778909839416e+02,1.715790499971241800e+01,7.048631388101006223e+01,4.064477826704040098e+01,8.477134957673708726e+00,4.015350744009175088e+01,3.883095727180818102e+01,1.644937624804767609e+02,2.824379453478059787e+01,1.326901636319217630e+02,5.782032867347147942e+01,6.989745031718320512e+00,6.440875925008375802e+00,7.741560202649001354e+00,1.303583166686389916e+02,3.724800574953746946e+01,6.826480374699302445e+01,2.473487667378540493e+02,7.646622200937719072e+01,3.403954330918421078e+01,5.270098815066123166e+01,6.570535724572515335e+01,2.016254409592619012e+01,2.022724784102180706e+01,1.036931912438244296e+01,1.191325348974559084e+01,3.655995387194146673e+01,3.570157165995355086e+01,2.332670816680652681e+00,3.431637664634838814e+01,8.876221579068133138e+00,3.926857233987539786e+01,2.404005970494896971e+01,5.823858979379280321e+00,9.640315831017274206e+01,3.691967094395369031e+01,2.893735100221934786e+01,5.162044298493875694e+00,4.951611978740310605e+01,1.897248548608481045e+01,7.172744263604626269e+01,6.170414269282530739e+01,1.141185846174211491e+02,4.284362038368350767e+01,9.447702705766077713e+01,1.524586869467675143e+01,1.286864784528893040e+02,9.846224950200942461e-01,5.689499879113067315e+00,6.328815554493608175e+01,3.212954949112428693e+01,8.376183146013333669e+01,1.100927885160947852e+02,1.118039701196990308e+02,1.570558182521716333e+02,1.935600244369402390e+01,8.673750410634985641e+00,9.644147413502598454e+01,5.660702238027788269e+01,1.853174209634591989e+02,2.136312335914523786e+01,1.050812784316215556e+02,5.404330923050444113e+01,3.026831595479261949e+01,1.631684844976131643e+01,7.598934889165056461e+01,1.286174966911984825e+02,2.668657614348478546e+01,3.179548203184107891e+01,7.968332599645690095e+01,1.043765093725866109e+02,5.982476490488124021e+00,5.592420019150274157e+01,6.031763257902057696e+00,5.144110259047635303e+00,2.626961901968185842e+01,8.855099526526016973e+01,1.130150337629640056e+01,5.674948332846747689e+01,9.682161486865423683e+01,2.271555587597476062e+02,1.493243441567671193e+00,2.759569175263226981e+01,5.542327291704211234e+01,1.331971162853818385e+02,1.704995265511140801e+01,1.056537822664060258e+02,4.656035179037559857e+01,5.171668751610732073e+01,1.065027333813948474e+02,2.197738965509677556e+01,1.063593961522835762e+01,3.406950625830695145e+01,3.601045096458146588e+01,9.315701401388353986e+01,8.234400979438036927e+01,2.441350858761707343e+01,9.895332155331863078e+01,2.468587679375901018e+02,1.254473539176547980e+01,3.500050175195361390e+01,1.201630792721147714e+02,3.341371089494852242e+01,2.073100776154389280e+01,5.831503728903448547e+01,1.502805266774089148e+02,1.750856149700021263e+02,3.108944854601039651e+02,4.082320774445250322e+00,3.651559723251754974e+01,1.743374730800880101e+01,9.933259797117089818e+01,6.086736057630598218e+00,9.303406934228036107e+00,6.122035765538896612e+01,5.027456187727103298e+01,9.307902879697275011e+01,3.841763658944230997e+01,1.974928708572344371e-01,1.152294841726657069e+02,2.003054820426736882e+01,1.134634611823164185e+01,1.254370680446081288e+01,1.781837440076327255e+02,4.960374431520292404e+01,1.965673330432020975e+02,4.545606312301557494e+01,1.911318653047620444e+02,8.454089334889890495e+01,7.459336391114534592e+01,7.708474155973128461e+00,4.238528348400824797e+01,9.964517811141515580e+00,8.386044123865886490e+01,5.051287586633333149e+01,3.709172869801096795e+01,2.613634062934727353e+01,2.010457078315010619e+02,2.939488501401058684e+01,2.308303561447229058e+01,5.305714117965299437e+01,1.650993640825501174e+01,3.634038515793279345e+01,6.624171090500655446e+00,4.359592748554753427e+01,1.820048896304625430e+01,1.379802036047346121e+02,2.247821459395154875e+01,1.377844286185480449e+01,1.437139260331722141e+02,3.014274135368953722e+01,5.350507347261825686e+01,3.240888157467026520e+00,2.466299713803277527e+01,2.224098164887408018e+02,1.731008569605558023e+01,2.126156601358632088e+02,6.487222998208595470e+01,2.374066276270573894e+01,4.814060415260613723e+01,2.816477584058647210e+01,1.170132046471972842e+02,5.294979187926468711e+00,6.573882540861119672e+00,7.505748678290071041e+01,4.272435584462243696e+01,3.105497838094866125e+01,4.998912479854572553e+02,1.818810747460192090e+01,6.110882845461998158e+01,2.735112428239332516e+01,8.574677897993041142e+01,1.060091931345246365e+02,2.058917353320123667e+01,7.174225110913523906e+01,2.607860377659991613e+01,1.112261550851572309e+02,1.522732985665262895e+01,8.349614237806363803e+01,8.825877321575236190e-01,3.383809920554981687e+01,6.898823187948002555e+01,6.356760377670504880e+01,5.143101730270316096e+01,8.837768488677285461e+01,8.351240278920202798e+01,4.639527076229339286e+01,9.245410036508106089e+01,1.422949059643621839e+00,9.573528847289763277e+00,3.640654890276814513e+02,2.604021072896406963e+01,6.506336413631101045e+00,1.941107359145673001e+02,1.963534390979279465e+02,6.839423104554827049e+00,6.144023576677241749e+01,4.247087038231853029e+01,1.383644030956457982e+02,1.624136947296321125e+02,4.717050494583460818e+01,5.483649950517826710e+01,6.153962068031965060e+01,2.850984571938962517e+02,5.638440893324628433e+01,1.993081799806559573e+01,2.985161197062634031e+01,3.660487730746417157e+01,1.676466819353211068e+00,7.031054382637164224e+01,3.841516373866124923e+01,3.123872254616701483e+00,9.296256871932853016e+01,2.486624584245597092e+01,2.869093861699141357e+01,1.373115800441619001e+02,1.066264224353724757e+02,1.812786701577917015e+01,4.244421922537966196e+01,1.784457430473559327e+02,4.091158844324040089e+00,5.683461156479061316e+01,1.542844096306568531e+02,6.425428337637795551e+01,2.810026660203102722e+01,3.345289837926295462e+01,1.597755781152459065e+01,6.719114027628437213e+01,4.615078744522830334e+01,6.257938526900665721e+01,3.006646960625090159e+01,3.254257692146963876e+01,1.055668029061664157e+02,3.819231457687574505e+01,6.448148414674017204e+01,2.642259539655385083e+02,8.479744690771070736e+01,1.472173274414038531e+02,7.549684422680621232e+00,7.118589345421797532e+01,5.678811822897911554e+01,2.968693007702279374e+01,1.510271439784464462e+02,1.553337351625698126e+01,1.062399097498788905e+02,2.363853308619369287e+01,4.457394782011412104e+01,8.878554493968387362e+00,1.815768342605536816e+02,6.581226968376646447e+00,1.290019734888001501e+01,1.237198529319976927e+02,2.564990258671429402e+01,4.305404009268908316e-01,1.572029091483116936e+01,1.230530475209622523e+02,6.117217767808206474e+01,2.289266317069055674e+02,6.483713910466155994e+01,1.071964808412656112e+02,1.180510326780899391e+02,9.243522317984218972e+00,1.439784882243513380e+02,3.215757973536899783e+01,5.703073485642335072e+01,1.115608481141200627e+02,5.796507995628558518e+01,1.762206950455081653e+02,8.634267489862561717e+01,1.039552323678994128e+02,7.094414632278429167e+01,1.448148285073607333e+01,1.143472948647782061e+02,2.477388472935211539e+01,6.809579596646246102e+01,2.673803780399068941e+01,1.808421181988314785e+01,5.573970243146619907e+01,1.354008236651429513e+02,2.210778867383518786e+01,1.937393234268272693e+02,4.707927022514991933e+01,1.155022756308668050e+02,2.176539711700089974e+00,1.095180302624970778e+02,1.580140393470631466e+02,1.460848742334091526e+02,4.953727203204450547e+01,9.204328970011717104e+01,2.352532976066165205e+01,3.363062233866980666e+00,7.772117946849662617e-01,2.072763184302262118e+01,8.257531339606801168e+01,1.211942926534298550e+02,8.446235088391568979e+01,9.406121092109377413e-01,1.386929303855146429e+02,1.836656952751244205e+02,1.410204929768740278e+01,5.070084707830901749e+01,1.807115355969393633e+01,2.719448945388403427e+00,2.385464108162119032e+02,2.346355562458655086e+01,2.014214153426788911e+01,4.833128173589486209e+01,1.956857210604173076e+02,2.682670807231049448e+00,3.487920408589467947e+00,7.668793677328578084e+00,3.421483572112692428e+01,1.362383500364181259e+02,1.280309126512826623e+01,1.277974706312772781e+02,2.022138650506118651e+01,2.557784740288158503e+02,1.147507068090843063e+01,5.168830282512316643e+01,8.863324174416247558e+01,6.231773591990597083e+01,4.808558768562846808e+01,9.871341301281644576e+01,1.798789155644606410e+02,3.225048491399135742e+00,1.257836407963881982e+02,1.830680961090023473e+01,2.496983543558256713e+01,1.491952011815536423e+02,2.276780998446153248e+01,4.355166200068504523e+00,6.288336852205012484e+00,1.691488029449426023e+01,1.268901489687883384e+02,1.858265807461872399e+01,6.038267039347716292e+01,5.933652741737282632e+00,1.687094326168641301e+00,8.083721876081499147e+01,2.114360845327578033e+02,2.091678022956377614e+00,2.133158725249784027e+01,1.483761468854567340e+02,3.706325553468307987e+01,1.358609974057541763e+02,8.154444606190794786e+01,2.122621334276608351e+01,9.424499042696831808e+00,4.849516125766254504e+01,3.883437658921390323e+01,9.247731042202816809e+01,5.374123938063175387e+01,1.649738780590173235e+02,3.958584833142367643e+01,1.959259902873717651e+00,8.938783752980327790e+00,2.497285345765834919e+01,2.555016151927449997e+01,3.162803850524958804e+01,9.628895798112401039e+00,1.878283588855420874e+02,1.014188391241713703e+02,3.872792476615686041e+01,2.499929134558334809e+01,1.407622120744138350e+01,5.416146789985124776e+00,2.418676616043128647e+01,9.872894496527791830e+01,1.647497532197206453e+02,3.413562493303351886e+01,2.316061144262556866e+02,2.068745272043190642e-01,4.677584646658169021e+01,1.130752140556245706e+02,2.972580837088729311e+01,3.899944469805545211e+00,1.145557004053452665e+01,1.108673105607583267e+02,2.272633795526084839e+02,8.955470293578802909e+01,9.330590674289724973e+01,2.488365638868721064e+01,3.680132457904279164e+01,3.358306112793912490e+01,1.976684487239875665e+01,8.764601284751353916e+00,1.959351633800725168e+01,4.322444181973168043e+01,4.308299322944771603e+01,1.048711784516483618e+02,7.558546449125030620e+01,7.940903154760206917e+00,2.947492153416481528e+02,5.967155617812884572e+01,2.962928774228053044e+02,4.959558622075880052e+00,2.801308973725519902e+00,7.289502336416528117e+00,3.660082043169990698e+02,9.226122088926422293e+01,4.426791982515361212e+01,8.938394335817976355e+01,1.152830102234931218e+02,8.452448636050603170e+01,4.835608000055555777e+01,1.373805573531612083e+02,3.214665052268605336e+02,2.864936937859141608e+01,1.392557579568207160e+01,2.658276181538905192e+01,4.632144745858298762e+01,5.576357301281269230e+01,3.294469597180793841e+01,1.089013997717195679e+02,6.419342319975211097e+00,5.757946376113039122e+01,3.535505575283351476e+01,1.238336948769529045e+02,1.016660575545877379e+02,5.107356056620459839e+01,1.652167457699188802e+01,1.681515263293344020e+01,1.462280894049187339e+02,5.977440289865170797e+01,4.706836015181301747e+01,1.312202760160040604e+01,1.525679850355572142e+01,6.089624175676114959e+01,3.038153024574340577e+01,4.509913068783142620e+01,4.497237339256131605e+01,4.209089506903403333e+01,3.772496932700107664e+01,1.775656421711035904e+01,1.425971473698896830e+01,7.748676796375249864e+00,2.764823582322151196e+01,6.004926387980870572e+01,1.852541233825855898e+02,3.153694317460913510e+01,1.660280996929983743e+01,3.684314773617440419e+00,8.711383589297787111e+00,5.333573049148092338e+01,3.968619486564701049e+01,3.066073249042374016e+01,4.649905479973610767e+01,2.955366747188861609e+00,4.859277062549002579e+01,4.054351501806757341e+01,7.553870904101226813e+01,1.749914243355208328e+02,2.376739489128798866e+01,1.330669702911204411e+01,6.401325627750925840e+00,2.700963745863484178e+01,7.164508023101284984e+00,2.853918756243686872e+01,1.807604134923198274e+02,1.338380739671036395e+02,8.554416660279693829e+00,6.206274912738201976e+01,7.436424697912276827e+01,1.735792307201794813e+02,5.730550531255944691e+01,8.249093066445281508e+00,9.786758583769743325e+01,2.406863368178653388e+02,7.048669382626643198e+01,4.246803646968758272e+01,2.070625804086573680e+02,4.065602150401457493e+01,8.705758704146642657e+00,1.455429441475139924e+02,9.416808009309748684e+01,3.228463432791446053e+01,1.382738280417254657e+02
2.041735688516251201e+01,8.997190732242297884e+01,8.283716025944409367e+00,1.194171450945835433e+00,1.976537062025400715e+01,9.329957694880165464e-01,5.706085460043724567e+01,2.185158500379429469e+01,2.706277052205198430e+01,7.016801325652372157e+01,8.578376783096432590e+00,4.317876998428151758e+00,5.280264076866045997e+01,7.570466714463039537e+00,1.421803135500175586e+02,5.308262890272655454e+01,7.500698323862486916e-01,2.420710822741327561e+01,3.175192951995118662e+01,6.219836034160230298e+01,2.438430572892173132e+01,3.268551574928849135e+01,1.785307478219432369e+02,5.142254686268268671e+01,1.050264717512120960e+01,8.486359986785450005e+00,1.679877994204362679e+01,3.946028705818172710e+01,2.763459598865079059e+01,4.876323607323551101e+01,5.960695746618355173e+01,2.927312364618512674e+01,1.437918033577430492e+02,4.817923819542585306e+00,7.820294134408635500e+01,3.587443815233307021e+01,9.164609505130501077e+01,3.957974948313241370e+00,1.025918331301618203e+01,2.084411947880785831e+01,2.645517436288785120e+02,3.312516938955866408e+01,1.162946426511753373e+02,1.797520117435255997e+02,1.146957658893688716e+02,2.834326858933032867e+01,2.152237427992009700e+01,4.090179035595247825e+01,6.869901170430388504e+01,4.371431377156461195e+01,1.765213863539490191e+01,5.671945516581416058e+01,2.419961932546356920e+01,1.338395204640145231e+01,6.909912668713168671e+01,2.350849441742772683e+02,1.145615527614856610e+01,3.473648901691387181e+01,3.609835439865510409e+01,6.122197400017959978e+00,2.900571367718065474e+01,1.696661369215302173e+01,6.997025275873957639e+01,3.315186974919281937e+01,9.103752447477303633e+01,1.136459043331046672e+02,4.078624044328518217e+00,3.925267641088353088e+01,1.500712520839217063e+02,6.148650252037867148e+01,3.671881690860919178e+01,4.174082433642667667e+01,3.791222480572060682e+00,2.172801809010756813e+01,1.830592396826459662e+02,1.335779633095126258e+02,8.743694868666140962e+01,1.335531544273006510e+01,2.892154803506993233e+01,7.902751982529743202e+00,2.059296494878431005e+01,2.362898644194534015e+01,4.327349894189279667e+01,3.294570777530595507e+01,2.932590409472858894e+01,5.868023996418374466e+00,8.459205878360988606e+01,2.806658556580537223e+01,1.014614318055109088e+01,1.969684951941683693e+00,8.474684988963721466e+00,5.900523596299826323e+01,7.061329656720174341e+01,7.569103694215693068e+00,1.099233296126452331e+02,8.993062664750743451e+00,1.127147564843674701e+02,7.082843935674829083e+01,3.879598397018744649e+00,3.544348598639053449e+01,1.483931188879569485e-01,9.000645646233384412e+01,6.087784902600733972e+01,3.302327455164066450e+00,4.116070376321716395e+01,1.004410727557654859e+01,2.642395390573191705e+01,4.506153268941950785e+01,3.602593442041222715e+01,1.075728342915279114e+02,2.252808544478786601e+01,6.526418916310161578e+00,4.526233957456178558e+01,3.038966867667543852e+02,2.560528611719812719e+00,2.760620223792028014e+02,1.048359356693738533e+02,3.117954585073186422e+02,4.773753002419306668e+00,1.699125830033898055e+01,1.736425861722427655e+01,5.152922741275802565e+01,1.626146495867945134e+02,1.581728983947675999e+02,2.969804547345593448e+01,7.999669930860248712e+01,1.899713963747334944e+01,2.035978845593581354e+02,2.792773293308427185e+01,1.147370705343055741e+00,8.270176850866521079e+01,3.214722447198966648e+01,4.147788374079971874e+01,5.025502452943710097e+01,1.731714611829929140e+02,2.864883765457867071e+01,6.896056653584672347e+01,4.584880385444478890e+01,2.210112944809042972e+02,8.426788059654219509e+00,1.533872385081741356e+02,6.975427501197667191e+00,1.887137887785985768e+01,1.849901396328721503e+01,5.057719721151023151e+01,1.581211359173099673e+01,3.906547863458064995e+01,1.439663645181560696e+02,2.534472644402468688e+01,1.195690958995706765e+01,2.726156671542497190e+00,1.600988869402043520e+02,9.941541275694504520e+01,7.843390694764566717e+01,3.443936389983883117e+01,1.207630404461434637e+02,1.695630650462168987e+01,4.646561605670137141e+01,4.303676868946092071e+01,4.394886168714958785e+01,1.204674520313831643e+01,8.369343969810147499e+00,2.104072481302635822e+01,6.616360783202354412e+01,6.110861703053017635e+01,1.055515641696348617e+01,1.348978043030248557e+02,3.048655723556258934e+01,6.411676957147865785e+00,4.472718460954019370e-01,1.360356962920241841e+01,2.744644119799322013e+01,6.791780201951205242e+01,5.951703920468183640e+01,7.645625247770525768e+00,1.139924804719124118e+01,5.095756049833565271e+01,1.366268190203226141e+02,3.166953145206146569e+00,3.586047229813508608e+01,6.618392765383889298e+01,3.917723116579318088e+01,1.476572315067805796e+01,8.806981726768482588e+01,1.901350932313505737e+01,1.776188636114248354e+01,7.870165016324071416e+01,2.117704049415340606e+01,4.204311458010468527e+01,1.822768440511832821e+01,7.294521849899723520e+01,2.356533372783485092e+01,5.013720735406509021e+01,1.048073740922770014e+01,2.649261021261916085e+02,6.806177847900323741e+01,6.260727583150852382e+01,1.728576419566868339e+01,1.125796104927910193e+02,2.051770767907586546e+01,1.642988847085234383e+01,2.658203866119188130e-01,1.191586296991949041e+02,3.848320574425414264e+01,6.126467430741362818e+01,1.118345339037992545e+02,6.652419096331297688e+00,4.839151261396616377e+01,9.244813719436744748e+01,1.424232094766353285e+01,9.021772641630452938e+01,1.964333975009933226e+02,1.835831612224559040e+00,1.516729491691189651e+02,1.838271672196097200e+02,1.627559876825511154e+01,6.425777566797448515e+01,3.940120827335577047e+01,2.057894738069891716e+01,6.447419728918687554e+01,3.678358010166947523e+00,1.420247432430348766e+01,9.256499450693016939e+00,9.895811729471189722e+01,5.884095175588298865e+00,5.216361233248555607e+01,3.096266849751635419e+01,1.012163340254151400e+01,3.278081978373926231e-01,2.911823824055903742e+01,5.471009952884045191e+01,3.256003519320223472e+00,1.546611231990093671e+01,6.313443166775607018e+00,4.411723710454744918e+01,9.969153968501373697e+00,1.525822047214759669e+00,2.859475270619170573e+01,1.380553664740890873e+01,5.862750643787770599e+01,6.832380230692695733e+00,9.904716713715500020e+01,7.195370432356878787e+00,6.495140272358314348e+01,4.011417481868621593e+01,6.500339334174566330e-01,6.563396846099954551e+00,6.423213671921091361e+01,2.074939424555913448e+01,8.093923969262375806e+01,2.051926748444308668e+00,6.863042958021048889e+01,6.988403725486787899e+00,3.127792968886175640e+00,2.569680100915626397e+01,3.449895175351844046e+01,8.506162199734824014e+00,8.652850311369830738e-01,1.498056310624671994e+01,1.810650779674647737e+01,1.740880106785062864e+01,3.939644960371901306e+01,6.917458065753044671e+00,4.726616235223634277e+00,1.964079626143122681e+01,1.127589636056952571e+01,3.008653855690910461e+01,8.812272395177085116e+01,3.025503006591407384e+01,1.400585638982444792e+01,3.892380694812840147e+01,9.078280912813051495e-01,3.290931979690537901e+01,2.007351273229638267e+01,5.192949164751730962e+00,2.601048797964967818e+01,1.653015030944047581e+01,9.649073260751237058e+01,5.095120312708291799e+00,1.286950436824443216e+02,4.508919044986430436e+01,6.714844547590892887e+01,2.017824637311962306e+02,1.071953128135227695e+00,1.539103253308664137e+02,5.463643013593542719e+01,1.764358155399330386e+01,8.669998223310345509e+01,7.112450425515794450e+01,8.267713178696645571e+00,3.687916691042695305e+01,1.187750039373061526e+02,1.151363484983018992e+01,1.360568591493801982e+01,5.933414627415135811e+00,1.523564194978955832e+01,1.919712308812302259e+00,2.297634772259435110e+01,7.614278792392519790e+01,4.797342511773641860e+01,8.486133849283328701e+00,1.232587559555838475e+01,1.428576282217104847e+02,3.204593891906012573e+02,1.159561559615596416e+01,3.223823642497347208e+01,6.740294005006663092e+00,1.043977035777083984e+02,1.153646439943980795e+02,7.083934352951672508e+01,1.642431919086282477e+01,3.569787938250150461e+01,6.876032442405586664e+01,4.438417714800500136e+01,4.584811007243519043e+01,5.391786902263461201e+01,3.371374204376157024e+01,3.736232756686256096e+01,4.205871381544210408e+01,2.120994067987533427e+00,5.644370095113427510e+01,2.319376023145721533e+01,1.770489575986676982e+02,1.882547688751850501e+01,1.449150016747423564e+01,1.982431225705701650e+02,1.249598632797108451e+02,6.581969298735587870e+01,2.583872477073722607e+01,3.112904212978472973e+00,6.320032774575150825e+01,2.437292351887925790e+01,9.707110381480232775e+01,1.074395159695267132e+01,3.096474978123761801e+01,2.970211723726962418e+02,4.683033901673127986e+01,2.142281183663905608e+01,2.326071098121854774e+01,8.417835595414986471e+01,5.228501260983263732e-01,5.655602478923245080e-01,5.399189541579652740e+01,1.087372236423298801e+02,1.545126669491409865e+00,4.457494268832761719e+01,4.843729479535946680e+00,5.873210670549896406e+01,2.612980242132167419e+01,1.954505834643782336e+01,6.848307813063341598e+01,1.513190618461923087e+01,9.382998851119188188e+00,3.523823044139006555e+01,7.955578684356682118e+01,6.363602409870870780e+00,2.054870496557918784e+02,4.664154509906364710e-01,6.461819771723467909e+01,5.615890851443318610e+01,3.961739000627981966e+01,7.462244675855819764e+01,2.578090868626048291e+02,1.815530584719872138e+02,2.853523083060984433e+01,3.596827049127573872e+01,1.176244102975740624e+01,9.875815542218647991e+00,2.129825736662111613e+00,8.861310173099960608e+00,4.777492009478939927e+00,4.951482169750916995e+01,5.162376589404698457e+00,1.364597735540242525e+02,2.105313469056718034e+01,2.199977149702129395e+02,4.956513599330556463e-01,3.466107958214220730e+01,2.842237876111091310e+01,3.568647234383795563e+01,6.929753947944385040e+00,9.940599831991606550e+01,3.633417735130566939e+01,1.658276573500216600e+01,5.451772334514409835e+01,3.216404961853243805e+01,5.971880938121508819e+01,6.544713602907261674e+00,6.476051491457661768e+01,4.641557033307634583e+01,8.236472208574438980e+01,5.168934202663755428e+01,2.111758475911503652e+01,2.012766673430533970e+01,1.337061961979082980e+02,6.169936798159013591e+01,2.832487472512690374e+01,1.892912198567616144e+01,1.641337419723091955e+02,1.364991728075406741e+01,9.517602814652947529e+01,5.265682881705506801e+00,1.463161252366926703e+02,4.758090567547902339e+01,1.341203625862002298e+02,2.113131295551335427e+02,2.090249137877890462e+02,2.134842433931022398e+01,1.339262159220864845e+01,1.532158572239225336e+01,5.689042762498188921e+01,1.351717736501294276e+01,6.075768872241225083e+00,1.342000075753631272e+01,2.537527625342679372e+01,8.867477242440658358e+01,1.510751087731943869e+02,2.077766124862421648e+01,2.580743453482072525e+01,1.274259420493274320e+02,2.131611375483839055e+01,6.582959730133156029e+01,1.108969520935445985e+02,7.452150508901223880e+00,3.454990742419126377e+02,4.168030271498906814e+01,1.419720227461406203e+01,3.864225549346326147e+02,3.050555190572019271e+01,2.291106941102925898e+00,2.570844930388929228e+01,7.799876564785733990e+01,1.542491451483380338e+01,2.037597399104754814e+01,7.264515947172839105e+01,3.934566152552517337e+01,2.395094468006353061e+00,2.203305570330067553e+02,1.579612773647935740e+02,2.975373877368717057e+00,5.051558380092727951e+00,1.194343885402054051e+00,8.287116484930309923e+01,3.673913719368459851e+01,1.810012491587572470e+01,9.241708856592863341e+00,1.937575618715938575e+01,2.285770250537325055e+01,2.086472718565635276e+01,8.391995056296902078e+01,2.376217148905766052e+01,3.816696549084867485e+01,2.594547650852239329e+01,6.683124275524191660e+01,2.611611966763610226e+01,2.137389864571101938e+01,1.925118596000132527e+02,3.092449228177125065e+01,3.149726762288841542e+01,2.465316840323204417e+00,1.232721381066550315e+01,1.337896081752402893e+02,4.484659934981659291e+01,3.155689715110732152e+01,1.148021901385483687e+02,8.417075729216431057e+01,6.454137130427748836e+00,7.889338313111173306e+01,1.257239861849467388e+01,9.315166789501885702e+00,1.575742077598189610e+02,3.584260045055473398e+01,5.283247293819269430e+01,1.420281484575614428e+01,5.761673997946700432e+00,2.487732445945510662e+01,2.444166510456700436e+01,3.266164124919765488e+00,1.383822389477153365e+02,7.100981696469274596e+01,6.010187544430911544e+01,3.135947021809557089e+00,4.164623102433684387e+00,1.601954720120752995e+01,2.180094307119116692e+01,1.363891182946213831e+01,1.951506298187386435e+01,3.273985003039395991e+01,6.362020234554798037e+01,2.574661070022804754e+00,3.148057048763766019e+00,5.264153131580190603e+00,1.420484965056652698e+02,2.920211905891114768e+01,9.418401531646030378e+01,1.507569469210943369e+00,4.142516032885652777e+01,2.961871048262725381e+01,2.687297234766317988e+00,1.556971170320906310e+02,6.568365113838400049e+00,2.710168751710429902e+01,2.971364357905487452e+01,3.844975239909184950e+01,1.283689030868153758e+01,2.177966579013392234e+01,2.483741041896085910e+00,4.612127056959486282e+01,1.666812831926361227e+01,1.914739464202824877e+02,6.911612159016601531e+00,1.989803776299078919e+01,2.539453969610044126e+01,4.608736174236206296e+01,1.168314376155366752e+01,2.200542098053536577e+01,7.138701271728954190e+00,9.990463905443277781e+01,1.491296949112289383e+00,3.775644640585633027e+01,8.303521132622664425e+01,4.919828234610606188e+01,7.843446224807019007e+01,5.503510969341454029e+01,6.189247114367581304e+01,2.397181673672237423e+01,6.689437905083535085e-01,7.864253901373048450e+01,1.349772600461048171e+02,9.516006781341410647e-01,1.736216994675757803e+02,3.664624338931459846e+01,3.277918906033053137e+00,4.907742543006673941e+01,5.770800287199237033e+01,2.380395160865603899e+01,1.048718396281153353e+01,3.498181897638477267e+02,1.047385289842631693e+02,3.327543356923285245e+01,1.547077798037727518e+02,7.756926433330349369e+01,2.614439501917087583e+01,3.601073890024220070e+00,7.836823851596791712e+01,4.166217634102020639e+01,7.352590176354506291e+00,1.986987418574599040e+00,3.999660400878108923e+00,4.857520287115622182e+01,5.953381463231159643e+01,1.012561076122821646e+02,2.568999935619342168e+01,2.514282217313956735e+00,2.654298306645733874e+01,3.302584568197629977e+01,5.067547883784406082e+01,3.219928334593156904e+01,1.060791376299105622e+02,3.696278185804996674e+00,1.107382665666301733e+02,1.522033391908525424e+01,1.067841022116187766e+01,3.976551270669463634e+01,3.996431064755824281e+01,1.133376586936206643e+01,2.680230974157126855e+00,1.629920538410828845e+00,1.025195392004781496e+02,2.373491496519860888e+01,9.757632896968503644e+01,8.404537072309798518e+00,9.016280001388066623e+00,4.206217738598311051e+00,6.339301740216433956e+01,2.819143458387400969e+01,2.798993949439417861e+01,1.814330310353075848e-01,1.133004014086606190e+02,3.377638077189714760e+00,9.728774942929562997e+01,2.928034013879095454e+01,1.160288698357421140e+02,1.782867131207968114e+01,1.275910301168645411e+01,2.556496462788068769e+01,1.591776823831770393e+01,8.629512537118397120e+01,7.308440425982423960e+01,1.620555073718110606e+01,3.698753963843191173e+01,2.475116428318849060e+01,1.623456056215235037e+02,3.604824387447263803e+02,2.363992223740026688e+01,6.219562199661431201e+00,1.483665680153095678e+01,5.951732504521566369e+01,6.102657646172357175e+00,1.209140592576552962e+02,6.120957391681935977e-01,3.497944509729067164e+01,1.217000037642483434e+01,3.688993137373281428e+01,5.661387691778481113e+00,9.403494605176304333e+01,4.578754982624410985e+01,2.938836076483148076e+02,3.937556709891348206e+00,5.342702521885985156e+00,7.273776952225560422e+01,1.777379817647003790e+01,2.682171839236778510e+01,8.723906979758810110e+01,5.168765490301891141e+00,1.898306957532603789e+01,1.087230557727229652e+01,1.619144075088401991e+01,1.017463864325720913e+01,8.354553951123230959e+00,5.905708145184527069e+01,2.768993006334909524e+00,1.199304979452085362e+01,9.433742230369118431e+01,1.658137993708062368e+02,1.776645632804759600e+01,3.995153077242989070e+01,3.220629756135175370e+01,4.956639213665993360e+00,2.812987687389727398e+01,1.946534168440830825e+01,1.465156381291952847e+01,2.858866928247694261e+01,1.646928914247700604e+01,1.338201453421278764e+01,1.506859178633940211e+01,1.014272432893595379e+02,9.808934206011595336e+01,1.136632050679276347e+02,5.652612454145981502e+01,6.872102797916051031e+01,7.811682844719791774e+01,6.362664662430098161e+01,8.990179158848352614e+00,1.951212063459919710e+00,1.478668665394897346e+02,4.703278958263109821e+00,1.942074863826889342e+01,1.138864200731760121e+02,6.291238429995625658e+00,6.862852150247250904e+01,5.300809225040516282e+01,2.830512514238887167e+00,1.645286381846362644e+01,3.709435132963519521e+01,3.698612347321861904e+01,1.055928394896085365e+02,1.141765954817718409e+01,5.985763033276839451e+01,1.809661479565856368e+01,9.616357478307364204e+00,5.338877096744177919e+01,1.894540829044469277e+01,1.005774750250298233e+01,1.532236453860596193e+01,1.012771499193482185e+02,7.853570985250319936e+00,3.909402736515805721e+00,6.754507740369838587e+01,4.394487721099332944e+00,2.821075983007398236e+01,1.964531465937566501e-01,2.419330455934433814e+02,4.037778458197228559e+01,9.375158550275990876e+00,1.265335055371873949e+02,7.103090438750004898e-01,2.192719257026387147e+00,1.122342715436141702e+02,3.335859597556343914e+01,3.005755935997371253e+01,7.814356765781989900e+00,2.080807351787020991e+02,2.626467828920078773e+01,7.157310574306885087e+01,5.262709642871953264e+01,4.635459091870605874e+01,4.000782079783690648e+01,4.349993665366821460e+01,5.638333637594507053e+01,3.993103147272598363e+01,1.033483069858643155e+01,2.037698926466451788e+00,1.424902152915658071e+01,5.497478390384954672e+00,9.321754249198933451e+01,4.440672052492160304e+01,1.337624228556908008e+02,4.326372145544107539e+00,6.452003080530993806e+00,1.949121969897644524e+00,4.682949467581246417e+00,9.031002561140583396e+01,9.507821913880201237e+01,6.440485863199056382e+01,4.384595604029835059e+00,3.852253147747028805e+01,2.961414006588423931e+01,1.868432593625274407e+01,4.198417583432164868e+00,7.950563131257687211e+00,9.729647517945972934e-01,3.594960011250623477e+00,5.082439851034742873e+01,5.921720149029079039e+01,4.094397103736610255e+00,1.185193472091930489e-01,3.853991344540133923e+01,1.992229396882559342e+02,2.223045314228847857e+01,2.105040795771011020e+01,5.609150870277837697e+01,3.520164999452088495e+01,2.223306410941010469e+01,4.247444241978762136e+01,2.029969748281775921e+01,1.865019590146212636e+01,4.745486113507758574e+01,4.567395110749134091e+01,1.225929641985328011e+01,3.023091629528755675e+01,5.063884620924114621e+00,2.048101236131416591e-01,5.858595947088163314e+01,1.249850486284573350e+02,8.218558240839614371e+01,4.759436101877606262e+01,4.400832785497240884e+00,9.707153805934074953e+00,1.093297524943670673e+01,6.279841873102092364e+01,1.191076778571404704e+00,3.982607008117282188e+00,4.386470144951444894e+01,1.847918318237145474e+00,9.207004387818770397e+01,9.899346762161210123e+00,1.806715071163319237e+02,2.377560955452331015e+01,9.726023571283842273e+01,2.134713774147798304e+01,4.804708638421033129e+01,1.671285616496805204e+01,1.548677897981159113e+01,1.831532532669993074e+01,1.087970932772472281e+02,4.897723965905016286e+01,3.979587740143727359e+01,3.486773313461591073e+01,9.990057540576651718e+01,2.572608132828821113e+02,6.943077924005320867e+00,3.382773265097180229e+02,2.141408712074067466e+01,1.835665780787230617e+01,1.723528281853887378e+01,1.193210073783111902e+01,1.992439675669239207e+01,2.595807678203463453e+01,3.438432569437623698e+01,1.881695088546366605e+02,8.828551490848307992e+01,1.762043048621275787e+01,4.004474798479455089e+00,5.807063201434716149e+01,4.806842281355408808e+00,1.180671925723188878e+02,2.142918972753320972e+01,1.349457453737511798e+02,2.014361066860700689e+01,6.778964530644265096e+01,1.113890817494393701e+02,1.327003390474539231e+02,1.062675060573459440e+01,8.782151139339562462e+01,3.059406030385019903e+01,9.789774443094383827e+00,8.626216518598557315e+00,3.968245818612943054e+01,1.533277047786856917e+00,1.859569802510295915e+02,3.762254616600309731e+01,6.348235415230646161e+00,4.414955057857007148e+00,1.465353255247858755e+00,1.225812344556813116e+02,3.696692289767429696e+00,1.035169617443901302e+02,9.393588655298994894e+00,5.281699501100564476e+01,2.143977994260847808e+01,1.837181698326605606e+00,1.331339275416348045e+01,1.169843218957673292e+00,4.035266116273739101e+00,2.822385830428978082e+01,5.290069727399303900e+01,4.649922280594268642e+01,6.133674564486631908e+01,2.357210394729535707e+01,1.331437329863044567e+02,1.116410886240823999e+02,8.424879671172747919e+01,9.304331768617990051e+00,1.496290939669387114e+02,7.154661766793802258e+01,3.828693758036742878e+01,5.384607295915478886e+01,3.704955567644822878e+01,5.552689022493743920e+01,2.417066693731501914e+02,2.320340425711267685e+01,3.526179468243518755e+01,7.003521710678652035e+00,7.517262664934883709e+00,9.620666821607157715e+01,1.337876574086687071e+02,8.749935660607837562e+00,6.964522481465857595e+01,4.388161958026040921e+00,9.777742692340051223e-01,1.334564698100422397e+01,1.414064315732359578e+00,8.703641466099612956e+01,9.213701548432768007e+00,1.873019437728419945e+01,4.840032573483127543e+00,8.207252460634675728e+00,1.698915778626092106e+02,5.594716337460613254e+00,2.102815585962901324e+01,4.212838993717764424e+01,5.687732371284219823e+01,8.833086597660495087e+00,7.451673542895021285e+01,6.875967044871656242e+01,3.321222069717127301e+00,2.868072926248597909e+01,3.007132995827041100e+01,2.818332355461257710e-01,2.020097376872147876e+01,6.153667124994053772e+00,2.997556582732970210e+00,8.368965245732249514e+01,4.912173830187344770e+00,4.683653125554152297e+01,4.664065483563080505e+01,7.738165312764499504e+01,5.261382970098495093e+01,4.979216928617001514e+01,1.106626967483379609e+01,4.721391673450056281e+00,3.311506404794841529e+01,6.447489704516966924e+01,3.753531445447072912e+01,3.970958448492843473e+01,8.939445178336946185e+00,3.558924518840473183e+01,4.365828221786555474e+01,4.775708267777977056e+01,3.901283423694794550e+01,1.235801622293799618e+01,1.231914572776155978e+02,8.429568597810845887e+00,2.117987888158289067e+01,4.037090952260520993e+01,8.880951110383601588e+01,2.168768306991048078e+01,6.422605142461358163e+00,9.812306284113860499e+01,8.351879565556048135e+01,2.498092841743364989e+00,1.413584383687843982e+01,6.205850665762064722e+01,6.037963443985437273e+00,2.683445679096557157e+01,4.577330306335171173e+01,9.708070885614063172e+01,1.657633341028411422e+00,8.261803321985432547e+00,8.303805350494201321e+01,8.392240706680733808e+01,6.162493119216564175e+00,3.424585346478079373e+01,8.151726800142922968e+01,5.034709743972913998e+01,1.587249128680577037e+01,1.323920944993625710e+02,2.988679241614623550e+01,8.541700155130556027e+01,3.135349584644018606e+01,1.663746254403914193e+01,9.087345773367654544e+01,1.656539449665501991e+02,2.801758192658556723e+01,4.054613331463770720e+01,5.236431928217221099e+01,4.125429870362402340e+01,3.220878452918660884e+01,4.611899414836159394e+01,3.127447965550331688e+01,1.064087123288595507e+02,6.695726450910031247e+01,4.236374328246902188e+00,6.325458438408964668e+01,6.760990386135436125e+00,1.220565413993260506e+01,5.037085533675224980e+01,2.156595126837621024e+01,6.769959676253712644e+01,2.420589297679273333e+00,1.624648211609124004e+01,2.110482467531745954e+01,1.450534222008681162e+01,4.166194725035498436e+01,8.222022664483825238e+00,8.305431656593000866e+01,8.334042266576115310e+01,7.137165293856240567e+01,4.521067821679682908e+00,1.082630835540396852e+00,5.082919921573185462e+01,6.022830940600056238e+01,1.392760996484829938e+01,4.683864520769815520e+00,9.162072859016183202e+01,3.584043568462355722e+01,2.333486223717205377e+00,4.291602194792945824e+01,8.003765132045180053e+01,1.309902761256213637e+02,2.600152544884494077e+01,2.700221831387019478e+01,1.384579472468258909e-01,3.861557384348354560e+01,7.961391728023228254e+00,5.008373779554465166e+00,7.520952687436994211e+01,9.337592760306836936e+00,1.506939490238832491e+02,9.885152629969223170e+00,9.542001324952311236e+00,3.188603658605178381e+01,2.451055385547329024e+01,1.254055392054161899e+01,1.731079189626023052e+01,1.066662857795148369e+02,4.030950635125724801e+01,1.434154425443409941e+01,3.342399848384097538e+01,5.633359218493549747e+01,4.428715534061919357e+01,2.444738432557840824e+01,2.573878436837940740e+02,1.007885143807144779e+00,1.184621617374395584e+02,3.508778188713240098e+01,3.090321368288790893e+01,3.374488020128963939e+01,7.252337091173941985e+01,5.710235968461529410e+01,3.747041938060051081e+01,1.689297060968879123e+02,6.146029629202480038e+01,1.025726080800897932e+01,2.460505178800505917e+02,4.190564061695403808e+01,1.670948476347922451e+01,9.514012078452633858e+00,1.784431636867651960e+01,3.521232634264719508e+01,4.171515602421038693e+00,2.545839444549216513e+00,1.675930816942078820e+02,4.502935253558987228e+01,1.069829210918463325e+01,1.465712794802389851e+01,1.138799825570141877e+01,3.033720730637146534e+00,3.979250559991314873e+01,5.138251679313179210e+01,7.787821839830479576e+01,2.501962410218252231e+01,9.824819832508124762e+01,1.067397693445341957e+02,4.985451781417772565e+01,8.904085000687855711e+01,3.655875482247989527e+00,3.691481190111392152e+01,5.075682894678737966e+01
1.496783036158126663e+02,1.214951668787083179e+02,1.221351342952198280e+02,3.714155608147989174e+00,1.965279566912474536e+02,7.509552016348693826e+01,9.555646545510167300e+01,2.481175578288816297e+00,1.082489177242595559e+02,6.187382198447757276e+01,5.229767932599759206e+01,3.274581048985354670e+01,3.731637545017296986e+01,5.903156473539397098e+01,3.895924393798510010e+01,7.234250172395969969e+01,6.966700627137710455e+01,1.416077690018484603e+01,1.426429466437558062e+02,1.039901134377292493e+02,5.186324866986211646e+01,1.063150828409111703e+01,8.982964283011148154e+01,2.062052073620646464e+00,1.950305058767824917e+01,5.449113776463953940e+01,1.258764756249636321e+02,9.443629714879003600e+00,2.480911693699123930e+02,8.107240858270897377e+01,4.049529421972055587e+01,3.151885788111563258e+01,3.933355654984470675e+02,2.476576643199131240e+02,1.384215606041693718e+02,6.024304173989568767e+01,2.289333250369594452e+01,1.141626874088406254e+02,6.884151937452691072e+01,1.474446125995158923e+02,5.939436000170595520e+01,1.496069139091032980e+02,2.201337584933146445e+02,3.313624191991786816e+00,3.053381295637219939e+00,1.103290157079781579e+02,1.212246046188962794e+02,1.453531148959663994e+02,1.630562439335031399e+02,1.247439404461971293e+02,1.163001093579518574e+01,1.858578594072587720e+01,6.860356477530396546e+01,4.235730856987921555e+01,1.933431572901246227e+02,6.985560779787233798e+01,4.933999924502188605e+01,1.430670891499714799e+02,1.289244157634290673e+02,1.191288210857548648e+02,2.374126119237903865e+01,2.510520775518042740e+02,3.376574266998257912e+01,6.832720618599432783e+01,1.019380906416138401e+02,2.241145799329774775e+02,2.950012712027685780e+01,6.754613629633206529e+01,3.255637967156545898e+01,2.100635737510032541e+01,5.711400225126891428e+01,3.560808311899443765e+02,1.552453013354463849e+02,2.631418141298894966e+02,2.293368087060610776e+02,8.436530572664720751e+01,6.770610448742457876e+00,7.316174283085936736e+01,9.064642206857486428e+01,3.170538996188957981e+01,1.251055550739999802e+02,5.332994442973018323e+01,5.864974912985651656e+01,1.649855042676204278e+02,3.223625362711046449e+01,1.272148398636261213e+01,4.745072053223702113e+01,8.907476526887013790e+01,1.189603541714640613e+02,4.221906700907124588e+01,1.655160700666193350e+02,2.113883830588268253e+01,1.226256561673394998e+02,6.720887518743707290e+01,2.672822476163923966e+02,3.143284248861083938e+02,5.400540662029847994e+01,2.260516725499547874e+02,3.037966020315811875e+02,3.097824951520208003e+01,2.642181428185227166e+00,1.743272916605994567e+02,2.085216093409166049e+01,3.754266080281708895e+01,2.316233348392722746e+01,7.382873525468875187e+01,2.113934023530106572e+02,1.666329311144266114e+02,1.286440948782876319e+02,1.364865219885628989e+01,1.709547777184479003e+02,8.575900190367354980e+01,9.302526209839227533e+01,5.794692925624421953e+00,2.143624651191494834e+01,2.397461949997366393e+00,1.991708425630204715e+02,1.057202571337429786e+00,3.417807074564456826e+01,1.739523142257600057e+02,1.231304218066430991e+02,1.230790943169835505e-01,2.046762367069250388e+01,2.922019357107203632e+02,2.074604458753347274e+02,2.772100387521140306e+02,6.604401191345806410e+01,5.770234348601809948e+00,4.664508263082219486e+01,3.156125098163477674e+02,1.513060167984512638e+01,2.662469420845670811e+02,1.785199895950788118e+02,4.946227081083541322e+01,2.700056995525166315e+00,1.679499436974791138e+02,3.709148945188146484e+01,2.024708810040467881e+02,3.965788888616112473e+01,6.528691625870140847e+00,2.161072104541009509e+01,1.773330389800530682e+01,2.678650925483835010e+01,1.095910520316830485e+02,9.452944691747030959e+01,1.107972004664184027e+02,4.279305948941802029e+01,1.492856822855733583e+02,1.800607047194698680e+02,1.437259670994936016e+02,3.849082337359216410e+01,6.975444058589032181e+01,1.160019449246108678e+02,1.857941170758268470e+02,8.834679423849506463e+01,4.090297470690820347e+01,1.381678649123211926e+02,5.302238943222420886e+01,3.834231567408029662e+01,1.214658976733283957e+01,2.680580829130159604e+00,1.531660054462474818e+01,1.669367151077960898e+02,4.385577863957794875e+01,1.380251339588014048e+01,7.825701374040248481e+01,2.688584347607661016e+02,1.706490908580922650e+01,4.311177753396450640e+01,1.164689425323798986e+02,4.021856533608649187e+01,4.448338205143933237e+02,7.486618105693631264e+01,4.584950264800711039e+01,1.341655528852234340e+02,3.580413117926062938e+01,3.041215753751852731e+02,1.878114381924602583e+01,8.382635240935414345e+01,1.947733789275701710e+01,1.263003653204427508e+02,3.419148004279779229e+01,9.290102763962988064e+00,1.712819990267570631e+02,5.622269359680372958e+01,6.645780906259140863e+01,9.141652344406438147e+01,1.261966127265368556e+02,2.393550671235803122e+02,1.752942944499574196e+02,2.725524218367149842e+01,1.575531759306064927e+01,3.319171234498816858e+01,1.122620316172175734e+02,1.080671334796893257e+00,2.219512192677486837e+02,1.398950832817708374e+02,4.252814639831407106e+01,8.015634567097022511e+01,1.898043499767451010e+02,2.079441865045101565e+02,1.086455730246693996e+01,1.106743400572382683e+02,3.752709632966621456e+01,6.302132523257100161e+01,7.324457881675626503e+00,1.221552862751786392e+02,1.063735544253497807e+02,8.458048737696898911e+01,3.701171225189141722e+01,7.462889910818267802e-01,3.149987239271194284e+01,8.224396373572318453e+01,1.543683784470320290e+02,5.913446165621411410e+01,8.587936010526168218e+01,2.390555922437865775e+02,2.901918631900081635e+01,1.791584565310347159e+02,2.449619212269163882e+01,2.982827012539912062e+02,1.067248948684016199e+02,1.839389728276753146e+02,2.518806033712249981e+00,3.929704805416024982e+01,9.911374412226370723e+00,2.043585177283400611e+01,1.249480644461672796e+02,4.393975803060868657e+01,2.487198833746689175e+01,4.524762863747633190e+01,1.529593899096532361e+01,3.575085176783113070e+02,9.151322870400254317e+01,8.753857447382797830e+01,2.698654828213509305e+01,3.747037205568360463e+01,5.053318019973690234e+00,1.051162334716138957e+02,3.531241615640134768e+01,8.236831669039152359e+01,4.290649459468411209e+01,5.683210235781508857e+01,1.577042936093226722e+01,1.808106583676144226e+02,7.276793640237562499e+01,4.284769603126198234e+01,8.890271803659017280e+01,2.614119895793171509e+02,1.178750218717439857e+01,4.515018272417052003e+01,3.675514696725891639e+01,2.181418297733781912e+02,3.861043154295949620e+01,1.619936122804371053e+02,4.449954613511685153e+01,5.557211581692109803e+01,5.058749517498029746e+01,1.824847069979784742e+00,8.808777262530240648e+01,6.005526694998516035e+01,3.848308630884832837e+01,8.181712517758684555e+01,1.120807895999194557e+02,6.136715811873408910e+01,4.664531827318010748e+00,1.940066148715400516e+02,1.015344606017959990e+02,2.163780704317847992e+01,9.883810676574454135e+01,2.376689994219347284e+02,1.621160643232490628e+01,8.401691561576841139e+01,4.551688812111959237e+01,2.343792301967322942e+02,2.428835033003138903e+02,7.048199057690878533e+01,6.787155078448103041e+01,8.005290305944429008e+01,1.101776352976871323e+02,5.152784945677879591e+01,4.623481990999151137e+00,8.044213445832988363e-01,8.809342632792629502e+01,1.170494678713701386e+00,4.048361579333324300e+01,5.469983190832255104e+01,2.381124849046116765e+01,1.577318723856940323e+02,3.567099492955059503e+01,2.718717265355218160e+02,1.427774956287569523e+02,2.276001416977378540e+02,7.133835167719227854e+01,2.681907296809085750e+01,1.269801087984148467e+02,3.252664511244631740e+00,3.685928131750652881e+01,9.310933112911621734e+00,2.424176229657101374e+02,1.459847503528984873e+02,9.624556555213588638e+01,8.987524406861025383e+00,9.547468590869586080e+01,8.821754520947406775e+01,2.814455762320608656e+01,1.918569179482560969e+02,2.495449123948834469e+01,1.429088739505602632e+02,1.120841745551943625e+01,1.522449967948773235e+02,2.108985329818455909e+02,2.453904195159434565e+01,6.461674440308648570e+01,1.211031627236415744e+02,1.062154915055226923e+02,3.192480927874988197e+02,3.121672698592103856e+01,2.261432655100668114e+02,9.275713971209137299e+01,1.306314221765574928e+02,1.255797510642096739e+02,4.478537711591696002e+00,1.932498298836798085e+02,1.582839478132904105e+02,2.736179177551173893e+02,7.574019905872707170e+01,1.574748242612037359e+02,4.577083637193374699e+01,1.377736042102295322e+01,3.342564388305731171e+01,1.321433452698575479e+02,4.297914469372877733e+01,1.012093556558397864e+02,9.715943847705341341e+01,4.087765829164055020e+01,2.265089004476871253e+02,1.508931330145520917e+02,6.928127091225947254e+01,7.268616473235100273e+01,6.512021064894278766e+01,2.661606824203051147e+01,2.617373738850147902e+01,1.594676952547439726e+02,6.670222374488200323e+00,1.042121067663240019e+01,2.360665721079462287e+02,8.221826474327698975e+01,1.735679815559346935e+02,3.603096718567967827e+01,1.544346688634113063e+00,7.671605988578291146e+01,1.582402901433573277e+02,1.306771336369244096e+01,1.673746907178336016e+02,4.922654703880558813e+00,3.419741667656580262e+02,9.545097246720649764e+01,2.823719546284069679e+02,2.025848548890639051e+02,1.713548229584911269e+02,8.897697764363680051e+01,1.436936867309755961e+01,8.963381008613542633e+01,7.082887003604638210e+01,4.213488081541078856e+01,7.069871104257440919e+00,9.878192979161369180e+00,1.006092322579866192e+02,1.941634031679472798e+02,1.968191930342222520e+02,1.626448818436736303e+02,7.360343999324038045e+00,1.096756072104585940e+02,4.093430622502361160e+01,9.255004680012355323e+00,3.081516359443756770e+01,2.190910133873002863e+01,3.935922910548064380e+01,3.179659097235194665e+01,6.236243627809223256e+01,4.305582481496770392e-02,1.269434874840372807e+01,1.868560638550253783e+00,1.204768050759398648e+02,7.497065250009904958e+01,2.159778083861104392e+01,2.507593141976007090e+01,1.261270800438447424e+02,1.122959822544577122e+02,1.189257801433899573e+02,1.735723456634989859e+01,6.290308377797215655e+01,1.701755897062082852e+02,2.276666488031207507e+02,1.177223709088934811e+02,1.422559435081466290e+02,1.514918270033570309e+02,1.558377566082361376e+01,7.614115408946933883e+01,9.291867838004568725e+00,1.084634311683387722e+02,7.680439322527982426e+01,4.642340582164295171e+01,4.201959411533122335e+01,4.140254625070660666e+01,7.302728333299859287e+01,3.686525146586263446e+01,9.998310849146717771e+01,4.703147641198658135e+00,7.125368792183914834e+00,5.945783039597775321e+00,3.859999449275682792e+01,8.865403303116137579e+01,1.598462723011762137e+02,5.514833409765870442e+00,1.950113036537117353e+02,5.163401853352991111e+01,3.113378864273139470e+02,1.649969331986632071e+01,9.951264976857851607e+00,9.143252286835659959e+01,1.563051780486074165e+02,2.649058091971456861e+02,2.187761058927256670e+02,1.077416151475192230e+01,3.056695529128984035e+01,2.483087836494297278e+02,1.394786450056781368e-01,1.300496602654838512e+02,3.502537325554224594e+02,3.590099348183927219e+01,3.184016896832248644e+00,2.564405585101001748e+02,1.425399316723576533e+02,4.877258148009292427e+01,1.006648056656930947e+02,1.611574434786228949e+02,2.924441975995825871e+01,9.067550842296456892e+01,2.698408318163577633e+02,3.226435461301897334e+01,7.224790194829354562e+01,6.858721445482815682e+01,5.779446251012643643e+01,1.547832000972354471e+01,1.734938090286642591e+02,6.250511693683656489e+01,2.660600650738533659e+02,1.946218349194476502e+02,4.310345571997357439e+01,1.421071637065002591e+01,4.567773812460688987e+01,3.540467491681695122e+01,8.742530622025755349e+01,2.147485842655507042e+02,7.916204528603691415e+01,1.768350625400958975e+01,1.147250169160396780e+02,5.959180137609280337e+01,8.557769305917587133e+01,1.097333301289917387e+02,1.070763920337142849e+02,1.091201772754668582e+02,4.608899618196908676e+01,4.752825302826369125e+01,1.072705792892226206e+01,1.119660155442429961e+01,9.025545972326723643e+01,3.195091046570730597e+01,1.675489706713846871e+01,2.946997766575609301e+00,9.871143923648550356e+01,4.601657504762956563e+01,9.880891053361250398e-01,2.423689697293168077e+00,9.125552125838733275e+01,6.888927694156913617e+01,2.050354927844498718e+02,4.003927696463655650e+01,2.434259829259781043e+02,2.349866188165099175e+02,8.916621368883356524e+01,9.824495637323650499e+01,6.494870024548768583e+01,1.658525020465594579e+01,1.353339346764788047e+02,3.383909269042145951e+01,2.406829573932757000e+02,2.125793565415193314e+02,3.767846719835867386e+00,1.791894478185059540e+02,8.894427663582065691e+01,5.797663163032834177e+01,6.178454900207867695e+01,8.947380362809583687e+01,7.093846624951902413e+01,2.988577990196654923e+02,2.333165988418295456e+02,7.413649645178763592e+01,2.559013749134418703e+01,6.814646737929937359e+00,1.327053400155958514e+02,1.626000824159910962e+01,2.069727001725929583e+01,3.711266599688536161e+01,2.010561835593835767e+01,1.135875413452735927e+02,9.939270070351777520e+01,8.271128470022871682e+01,4.143009383578811367e+01,6.423124743201123010e+01,6.179126827393056409e+00,8.531948014625257315e+01,1.541407716276379176e+02,2.251364983717560335e+02,9.745342294771120351e+01,5.406871685457489463e+01,8.749080288545273731e+01,5.958987502099716060e+00,1.509112786030724749e+02,1.152653300237484899e+02,8.124638688147102528e+01,4.800407775527197174e+01,1.975835548435661906e+02,3.035672598243572793e+02,3.310167280267517640e+02,1.535499044221347447e+02,2.216405580781520257e+02,7.052870016121262609e+01,3.289158601374670354e+01,1.591401289714881671e+02,1.274299759362983586e+01,1.294324443128730024e+02,2.895045967810220588e+01,2.873304236139938439e+01,1.651292964455960544e+01,6.724823083203567364e+01,1.069743922929917943e+02,1.022308601831334869e+02,1.275581873139050657e+02,4.411587388975498811e+02,1.085157161009748847e+02,1.023492650945180458e+02,2.723239329208265147e+01,1.306376643099305390e+01,2.943968488498114411e+01,1.529608978439591738e+02,6.857582222298971431e+01,4.273436176140449305e+01,1.935777788879370931e+01,3.119854060881024793e+01,1.361136373390948684e+01,6.105085829411906140e+00,1.137450698326543375e+02,2.148539517549505007e+01,5.257940070949737077e+01,7.175561312030493077e+00,2.520640231540929221e+01,6.038578873543923464e+01,1.006360380542210322e+02,2.441335502549719649e+02,9.601603549707206753e+01,6.941437315443538125e+01,3.453568444126678116e+01,7.221747174831976679e+01,1.618543466835850930e+00,3.325962490166865138e+01,1.100538044477542599e+02,1.530227185311801819e+01,5.884359845978018910e+01,2.592414351844777798e+02,2.469170743308254146e+01,2.603907911400158923e+02,6.995636991913997349e+01,3.807330555670616690e+01,1.079409380668899132e+01,9.208878339482301101e+01,1.369882436667661807e+01,2.582580171272157088e+01,1.868990254108774991e+02,1.281806838094241812e+02,2.254245516313435189e+02,3.574444805857055485e+00,1.333019509219249876e+01,3.186245803093214946e+01,2.231134865882771408e+02,1.347771589011705089e+02,8.835175695477370539e+01,2.377498805357980061e+01,1.468256028791751078e+02,1.127282891717742608e+01,5.882569289501857668e+01,3.229598392413230812e+01,1.866521635964099346e+02,1.011477700540486211e+02,7.476176924007761215e+01,1.271996072849901616e+01,7.795917966288713785e+01,8.065912397229605801e+01,8.781133113779982580e+01,1.500949518900347073e+02,1.545339876399920911e+02,4.272959265861423006e+01,1.281884049939739612e+02,3.111418179227734981e+01,1.826708706110764169e+01,2.116369307661224752e+02,2.404341220248261664e+02,2.924863314417098437e+01,1.454389606359434310e+02,2.135967192152579912e+02,3.924327551831336525e+00,1.217840753434346510e+02,5.131194523410727726e+01,3.461697998037789148e+01,1.116475630239304451e+02,9.646150249039119728e+01,3.647529780593061588e+01,3.574388435995414781e+00,2.197048636687788985e+02,2.211124559171566091e+02,2.821269538775035812e+01,3.837009130256929978e+01,2.122681932985642916e+01,6.895479526383175539e+01,3.685690081804587948e+01,1.138178456956032392e+02,2.049416329598987474e+01,5.022098688505693787e+01,2.180133479405031380e+02,6.122781245938598715e+01,8.371635384918578282e+00,9.768247286267046547e+01,3.901496943308458043e+01,7.285277428621837714e+01,1.504677559503386703e+02,9.708226453101603681e+01,1.331576941346231706e+02,1.868824466177305794e+02,1.783588049904263428e+01,2.528991525442169763e+00,1.136220893028811751e+01,1.065508832385936415e+02,6.993330229062736692e+01,1.041598757783536122e+01,1.321365664040959409e+01,3.197029522480481205e+02,1.176966546631271058e+02,6.196533230718954854e+01,4.858551991695378547e+01,8.679100173173688759e+00,1.127177667568383583e+02,4.597639867188751595e+01,4.052553801774728015e+01,5.475885516844059708e+01,4.338082483715312065e+01,2.383529122905010809e+02,3.425026682919735066e+01,1.624112856349254059e+02,5.337649200785720893e+01,4.920664764713276185e+00,8.921217016025295266e+01,3.785376840304981272e+01,1.141894002191378519e+02,4.395947207541325241e+01,1.836544624483969130e+02,1.035133771097770392e+02,1.996683667803623408e+01,1.219991116901595092e+02,7.406083105000254818e+01,2.690063827944930495e+02,2.404621782392348166e+02,1.018139675410309479e+02,3.003716073866915437e+01,1.217017936097957289e+02,9.807734916142767645e+01,7.682357640511143870e+01,1.211037520761687034e+02,1.718155786452288964e+02,1.254729655940403319e+02,4.821990998508751858e+01,5.778724894623890052e+00,2.226360814749977379e+01,7.312972086956628459e+01,4.251079564410017753e+01,2.987470277006610218e+02,1.809739900389080276e+02,9.104885692766705674e+00,2.279214196104785515e+02,2.138651554890719524e+02,1.479295251485399092e+02,7.180501682873011937e+00,6.999585553275187522e+01,1.547079674459538126e+02,2.384898265867738587e+01,2.549412038187928076e+01,1.327796193470710477e+02,1.568088299306048583e+01,9.409259421984400262e+01,1.151710393975592837e+02,1.179538433077043038e+02,1.420924062389147480e+02,4.266640503429757558e+01,6.438639558812225516e+01,6.115088127719879907e+01,2.891200448876013240e+01,6.342522143615900632e+01,2.161509552481619494e+02,5.801863930595131791e+01,7.152034311068280914e+00,5.628399071479124416e+01,6.095511892850716151e+01,9.592357468609212390e+01,5.606318100129548299e+01,9.113654171177552499e+00,1.618435064503996443e+02,1.166793193869892553e+00,1.364135402895490756e+02,5.556787085024773631e+01,8.510904657764338310e+01,5.805665408392327720e+01,1.169418185697348918e+02,5.439990195591039424e+01,7.619951032027354643e+01,1.983856597073646242e+02,2.722366114882351251e+00,4.575819109835376963e+01,9.444699860548415415e+01,1.438749294314782219e+02,1.171541380940745256e+02,1.374739121465765379e+02,1.338597337228718516e+02,2.719612968403648878e+01,7.155286481359928530e+01,1.012014634358105525e+02,3.615518251094925262e+01,1.517752458060836886e+02,7.012427748384956772e+01,7.183400932384888193e+00,8.990162383792848289e+01,1.584922262323453594e+02,1.251558950068275209e+02,3.092097238334563372e+02,1.188234547600356308e+02,1.615233391794623401e+02,1.761719826726453846e+02,5.650714931185942369e+00,1.693434098743982119e+01,6.609495996134641871e+01,1.432065082877405615e+01,3.123690912007361575e+01,2.129155635442643586e+02,2.215794478041360378e+02,5.362585279845724529e+01,4.533815945029460437e+01,2.781868741341075335e+01,1.750318423094811067e+02,1.349213548704921379e+02,7.721717900279946889e+01,8.697201036553137499e+01,3.455890884185495793e+01,7.336611676296276130e+01,2.022913573209444564e+02,2.832337351983454266e+00,1.353488902924734987e+02,1.584465130286576340e+01,2.594172233666722036e+02,2.587764457398423588e+02,1.145182826073449860e+02,9.258341740928960917e+01,1.513329416782543468e+01,1.741968711638724869e+02,9.281305561676077787e+01,4.801848917167320430e+00,2.277913154712727462e+01,1.075335405374636082e+02,2.466864962065892541e+01,1.513911063418368315e+02,1.208366452748822297e+02,4.451321179177888325e+02,7.108440285725039587e+01,1.277166131437745378e+02,1.674388248441877920e+02,4.870850214581273718e+01,7.632875166558106628e+01,1.007407574720828336e+02,1.747859453189324341e+01,8.978189954788796001e+00,1.046856888056006341e+01,1.606209836135116475e+01,3.833322594642233838e+01,1.397165643606262790e+02,3.934175157221341124e+02,2.692098247570849026e+02,8.445689132238797470e+01,9.278920546363484334e+01,9.731627106864962684e+01,2.723374107598668559e+01,4.393684271330820224e+01,1.888050986095996109e+02,1.037366438922967582e+01,1.683079684004014496e+02,2.063280428713671881e+02,2.214569266429785728e+02,3.866337721761297530e+01,3.174023922687530899e+02,8.660509954538251520e+01,7.107642349676532945e+01,1.696982460629740501e+02,2.476013875870607706e+01,1.278959601112856319e+02,1.110949607580535172e+02,1.188621012312216330e+01,2.646369777853351835e+01,3.250011515542247054e+01,6.512520034230986710e+01,3.155989434449981701e+01,4.254668012944663502e+01,2.555820859561472957e+02,1.121930438824614384e+02,6.530105692833579667e+01,5.785860742221786523e+01,1.513191252197794086e+02,1.167261129042039869e+01,5.834183505548207194e+00,3.129988157504059387e+01,5.412805505646031179e+01,2.642023226205755915e+00,9.002040286514831280e+01,3.567043710660530564e+01,4.289649204421188955e+01,2.013724267851796128e+02,9.091148828584812236e+01,1.275383979346144656e+02,1.742653648255304404e+02,2.814619882702938867e+02,2.205569101390598874e+01,9.509253627633496819e+01,5.990125543704175470e+01,3.620918341958174125e+01,2.858241501359991332e+01,7.990523940458800212e+00,3.337715655191249198e+01,7.870517109016631707e+01,7.135555324871303640e+01,1.354320474530340057e+01,4.842741645169220277e+01,3.369395639834487355e+01,9.370341606725141048e+00,1.495368180790810868e+02,2.978071778603240105e+01,2.978407908653135223e+02,1.770510970562345321e+01,7.090899147286898740e-01,5.339191873528598364e+00,2.273838999132516676e+02,4.161815019174175490e+01,1.001715447428722570e+02,2.372299061950945713e+02,3.458544226262518464e+02,5.108989735419342537e+01,4.142975899164097342e+01,3.743461844606550670e+01,2.089385514013215754e+02,2.137728344985487361e+00,2.369501933761836483e+02,3.121597154719251535e+02,2.142248157950845382e+02,1.399220350942465814e+02,7.047529524448273719e+01,7.321394502928386316e+01,2.644866333828127836e+01,5.320013375837120861e+01,1.916640560147775147e+02,8.314437893661670387e+01,2.903494534197428223e+01,1.263726244044676861e+01,1.037373200928605321e+01,7.801974006482962132e+00,1.248896162636792440e+02,3.515742541048949192e+02,4.403133963422550812e-02,1.307814576881051778e+02,1.018165784327926957e+02,6.372255220426652755e+01,1.648449470653869398e+01,1.654855138428427708e+01,6.335141554563401201e+01,1.583697052327776760e+02,1.259432655635744425e+02,3.541879139571882007e+01,2.275746585751703677e+01,3.342530354196313880e+01,4.880279305524290834e+01,2.003201042037829893e+02,1.595333809432483463e+01,4.870838766161646305e+01,2.149590366306663043e+02,2.372543029035935547e+02,7.372262202731243974e+01,1.459147675730060882e+02,4.318785152488206158e+00,1.540469347295029650e+02,2.263368723689007140e+02,3.490734530824458659e+01,1.107732136278543180e+02,6.077816266459414862e+00,1.127691982925984382e+00,5.542254317719832457e+00,6.973384122143231423e+01,1.008453572985463431e+01,2.572509497705217196e+00,3.830612467835444335e+01,4.976081310652552503e+01,1.046005415699939967e+01,9.152786051947472856e+01,1.448697665863793171e-01,3.397274652582001977e+02,9.345959777708890215e+01,7.717633135069689843e+01,8.524980708245583116e+01,9.502002385688952302e+01,8.992705728005243770e+01,1.387709038763946694e+02,1.402449946538476127e+02,3.658384670164174679e+01,1.761404805645818499e+02,4.853310509270774986e+01,3.566321718358610724e+02,1.772735062717449495e+01,2.660354929224304144e+01,4.141821414530684109e+01,6.159754094017324633e+01,2.143406774349774651e+02,1.281193305643932945e+02,6.310790261753656871e+00,3.954370855921205674e+01,4.424557993157043967e+01,2.471019133306215281e+02,1.518130472802582460e+02,2.082288269120047914e+02,3.132609466512676377e+01,1.505673346574659206e+02,6.388049426389578400e+01,1.923682970305782476e+02,2.304353053634393333e+01,3.527560494087720144e+01,1.046810666206041951e+01,3.565498488650141695e+01,1.972056277602685626e+01,1.520907779973404672e+02,9.738412472847485901e+01,6.614668010018304756e+01,2.961247395934207916e+01,2.071921772817990757e+02,6.518757779528991136e+01,2.213358172318411121e+01,1.143920345733788082e+02,1.614592040402493467e+01,1.221788778870198833e+01,9.110858570057719419e+01,3.104078646205887821e+02,1.466387335175818691e+02,1.189226208902558710e+02,5.347667946300148145e+01,4.835303187793905266e+01,3.327815378600845264e+01,4.080042090911158681e+01,3.272047794610675453e+01,2.283753765128412638e+01,1.147828850914009990e+02,2.783901641264627003e+01,8.453185658417922355e+01,2.256353756243435953e+02,1.326961323588942321e+02,6.722747923436331519e+01,2.614327303564130034e+02,1.551516919291806289e+02,3.945603302256730416e+01,1.280539511692093697e+02,2.580809781652868082e+02,8.382290802280731867e+00,3.596211275652798633e+01,2.532598082003115181e+01,5.397828973789891904e+01,5.304363844805379102e+01,9.565908524420143522e+01,3.148419059789723562e+01,6.130635017451324842e+01,1.868808525741754067e+01,9.814068686545282105e+01,4.127370140222509320e+01,5.325886511626296005e-02,8.514134734595744192e+01,1.030362883724171397e+01,1.586086844051672813e+02,1.851198655884329298e+02,1.050451438936986506e+02,9.081135706780069938e+01
6.062300310822365645e+01,5.025679073002812629e+02,1.091945225029054427e+02,2.762728866376544801e+01,7.097941900455226971e+01,3.762281153653120924e+01,1.086666940766205869e+02,1.839717820141751474e+02,1.238194108743248165e+02,9.153144320777533594e+00,8.437055767630396019e+01,1.886610689642508305e+02,9.283612242068385001e+01,4.753684175887795504e+01,1.808052007975839217e+02,1.747710036840521752e+02,3.810946271104600669e+01,1.743133840037470179e+02,1.529249980136272598e+02,1.605235583460331554e+02,7.016044316218705035e+01,4.749061947172142339e+01,2.153560242859544189e+02,2.295022068356137979e+00,3.740936777421711668e+02,2.479793646986942690e+02,2.541449783321695932e+01,2.017750798866361777e+02,7.273135546522885875e+01,4.666179505655977167e+00,8.438953946979472676e+01,9.485519452983355393e+01,4.277881924692223237e+01,2.456701980244028860e+00,2.306752415287421627e+02,1.391349438866933212e+02,4.668573445568116398e+01,8.635177236833884251e+01,2.665381988639796305e+02,4.426428462019401877e+01,7.415285270868442247e+00,5.563058931526740736e+01,1.981231868930163031e+01,8.438549913318156825e+01,3.951011209993770024e+01,5.491893965773215314e+01,1.527451192090847769e+02,1.228887799674740791e+02,9.886900626273467552e+00,1.626651410795906827e+01,1.227970080890883651e+02,1.369482113190128985e+02,1.573537823616209437e+02,2.526690871090395873e+01,4.359124041735293531e+02,3.214567607485435587e+02,4.566321242255121149e+00,9.651006682759899036e+01,1.103118907322169520e+02,9.671516386192836023e+01,3.423811903425433911e+01,1.093019948906313914e+02,1.128786606237722054e+02,2.294721471206037222e+01,1.400480333584730204e+02,3.902214275636946184e+01,9.458008424616380694e+01,2.239186200350289084e+02,3.943901723083915272e+02,4.867488753199138074e+01,5.012338860467186805e+02,3.423584887094620512e+02,3.691568204385661911e+00,1.121726932674284285e+02,1.275060066408274082e+02,4.395902322261406425e+01,1.565574502065472018e+01,3.279490131621155058e+01,3.121285995775727997e+02,8.824383752947069581e+01,2.035765428411750122e+02,2.563402558497626273e+02,9.133038205450834113e-01,2.447133289356847285e+01,2.469438784963045919e+02,1.824797556563638068e+02,4.089218999146247313e+01,3.124733293774194820e+01,1.530891155948063727e+02,2.691989177983126638e+02,6.902030551892913479e+01,1.337412955915851853e+02,5.996136251183799004e+00,7.359638935489955713e+01,2.109912924900271491e+01,2.102670547001284262e+02,1.024923982531983171e+02,8.368126725278289157e+00,3.860056887571266060e+01,2.431068748420088070e+02,3.465238884660384997e+02,4.816013772326940057e+01,9.738514675359752459e+01,1.493898579714604580e+02,1.420248861041352200e+02,1.319886269299496462e+02,2.717999645276152023e+02,1.517424495230875152e+02,2.153497838448231860e+01,2.730940943591105565e+02,6.828808346719311828e+01,1.593491345379424047e+02,7.846446748775912283e+01,2.787354588776267050e+01,1.470226627734060543e+01,4.623004019466863923e+01,4.465309927827698999e+01,1.250288629842351753e+02,2.170782915420360553e+02,1.184936867751572862e+02,4.283586747822077712e+01,5.759238407901889012e+00,3.336617502420390906e+02,1.932038568511935921e+02,4.344145331421805878e+01,2.732606185298464538e+02,1.720338460035057153e+02,1.593484852198843953e+02,8.221325829756864323e+01,9.888968208561801987e+01,6.896935468836460359e+01,2.359032945610999832e+01,1.220429460347179287e+02,7.305428547127581851e+01,1.062922207596963062e+02,3.727507040874331778e+01,1.584427561746747131e+02,2.625500537493209663e+02,1.276812394924291461e+01,3.279130107933723792e+01,6.230505570322353037e+01,1.543829083546130931e+01,3.006504252102477537e+01,5.038434539866842243e+01,8.811430420839121780e+01,1.320721454437337172e+02,5.174973846997161786e-01,5.794894055467213434e+01,1.019191201556001261e+02,4.150163661439364660e+00,1.656792347791184454e+02,1.442799918028113950e+02,3.993103898992280421e+01,1.706413753854111519e+02,2.011692706984620660e+00,4.953894062488018335e+01,6.482811243733475948e+00,5.343277684374668723e+01,1.785784962833634211e+02,9.685456164521137623e+01,4.103542109688809347e+01,4.561870720341777741e+01,2.231758079441368352e+02,3.381676323386542293e+01,1.654124495606971266e+02,3.522769186929341600e+01,5.771144426313973241e+01,1.605874310804890825e+01,3.381250704296316023e+00,1.858294403486031570e+02,2.413836221635240165e+01,2.512672980857408902e+02,1.891096552978423162e+00,3.259299826460120926e+02,3.302512844647576173e+01,3.207034807728498293e+01,9.553135394269077096e+01,1.932088079431650840e+02,2.478864669060438430e+01,1.604370810435333681e+02,1.731788317475692622e+02,1.834870607896657901e+01,1.078814105262603107e+02,7.834999763914103710e+01,1.954657682651716470e+02,7.655557996061601500e+01,5.427038923332488451e+01,8.375013558792689139e+01,5.826276371539464805e+01,1.369732237922707725e+02,1.072799227619142783e+02,2.167282082869379849e+02,1.563786061993835972e+02,1.933335094809277521e+01,7.451095517754167474e+01,1.370278841242392431e+01,4.943300375881256770e+01,9.356195682448491979e+00,1.615926104226331290e+02,9.602257208616563844e+01,6.722343907297899079e+01,3.974243994325514961e+01,8.848379808277178427e+01,5.848977583539522129e+01,7.415040317473519105e-01,1.033758229701770546e+02,7.284972945325095850e+01,1.993242363590713069e+02,8.421021407163546257e+01,3.236434191266588556e+01,9.044909103084179947e+01,3.739673936785737229e+00,3.821964150788756598e+01,3.188232048530372964e+01,2.106802430446780861e+01,4.848848862524789638e+01,5.755060665259735515e+02,8.579392315744564712e+01,7.673993985340798929e+01,1.105162452520961303e+01,4.633120926102239423e+01,1.058444075452054278e+02,2.643441295370844912e+01,6.095542267259992286e+01,6.124342538611920794e+00,1.173668275621493429e+01,1.697595715824434421e+02,5.844758385897578279e+01,7.556462541076641948e+00,1.479930076414873668e+02,8.097343355349720184e+01,8.454079069469203489e+01,1.915874422275845461e+02,3.246562593720589689e+02,1.788305989113015215e+01,1.560324568664757976e+02,5.015323638168305109e+01,2.576290784722617389e+01,2.118995023271987748e+02,1.584648102641033347e+02,3.047556129115833201e+01,1.849031027186689755e+02,1.129905437455259545e+02,2.668088894169209766e+02,7.276390514152516253e+00,4.807479711223575691e+01,1.105070189063273745e+01,3.083333877189868986e+02,3.312801739717733653e+02,1.171928101518193621e+01,6.559939166969024882e+01,3.359088755242709681e+02,3.530595094727265746e+02,4.861920403049986561e+01,2.090210799710767162e+02,9.364119924191255961e+01,3.368052668607383282e+01,3.824583243572942592e+01,6.866002009171643294e+01,1.512199572613242253e+02,6.110014558057903855e+01,1.872152641046514816e+02,5.162307449702077378e+01,1.383454587965965743e+01,7.126738327262232531e+01,1.056636195547653934e+01,1.572463678256476101e+02,1.580287290846100916e+02,5.564766778750560405e+01,8.343137511589220878e+01,9.432025606674402241e+01,2.666877275071136069e+02,8.438709868999511343e+01,5.447884159492753042e+01,3.090265528704074427e+01,1.713573863158999586e+02,6.331851727328449897e+01,2.346749605076082901e+01,5.541841711285402816e+00,7.042789178537971395e+01,2.985105668669412182e+01,1.565989179651292602e+02,9.949557628739384540e+00,2.517745265307237545e+01,2.191506819354806339e+02,5.711958373586640647e+01,4.114266165371724782e+01,4.243181826505098564e-01,2.097316030805651010e+01,1.378795006961871366e+02,5.653344031984133267e+01,1.746631020952480640e+02,8.178203867487027878e+01,9.008934265147787812e+01,6.059964921035336971e+01,6.291547268398566928e+01,1.853141067378620477e+01,5.938707835519360145e+01,1.638701007940377110e+02,3.051172288603292770e+01,4.024076414800231305e+02,6.066203472059379465e+01,8.305656683939488971e+01,2.703581877318119719e-01,1.467661595022590504e+01,1.138849065204797171e+02,1.489229454159136168e+01,2.149058972717344673e+01,3.194973573206475237e+01,5.547941383925824965e+01,2.146827741898697184e+01,2.841151000008014904e+01,8.996277114011279252e+01,1.217599742300273817e+02,4.804143105025681137e+01,4.021696755300706059e+02,7.274994166574421683e+01,9.594623989126432662e+01,2.732551511547046630e+01,2.085601647614726417e+01,4.495318807727796440e+01,3.847510276179427535e+00,1.800642604546749510e+02,2.945024127089426003e+01,3.607558814237008278e+02,1.770023370962423144e+02,5.532225736242829583e+01,2.779571895142175322e+02,8.680355062187585702e+01,9.953635924911738542e+00,1.169519231533222126e+02,1.851638231247845852e+02,1.321345699403676406e+02,8.876590327622706411e+01,9.326128706888196973e+01,1.304390135620465969e+02,1.207081067278805619e+02,5.242776465540458730e+01,1.644864888634594138e+02,3.309991995301497525e+01,1.341394273743088377e+02,3.917541855670044981e+01,1.352851789491362240e+02,4.281976452447971759e+00,1.272787918760160508e+01,2.034751329915670510e+02,1.776998320821929767e+01,1.979098175117091216e+02,1.827839695280114896e+01,1.502398461465029129e+02,4.017500158193387705e+01,5.561054720804931151e+01,8.309913566301476351e+01,1.711339719323019608e+02,3.445466773412263137e+02,3.612564173624012653e+01,7.564424603982403994e+01,1.097550730880294765e+02,9.493110414297804667e+00,1.084801805793158564e+02,2.435325991857010663e+01,1.800284073001547540e+02,2.607568825318525683e+02,1.674441836474892114e+02,7.280288470434093995e+00,4.519140546253031943e+01,6.118103765560384488e+01,4.467008507945494244e+01,2.068845638924936381e+01,3.875487328051169800e-01,5.698646011383958410e+01,3.296196390672815824e+01,1.186143278480562024e+01,5.224528019780038335e+01,1.491418594548234111e+01,6.145564029724467581e+00,1.008084764291413791e+02,1.584179206795203072e+02,6.722991270957096788e+01,4.408667084398806679e+01,1.677998661801885305e+01,1.500564669562268421e+02,1.023663689392607381e+02,1.045747312996318072e+02,2.267353572176798480e+02,2.939780437156298945e+02,1.978181058398388004e+01,1.375002889612020551e+00,1.472523204072080887e+02,1.236849725582113848e+02,4.398601576040677941e+01,1.858049665713000138e+02,8.008140230433814111e+01,4.462826918539256127e+01,1.271173332818678432e+02,4.894967253319554601e+01,1.287986463314556147e+02,2.153402589846013271e+01,3.573751819936191065e+00,1.803368359283174698e+02,2.010455367027032381e+01,2.798557959942460727e+01,8.690291951116664748e+00,6.933489873666712988e+00,1.700198028360826541e+01,5.614638730607453709e+01,4.395560008304051536e+01,1.135861195302716276e+01,9.304310716512337365e+01,8.743033716585609127e+00,1.789021095219350173e+02,2.117346509770717660e+02,4.225219091167918464e+02,1.819448303695077129e+02,2.936303614315409050e+02,3.235232894834047670e+02,1.945818549153827064e+02,8.098264737428634419e+01,9.738851387401952664e+00,6.441639731941349112e+01,1.016658222062382322e+00,2.197184263829487634e+02,1.194246571128034020e+02,5.754316828753722035e+01,1.271105462505948935e+02,1.401023105631029182e+02,3.779849095309550080e+02,1.602339012479646740e+01,1.039706737070525691e+02,7.372063016996827400e+01,1.644659366323777476e+02,1.132917818738167313e+02,9.547703106270505202e+01,2.884093823932325904e+02,8.067785664683198377e+01,5.991091295312473619e+01,1.281966835638616864e+01,5.210722629277433526e+01,3.175782002555785652e+02,9.377545791693728461e+01,1.828443035235962668e+02,1.626646089886014295e+02,2.510489433381594537e+01,1.679789137725467185e+02,3.733632381734452821e+01,3.161559779199066256e+01,2.860454954412663824e+02,5.585757343255355067e+01,2.071131753707973289e+01,4.478175751777515501e+01,5.605120166650649338e+01,8.030752932491905938e+01,6.386083121209047420e+00,7.233320248601985725e+01,3.873105596525129499e+02,2.706635675940981400e+02,1.351336300729837774e+02,1.434216392953004693e+01,3.191129835780989197e+02,2.024351691365808108e+02,3.544654524760189673e+01,1.291889070960397419e+02,6.059195844813516629e+01,9.033927057568648422e+01,1.599391973724249567e+02,9.604331953477837658e+01,2.870926842828536962e+01,1.756648170024861031e+02,1.349017810417020087e+02,1.075663615546683474e+02,2.248719387567814465e+02,3.325283312188694254e+02,3.774015469594026939e+01,4.095743918979625846e+02,2.829638178434160523e+02,1.238936078132119967e+01,4.673971428166992581e+01,2.238090186639863077e+02,4.182826783240526680e+01,7.487997723937199623e+01,4.162982275829466339e+00,1.804246999495974251e+02,1.090900397537930786e+02,2.486619394423004508e+02,1.907590273828718637e+02,2.043653560667985403e+01,1.135333657399567073e+02,2.887941590131126759e+02,2.309403779340128793e+01,1.229767557751245164e+02,2.843850786373178039e+02,1.540369436883555636e+02,1.139862686735938446e+01,8.848495847538426062e+01,1.946948774674712368e+01,1.120239367350899329e+02,1.364441555821260010e+02,1.219807915836762078e+02,7.987816868451085384e+01,6.009209963658011588e+01,1.083453075464166062e+02,2.561255521740480745e+01,1.900045427989229552e+02,5.586307994678328015e+01,5.983295724873975097e+00,1.641721307715414184e+02,2.051153891259525253e+01,5.590986379554898633e+01,5.465334355187616211e+01,1.416727267286796348e+02,5.503217573545074792e+00,9.539617242635115701e+01,2.635404975038783792e+00,6.214998311767777750e+01,3.635732977418961553e+01,7.258825891001295361e+01,2.743775255290888140e+02,9.817301512495583893e+01,1.786267963008936874e+02,3.763709951768262130e+01,2.512053479171834454e+02,9.004909422450707268e+01,4.343694453931198751e+01,8.393457801984363087e+00,3.823771391690104338e+01,3.698973945339715641e+01,9.746306476447608702e+01,1.407611307943790564e+02,9.327982438376119489e+01,3.865163866437406455e+02,1.539344550268890544e+02,2.607678447606553505e+02,2.245107971214170846e+02,4.704328134761799447e+02,8.473633126076451560e+01,8.466831627947256322e+01,7.702104579358709202e+01,7.718989692328990770e+01,4.120383489704784807e+01,1.160507520474617991e+02,8.590502300857199458e+00,1.284242298628787182e+02,5.579148740881870339e+01,2.094522305150764794e+02,1.173039931368023900e+02,8.744451755191684938e+00,6.564636249865284157e+00,1.806366701674429294e+02,2.826639676215806674e+01,1.843644924419091424e+01,9.789088798467114216e+00,1.190416932792615512e+01,3.188955421040780180e+01,1.098423154390467005e+02,6.184939658068869761e+01,1.096150931272787830e+02,2.429196296192696281e+01,5.152149530042522230e+01,1.008412829000277924e+02,1.495718936244715564e+02,3.753586754380180537e+02,2.673488090027153063e+01,2.176285249422221213e+01,3.586977971659277955e+02,6.573406948215619883e-01,1.426333571136588034e+02,2.440968451508851089e+01,1.853963966046628187e+01,1.222510050507439416e+02,5.121504943005954829e+02,2.609579856146683028e+02,2.295008774037447665e+02,1.595560298109204780e+02,1.236123913013736875e+01,3.277522238212541339e+01,3.336444706233179858e+01,1.274976944996993353e+02,1.517481531998902540e+02,2.216027272041094136e+02,1.706436964849881690e+02,7.031547283768640000e+01,1.330044395080888364e+02,3.618505844547343600e+02,4.299239554267638397e+01,7.185271509800587353e+01,3.323931116902392802e+01,8.381201442093241383e+01,1.783134241909027367e+02,7.862015918919099988e+01,1.128635087386246028e+02,6.186658528733376272e+01,5.137977824842932506e+01,2.131221459026272953e+02,8.546984819948544043e+01,8.066437283178980522e+01,4.585851289222171090e+02,2.180985316312922180e+02,2.114811500376029869e+02,1.250474164306746729e+02,1.404792175092889295e+02,3.415204614571831030e+02,3.509935472742395746e+01,1.234426959783806410e+02,6.193523160205778311e+00,1.052969145287563713e+01,1.913095490097778040e+01,7.824837959699215162e+01,8.840759442739540930e+01,2.045074135771730823e+02,2.151893416545304660e+01,3.405038621660310838e+01,2.523033885322996284e+01,1.669643623197960025e+01,2.539549896113750904e+01,1.087808489003633667e+02,7.049633239330505319e+01,7.886096303097376392e+01,6.439065979225929937e+01,2.747543482791157032e+01,5.528683494387057529e+00,1.484416577703967555e+01,1.298185562340660510e+02,2.234964745307678129e+02,6.750158662520998609e-01,1.899415994689523401e+01,1.549098661064919895e+02,2.048452188191580774e+02,1.450170823049789988e+02,1.001044624784648107e+01,4.695995514993271769e+01,4.065292020773519255e+01,2.333417752578813165e+01,1.534302053781717916e+02,1.201517829997581543e+02,8.120032224683620825e+01,1.521176683826867837e+01,2.226977105963229420e+01,4.767542058561609508e+01,8.092387833019193977e+01,3.097861063764252876e+01,3.294890771826830989e+00,8.097099585888430795e+01,8.219339247098189105e+01,2.826144315756215519e+02,2.023649994562751715e+02,3.803789188125575151e+02,3.820985941714547351e+01,3.873162433988714959e+00,6.894809913377004307e+01,1.740287683521392808e+02,3.756398387311646161e+02,9.213311636875998545e+01,6.830827686794884812e+01,2.602628715915144753e+01,7.635130348229411368e+01,6.090581050279836539e+00,1.230775860435635138e+01,2.959605644561631266e+01,1.228002571734065071e+02,4.574254212275607046e+01,4.481413390886137336e+02,1.176521631714034299e+02,1.175444343071900732e+02,7.626740352094130060e+01,7.582759482871109924e+01,2.398029470187429979e+01,3.809235419289095148e+01,3.842649461170282166e+01,1.406697731987449629e+02,2.155423180610447886e+01,5.442260310093316633e+01,1.984822402146086233e+02,1.386324930262038606e+02,7.847025784699823703e+01,1.063742614380795857e+02,4.810947048148762519e+02,2.187358231122438568e+01,2.373767722330768208e+02,1.929740154778497185e+02,3.956210352645981487e+01,1.939590567214729901e+02,6.423607129289706563e+00,4.398226034825292885e+01,4.592784698081580785e+01,2.614995404852965333e+00,2.742498143265997257e+01,1.227347249280151971e+02,3.182659158082003970e+01,2.866654162617828661e+01,3.334011871814479377e+01,1.093981914079499376e+02,1.352060123989045053e+02,1.858467657943340328e+02,3.657541062589403396e+02,1.803847407133103218e+02,8.519815391083326972e+01,1.101942238643817973e+02,5.241255768001762050e+01,3.610521651931772169e+01,3.645012042866613911e+02,2.511157341686034954e+02,7.510343760441307381e+01,2.698891846888674309e+02,1.076756508891113953e+02,5.877411950257033624e+01,4.192099712048707971e+01,7.095413112880434880e+01,1.106438479362762166e+02,2.169476496002117472e+01,1.058131757286765264e+02,9.660979011286939055e+01,1.097511383303606181e+02,1.369028198723478056e+02,3.600646621016670110e+02,6.412673426385998710e+01,3.503444391917059875e+01,1.332306962054465638e+00,1.256839903371717924e+02,1.271567345280025165e+02,3.324589649707591548e+02,6.134783116908742784e+00,2.847129472321082133e+01,1.293198743678916003e+02,3.803963628121238827e+01,1.208690233268453227e+02,1.009792866066732699e+02,1.106722837892750135e+02,1.566699762398867222e+02,1.725718966899458167e+02,1.307363292031940034e+02,1.614469377645559689e+02,7.402276242819338847e+01,5.962152719820607416e+01,2.436186607896814404e+00,1.162814714875099611e+02,1.203004294786660182e+02,6.275017629140599240e+00,1.888103292075886372e+02,5.870640872319584247e+01,6.809002362065670866e+01,6.362857317062379003e+00,1.513340137205524343e+02,2.948506962835785927e+01,1.947631585610699290e+01,7.770768797803322059e+01,1.704380634335726086e+02,2.780136896205745956e+01,2.075161282558862652e+01,4.761580975851033060e+01,2.390676038368474394e+02,1.434627650072075822e+00,2.130298096208177867e+02,7.276315475620700113e+01,2.084319070878876801e+02,1.457079241954369593e+02,2.905112893372046301e+02,1.130043679479998353e+01,4.437309632051522499e+02,1.568206790787350258e+01,2.845553240744859735e+01,3.541935282607280442e+02,4.148842376156085265e+01,2.594269205324719962e+01,1.234738758372090359e+02,2.938388504146195146e+02,8.959396038921758176e+00,1.200329825099740333e+02,1.138335929111251410e+01,1.155482427338789364e+01,8.983033164568625750e+01,1.915495489087797543e+00,5.415532413392362088e+01,7.666818899610423443e+01,2.445259472108361649e+02,1.069659216459446185e+02,2.836150103440979819e+02,1.280631892705235657e+02,1.629217744103760594e+02,2.301408165658857641e+00,1.091290283815568500e+02,1.474822079382788047e+02,1.423368389150978253e+01,7.115772277983035110e+01,1.400107769817608983e+01,2.769412171624377450e+01,1.452036543672991513e+02,1.695497511619061015e+01,1.716435532343393504e+02,1.963329861167287049e+02,1.691616193761351781e+02,5.068416922989769802e+01,5.520554929989507542e+01,8.481876183084560594e+00,1.248574531979630677e+02,2.290250835389427664e+01,2.649188954741802604e+02,1.522642708745925972e+02,9.953642957475805986e+01,1.240748945032346739e+02,2.445850658475134765e+02,2.227155370769179683e+02,3.577229581466869490e+01,1.561403967492296658e+02,4.322173480393623635e+01,1.465516176703327460e+02,3.967057275030793750e+00,1.432236523048240429e+02,5.018465395162386358e+02,4.036734148727546767e+01,3.016826255443823612e+01,9.614448515927995231e+01,3.443000292466243906e+01,5.693880307993816103e+01,8.289611810045842333e+01,9.197088163226395352e+01,5.374793893564878289e+01,3.420890396471364880e+01,6.655601812516443339e+00,2.450302548639076576e+02,9.938106452827047121e+01,1.463961224226531783e+02,2.882558294058029560e+02,8.045424803079528431e+01,4.839828255304397686e+01,3.399509137704200725e+02,2.348796079968846300e+02,4.967014151685918932e+01,3.782587704346167357e+02,2.220821720384177524e+02,1.054665548475731498e+02,2.816933097144982856e+00,1.124396948433567012e+01,2.691353883106447711e+02,1.543289097735651296e+02,1.819990146390912571e+02,8.899252712789666475e+01,1.202641739165594146e+02,2.380423998638237393e+00,2.183751397650542572e+02,1.017851270561441055e+02,3.873685936519286201e+02,5.424717204345057553e-01,2.392220077051115013e+01,2.941264761694455387e+01,2.637582049621017291e+02,1.241944819379574341e+02,6.964514706335378946e+00,7.195945162321039845e+01,2.090436077190813933e+02,2.476803989619463948e+02,2.454586555539931396e+02,1.883935492313589464e+02,1.691727427044268381e+02,7.646491310907465788e+01,3.964598120252607316e+01,2.469842051658912396e+02,2.667349945858621396e+01,1.958243898270683587e+02,3.501007295032057431e+00,8.628850851519280241e+01,7.508395251172088081e+01,4.280856704149400116e+01,1.065824854670671584e+02,3.025125848722291835e+02,2.156099441520715345e+02,7.652331462685070029e+00,9.023854097946293962e+01,1.479074322500048595e+02,1.282720739220750517e+01,1.791017201126801410e+02,1.628232293853076440e+00,2.485728430855070314e+01,1.065412617955928596e+02,3.581687369584648906e+01,1.451312161365348459e+02,5.047565683579091456e+01,3.071454860900360586e+02,5.972758198938215912e+01,1.012445186540190321e+02,7.015017624175987976e+01,1.671445258561294622e+02,1.790457287562248894e+02,2.739800027912932023e+02,2.254948456215956583e+02,1.203092242498070732e+02,2.457648780194170968e+01,1.114945067205982241e+02,2.585291325126569362e+01,3.329079505664387995e+01,1.313781879004251323e+02,7.799677044016819494e+00,6.679723570077655381e+01,1.318287745913745823e+02,6.099859676675535525e+01,8.794568803165047655e+01,1.609393297201683879e+02,6.219899981650620902e+01,7.541379941200911219e+01,4.408489286126894768e+01,2.511481482091212740e+02,7.989567325062006375e+01,7.279895594978994211e+01,1.358189795046696986e+02,7.181526172633623162e+01,8.648068806925499530e+01,1.105875112203081478e+01,1.547305983456716376e+02,1.726579654598027957e+01,2.012141886272890978e-01,2.141558000813323659e+01,7.917265947595906539e+01,1.256931617243802322e+02,5.326992482310857895e+02,6.015563082403261319e+01,7.004144198638856267e+01,1.949305783523800812e+02,4.536581169673988967e+01,8.173579522922460683e+01,6.926981905117686722e+01,1.757781375626001079e+02,3.326457152407196816e+01,1.910444813761688181e+02,1.364884877191774137e+02,1.971518236003249740e+02,4.635784876073541483e+01,8.002671279401511129e+01,3.449600980868052602e+01,1.271810399112224559e+02,2.549848693120029282e+02,2.689638691967193154e+02,2.660351964829260965e+02,3.611532462184245560e+02,1.069589634051660880e+02,1.131827163063643127e+02,7.032014680870103973e+01,8.841034246127323115e+01,7.561168252103219345e+01,1.997905201670899800e+01,1.749453529660288780e+02,2.364364056277318866e+02,2.545881411731849298e+01,1.049394058939460734e+02,2.905203034835887479e+02,1.449160977872017213e+02,3.472805036473716456e+01,6.647040570601296849e+01,1.147065804829166638e+02,2.676440963447954005e+02,9.876594792995253158e+01,2.974154673392211521e+02,2.757444752544032696e+01,3.772591732429550859e+01,2.680452224078169365e+02,2.986654994877328306e+01,6.873183017880172940e+01,7.032872029548178716e+01,2.981514585797757277e+01,9.614748238416235893e+01,2.873615921330618050e+01,9.923624310625190503e+01,4.646077929177966581e+00,2.544831145458459503e+02,3.277454616236534548e+02,2.450900861493696681e+01,2.161053499464248091e+02,5.134989368422944978e+01,3.010333231348659524e+02,1.713700090620623229e+01,1.879991782116329091e+01,4.637045095304592479e+01,5.621700650872780898e+02,2.223457089733724672e+02,2.587819907260246666e+01,1.830037015171998860e+02,1.280814724333832544e+01,1.204792329576968655e+02,1.561860850728413936e+02,2.608719485161582341e+01,3.255414427860444704e+01,2.243212056916409480e+01,1.152613549876975867e+02,2.821648850687171830e+02,9.811531485094248239e+01,1.569864180379841798e+02,3.798078432875200150e+01,2.497508242813466666e+02,1.223411259095105663e+01,1.006840703962943593e+02,2.375381237679099513e+02,7.123849365902037789e+01,2.207979455218236708e+01,4.931810137427499399e+02,2.199537038605977841e+02,2.783435275767683379e+02,7.495226856079769107e+01,4.459407274981011682e+01,5.827973737818705757e+00,1.543069692065249683e+02,7.100957699414110813e+00,2.177020315781952604e+02
8.836738370481695526e+00,4.895133447547400429e+00,2.500033932427130878e+01,2.435860993849892608e+01,2.636876599913602490e+02,1.163515103410026086e+02,1.861621072117469211e+01,8.101676747717901605e+01,8.794216696673187172e+00,4.218844746909287124e-01,1.020756079157516609e+02,6.039848370546578593e+01,2.894108620850507805e+02,3.701931633505299146e+01,1.550499061960760798e+02,6.263983103020252230e+01,7.685308934610129938e+01,1.371013311939586004e+02,1.286900492193254024e+02,1.297244512570516690e+02,1.953222073756255028e+01,1.068406236672912968e+01,2.354794051746625314e+02,1.239850724558728103e+02,5.890036086092322165e+01,4.005363651570070971e+01,1.512932599387681165e+01,1.162965503415719439e+02,1.756961427290050892e+02,9.256806826786460363e+01,2.283372478086595265e+02,1.360165118004489955e+02,1.680465128597600355e+01,6.072208152967079542e+01,9.307892939972276736e+01,5.888991904962458790e+01,2.334664571799716626e+01,4.394139886671154471e+01,1.552343182275130857e+02,8.078637311301108070e+01,1.138128705798270168e+01,5.438006323603771897e+00,1.884160793370743292e+01,2.681079075848820636e+01,1.685466844844951027e+02,2.842801328240757286e+01,7.296076638688992944e+01,2.013923420220273997e+01,1.127545231700881203e+02,2.508756717872506385e+02,4.157839807460648984e+01,3.242228310483876896e+01,1.631139442585849508e+01,1.641796418821192560e+01,3.911027016333718507e+02,7.868033315035957287e+01,5.228724737673087475e+01,9.541628742734637569e+00,1.592679935768124437e+02,9.805069923438570356e+01,1.808514363145343680e+02,5.342049262597277703e+01,3.837286618347022671e+00,6.837536739021335741e+00,1.238368946299053732e+02,1.838731847070927294e+00,8.032657308768333948e+00,1.187133662615059535e+02,5.557166601351325852e+01,2.551053196541134582e+01,1.528989301336862354e+02,1.565392850077868436e+00,3.745714397073363955e+01,3.085450010597417414e+00,9.702718800140593203e+01,5.303205144338748056e+01,1.021170467225292242e+02,3.329059245947220091e+01,5.639992146556366492e+01,3.593642334955425355e+01,3.312839504029599880e+01,5.445121559700031533e+00,6.448640711722036656e+01,1.360357319355583456e+02,1.855528481313049838e+02,2.750851075330481308e+02,2.821265748054959133e+01,2.510883283590107169e+02,6.246729780548846378e+01,2.337786316409420451e+01,2.142751411040482612e+00,2.588823866269032123e+02,6.602083971669475915e+00,3.612868800756696430e+01,2.365074283588725379e+01,1.339481817352215671e+02,1.748231515904991511e+02,5.900809147418264189e+01,9.687812072664090834e+00,1.337360954604873768e+02,4.250166286175591068e+01,1.369042351554579362e+01,1.302494201096457971e+02,1.224691526791531793e+01,8.423932227618882962e+01,6.921252347636809077e+01,4.166441116377851017e+01,3.889674752319854889e+01,2.077099275854274651e+02,7.004221363211294715e+01,2.466807556300384974e+01,6.732129945239302060e+01,6.338876327387879428e+01,5.433963485812330418e+01,5.080905069053094536e+01,5.932831535549552626e+01,1.069949463714038842e+02,2.109412982542117376e+01,1.739963260362807773e+02,4.107344498760686413e+00,1.802841473655994875e+01,2.814259606779756595e+01,7.385186431742765478e+01,4.908688917742389179e+01,2.729815251212915683e+01,2.868087292657705589e+01,3.931542934252551902e+01,1.187138649293236057e+02,1.141503840158994052e+02,2.040593870073463165e+02,1.500815514265388906e+01,6.982534291408505567e+01,4.678436535021977960e+01,2.724849980320353637e+01,1.690100673548819898e+01,1.835587958041810097e+01,1.014216017616893737e+02,1.374340511951196220e+02,7.569845624701501663e+01,5.588952803026651317e+00,5.494124881327968524e+01,1.296258007902334271e+02,4.039926897113869586e+01,4.768728157361965003e+01,3.795705664332665208e+01,1.740998492697175664e+02,3.320297171568103778e+01,6.118641856488920894e+01,1.246892729049996040e+00,2.601956850225016638e+01,5.116273455648468627e+01,2.621652233800250542e+02,1.005258425726653115e+02,1.829415061940099818e+01,1.797233413820533343e+01,2.024651920447000464e+01,1.567120594876424633e+01,3.234016303700747841e+01,4.263038948465926836e+01,4.464040883744284116e+01,1.513146615617472612e+01,2.096109293301360665e+01,6.632436395804518270e+01,1.220679435527669767e+02,9.193098998195351612e+01,3.567490491074237724e+01,6.021441355454030031e+01,5.258500589307687534e+01,8.308104322882962833e+01,1.277970481006543935e+02,1.034773307566723446e+02,7.406816273830186503e+01,7.223571268197021311e+01,7.500751675417431841e+01,1.890921240721485930e+01,1.738460100772771710e+01,3.594795061462803432e+01,2.453993020083206389e+01,1.568000445904009155e+01,1.310929390483156283e+02,8.161999548990904430e+01,5.220976382873033117e+01,9.400869967260427984e+01,1.453786538633599434e+02,3.744360159916291053e+01,5.709055977597451204e+01,1.533617283626364980e+01,1.413310045064756366e+02,2.428583837339813272e+02,2.301927831291021320e+01,1.526049316629716435e+00,1.019673167720539197e+02,1.139733991343982495e+02,7.323427029170384905e+00,5.999837138696769046e+01,2.798979464665638872e+01,1.025746030110755669e+01,3.160234062423181811e+01,1.786840874079049568e+00,1.058403448731468188e+02,1.743067834326768377e+02,8.047917822360032858e+01,7.366330697843083897e+01,3.357427304034874851e+02,5.835797953064118637e+00,3.942757692427178284e+01,1.938345392282369346e+02,1.906222793648439335e+02,2.844013731133494005e+01,2.644318686988025391e+01,4.266847128090196151e+01,3.527890135028869878e+01,6.455858395543101835e+01,7.683681058735619729e+01,1.411875145377954937e+02,2.010698546062354097e+01,8.971856208682426370e+01,4.261240202946198252e+01,1.196823145600532854e+02,3.190299144980964741e+01,8.234107072066323951e+01,1.808339905455067083e+02,1.567850886698755275e+01,1.622159623386070564e+02,9.221638943094784935e+00,1.936774361960698059e+02,1.095510272862054491e+00,9.619581667543849335e+01,1.548801400039630209e+02,3.233562984298214360e+01,4.768142329309385019e+01,3.346030798999531441e+01,3.027100118812103346e+01,1.575372900561225009e+01,1.574168378510834714e+02,8.691033236289831621e+01,3.331839189516661293e+01,5.694041862323882697e+01,1.093828655356078770e+02,6.830211487226948464e+01,2.402584341601041729e+01,4.082073038677032173e+02,1.376595108952027857e+01,1.706962878832408137e+02,1.950554711296211963e+01,1.305383078183519174e+01,8.762787895739718635e+01,6.193956832470237828e+01,6.681517373884256017e+01,2.453073530565544402e+01,2.717759159967392790e+01,2.901425645984762625e+01,4.096720254081127877e+01,2.207831654796030385e+00,2.643560702862540666e+02,6.599851210573930871e+01,2.901632833838112902e+02,2.405874783731455864e+02,3.623956523980620847e+00,5.211880669505406871e+01,1.538387052446403231e+02,8.673369427042445068e+01,5.375952100399508282e+01,9.550670315155586820e+01,7.763409434718789726e+01,8.665673749370849777e+00,1.061122367253833865e+01,4.068113879989966364e+01,1.180292170272860517e+02,5.626771444435327396e+01,1.153324796587409651e+02,7.217551350942726174e+01,1.801832168470943429e+01,2.933064221939965321e+01,3.799099165539600875e+01,4.258024626801216073e+01,1.616664600148788224e+02,6.278774337117049953e+01,1.328311978206110382e+02,1.302237771421376351e+02,4.216236828133904169e+01,2.055763419529374758e+01,2.337118044770899772e+01,4.209388337453888340e+01,3.500552712641012363e+02,1.774311013059389452e+01,2.152823542431169983e+02,3.581991668199421941e+00,5.656463689736186495e+01,3.932497936284190132e+01,8.515633101011702877e+01,7.022109978589931245e+01,3.190605156191275071e+01,3.281031457619508274e+01,3.011276150185989930e+00,8.604387284290778837e+01,5.293023729948849621e+01,2.204479543096297434e+01,6.920796932264200230e+00,1.381287359182846046e+02,2.000320952408653596e+01,1.049218557339756330e+02,1.099268532090177786e+01,8.388817901950195832e+00,1.776461200948007217e+02,3.613817636554514223e+01,7.825219812714011347e+00,2.493760892204658930e+01,3.318657946469774078e-01,1.349141645278470492e+01,1.220530194429681785e+02,2.086881167433088657e-01,2.227183290258811255e+01,1.929796741708440493e+02,1.724334663718389322e+02,8.205797207361479195e+01,1.184820251301069050e+02,6.588161363752769262e+01,4.492859604615392755e+01,2.642818083578458186e+02,2.641653326939444923e+02,8.531162246024052820e+00,5.956397818999805338e+01,1.292652207657922929e+02,3.350895369420050685e+01,8.227610049771233491e+01,6.360424892057238111e+01,1.319087970908875889e+02,8.120266855976923637e+01,9.511645662489186748e+01,4.574148799955255384e+01,5.614527024165774804e+01,9.080163415116562931e+01,3.452142829877445251e+01,2.274872944744188530e+01,1.589951967382775138e+02,1.130830810374925166e+00,7.574750607659309765e+01,7.904162360807725918e+01,4.279489951306866402e+01,8.950135207145988758e+00,1.513738001236888309e+01,4.880789887757338619e+01,5.211714510193700534e+01,7.549443094825365108e+01,3.884677144410004956e+01,1.410924407928014723e+01,2.104558091576419088e+02,9.993678135754520042e+01,8.666632349411520053e+00,9.627959151368041546e+01,4.751613699845101024e+01,7.604916694397091170e+00,1.198261900198616701e+02,8.895698537012607687e+01,1.101578480088605083e+01,4.814645898876678842e+01,5.766450378965985557e+00,1.913807202335337365e+02,2.791057325722022142e+02,3.005657252668700039e+02,8.965038663089814008e+01,1.756822422244279736e+01,1.258195715537851669e+02,1.439789021010954002e+02,1.605709394617560548e+01,3.579611212051293023e+02,6.213269254853494061e+01,2.571461744052086473e+01,4.788221653875807959e+01,7.382039484610169211e+01,1.412592012126832515e+02,2.854699392855978513e+00,5.973353029391927294e+01,1.690999602188857054e+01,8.849791479102590586e+01,4.301980161557876414e+01,9.585288791651491636e+01,7.391691384019976852e+01,2.138056901090687916e+02,1.228645612663247277e+02,4.988383030755371692e+02,2.283007318845522491e+02,1.582041112038085942e+02,2.935799008740604563e+02,2.699374632373628913e+01,1.856576374864306160e+02,2.285740673851178144e+02,1.045003217254903802e+02,7.242673430460277473e+01,1.416188991222208671e+01,1.021848359752218585e+02,6.534567582716129586e+00,1.417884204502149430e+02,5.176318273806046477e+01,3.214232243084968843e+01,7.679659349816549074e+00,3.659671643374849026e+01,1.036541544724009469e+02,1.396872938825910921e+02,3.283486598225072495e+00,1.474022480848615935e+01,2.941179440456044745e+02,9.513016655636052477e+00,1.484652772188428855e+02,9.403504888835048803e+01,1.153812912741165633e+02,3.830091660099093787e+01,2.762432994220318392e+02,9.397891611445287197e+01,1.513279954340221956e+01,1.797708742139411981e+02,7.896032246529772181e+01,9.087205168989514448e+01,7.371552741734971903e+01,1.617973850828641957e+02,7.459793566393018693e+01,2.918018725847363157e+02,2.471770048643034201e+01,5.352046803926561580e+01,8.501448601808135663e+01,1.604024555092235289e+02,5.547002292645225197e+01,1.376169391478432829e+02,1.673728549447960461e+02,1.245968540244376932e+01,1.179764065045864498e+02,7.726364980658330239e+01,1.525930134813223731e+02,7.013069215478867413e+00,3.936028888411092108e+00,1.358153165224516385e+02,9.987757700659116722e+00,1.603934807818443460e+02,3.480024042670470941e+00,5.730510089878948321e+01,3.885126652286113114e+01,3.246584784621766175e+02,2.292732300504122804e+02,3.647605653653270252e+01,6.235187005063966126e+01,7.718348388747996580e+01,8.140445376748915995e-01,7.214709984679133470e+01,7.640670058089553152e+01,1.780693429324513488e+01,1.142113486622309324e+02,8.472664408235124256e+01,1.342578378109055848e+01,2.623964710675742751e+01,1.343132743842051724e+01,3.926776150707563318e+01,5.228655210146178689e+01,1.552657353372137266e+02,2.836529296542090517e+00,4.729677471125946653e+01,8.436579086894713697e+00,5.662305726481893231e+00,1.546145273707545869e+02,1.512945922220110084e+01,1.112795105219599776e+02,1.104596833898494737e+02,1.010896525566872128e+02,4.622232164217950157e+01,3.814444207048470048e+01,9.960906136558179469e+01,1.589317035567230789e+02,6.094701870758147066e+00,8.224539982454031062e+00,1.351598454767840174e+01,5.098978275310565067e+01,2.999059610656804509e+01,7.099030899762502145e+01,7.467775018915291696e+01,2.734701833914301119e+02,2.778578763976036612e+02,7.951328197037371126e+01,6.773922439139595042e+01,3.316829874049260951e+01,1.798500641647283871e+01,7.136964784729462963e+01,1.861878831069525120e+01,9.195269043731840952e+01,1.751444856735625137e+02,1.362863632654402402e+01,1.984166573882526734e+02,1.118584241705300713e+02,1.542403954476492061e+02,1.976494759819240699e+01,6.888440894107793611e+01,2.248116946747307736e+02,1.464275103569905241e+02,6.315476879256891607e+01,1.262709301150339201e+02,1.652621314772668626e+01,8.954984896160691221e+01,8.114175754873997448e+01,7.270115374628682403e+00,6.180525497132777701e+01,1.037706826986871391e+02,2.622377596452886550e+01,1.863998865160030221e+02,3.001331825095514318e+02,2.875801928726286505e+01,1.147291278301700856e+02,5.043407244769388065e+00,3.238208623093196348e+00,2.879683400306563001e+00,5.190720646347670275e+00,1.505959435558014832e+02,2.210686298151409446e+01,8.151843508759695567e+01,1.487608296328546658e+02,1.126389627428397802e+02,1.969963611886382182e+02,2.807471160828580636e+01,8.716835133883803621e+01,1.249901974187780418e+01,1.677017983586739902e+01,5.088611628232691864e+00,1.249794194017246518e+01,4.049417881342017012e+01,7.873740816720450653e+01,3.060618581275462802e+01,1.824929614900050581e+02,1.791160674707835909e+01,6.517734191183676273e+01,4.519933938173655719e+01,5.107594341809978999e+01,6.823409581392608914e+01,2.404444908582567564e+01,4.555273617866739500e+01,1.927552509177928641e+02,1.608824229266674877e+01,2.296262651468179072e+01,3.876624917865535167e+02,1.927921944673111341e+02,1.037009352109693765e+02,4.286146978156133258e+01,1.635949558660914249e+02,2.879841576631817190e+01,1.374345165280765713e+01,6.555790038122131591e+01,1.586831579785701933e+02,1.538943668100242235e+02,1.451371047379272454e+02,1.144842981159878690e+02,2.734671764899366764e+01,2.021641062170752150e+02,1.014257958213878368e+02,2.309113142488941151e+01,7.198623179825388263e+01,2.145313395320485483e+02,1.811891360749007163e+01,1.508328927558709687e+01,1.843833275483141563e+02,2.088323675947917835e+01,9.166656361229426864e+01,2.098572122621426672e+00,5.963745216482308109e+01,7.624006402306916641e+01,8.416532346709730916e+01,1.608156415580109240e+02,4.231156796429795719e+01,6.318054920501167970e+01,4.371351241822367228e+01,7.957654508222745449e+01,3.684901302523658728e+01,1.465315510051155279e+01,8.578848228357443872e+01,1.240845494319996911e+00,1.705010067264620659e+02,1.429721072755943396e+02,1.528404195620770452e+02,1.796726625359679019e+02,5.928141593496170003e+01,1.984864847258610254e+01,5.108556331531411132e+01,2.708212234815511010e+01,1.453290400309396375e+02,1.479248014594308813e+01,7.005540616978477431e+01,2.566752493633620702e+01,7.101709375725745588e+01,2.806387164224921662e+02,4.684176996237845714e+01,2.718854105268007402e+02,1.603695507028289455e+02,4.461171476614431697e+01,9.587864073353058814e+01,8.608619396414100322e+01,2.348204353561027702e+01,2.572235410222521423e+01,1.525258505121810799e+02,9.097720692486738869e+00,5.192666895300684615e+01,6.118017623647926939e+01,2.793319285580423639e+01,1.040869371476795102e+01,1.412902752343798340e+02,1.238819717494967989e+02,6.191994463495183965e+01,3.554785525400915702e+01,7.614195486307843908e+01,5.631282310281619630e+01,1.387983653931168604e+01,1.801994442387047002e+01,3.562989224182384063e-01,1.254707733815292272e+02,5.848638779223745132e+01,9.489319079529826695e+01,9.242927050924662069e+01,1.003116269112337164e+02,6.878020242217077396e+01,2.627521427999809589e+01,2.520209350843052221e+01,1.404351402917211828e+02,5.882936733236129356e+01,1.689707493464187280e+02,7.355062960788681714e+00,2.263543749419273965e+01,1.116860179442006995e+02,2.432782342465032244e+01,5.221158225382885831e+01,1.815218959989266168e+01,2.847311541832073445e+01,2.337046992500806297e+01,5.882060275202732669e+01,5.700874814439530525e+01,8.700222873418157121e+01,2.424682938662602183e+01,2.793967761925441664e+02,9.994612274968504551e+01,4.644304213390882730e+00,4.909036712140853354e+01,1.529315591778697581e+02,2.980943828015967156e+01,1.433743183851424519e+01,4.352212154516050191e+01,8.655100458326302260e+01,2.027835717588696962e+00,1.272233085608492189e+02,5.749021377121287202e+01,2.550385009314644549e+02,3.690795214335506103e+01,1.210484153461195120e+02,8.400254429858993888e+01,3.888944273639838745e+00,6.857450146475953545e+01,5.752836012768120355e+01,6.803925406145224031e+01,6.889494174317802333e+01,5.999304169451385604e+01,3.380906970774535694e+02,1.123205294899585880e+02,9.732701407034937802e+01,1.127828286892990661e+02,1.389918786747315949e+02,6.111528658884721921e+01,1.879944459124937950e+01,1.003595837947752045e+02,1.093243049821808341e+02,7.866491093421718972e+01,1.465605365463544842e+02,5.818948717210292898e+01,4.582207268348575724e+01,2.943803488372270127e+00,2.706285821765787603e+01,1.955169972232215798e+02,1.445309569462284287e+02,5.578890034561876377e+00,3.943657092105244999e+01,2.500598795814320852e+02,7.075364228647062248e+01,5.546150773521240041e+01,1.025807691914326938e+02,8.036447564663940568e+01,1.315703279618192667e+01,7.796578206351972540e+01,9.126409575457836354e+01,7.006526287802529396e+01,3.455958855551328313e+00,7.542171126673990500e+01,3.006065733067952550e+01,9.212221245445844886e+01,3.169133934363039273e+01,3.187105713908376856e+02,2.946551103189705145e+02,2.160193718616738678e+01,8.961601185677652381e+01,6.891541677458646653e+00,6.552327280939037735e+01,1.948679796424832489e+02,5.957488847415005750e+01,4.935779946105022020e+01,1.151498381324559119e+02,1.225757387072280835e+02,1.111365434244809904e+02,1.883728447725160322e+02,8.453129377446293802e+01,6.569882599954760849e+01,9.239047526248027964e+01,3.169342238760279997e+02,2.339522701478028637e+02,2.395785934241345672e+02,6.061501802264132266e+01,8.524968795906148955e+01,1.904579763283051363e+01,1.612882781119711240e+02,2.452185451036894506e+02,1.007816714725935441e+02,4.518587450754739621e+01,2.085534475840350055e+01,1.743408177303336615e+01,7.069548650900843256e+01,9.547961021382338487e+00,4.381891623048921502e+01,1.868747361702269316e+01,1.736769695971597400e+02,1.343088887073802518e+01,1.863929569630913647e+02,2.891582942267063459e+02,7.962196387281109367e+01,5.608176540525689546e+01,4.578429400178135822e+00,3.565053819914194833e+01,5.735235854425447144e+01,1.116117343258132024e+02,8.087430121637135372e+00,8.872112292512453280e+01,5.510598880315703951e+01,1.690291759775453500e+02,2.682047640809452673e+02,1.248455816523249950e+02,4.490655813360412907e+01,4.118957169702604659e+01,6.676078168904115984e+00,3.594194820990538375e+01,1.005751117625644184e+02,1.192480550309819876e+02,1.431400084403193773e+02,2.255005836026899502e+01,6.647131619439200279e+01,3.795324277977015726e+01,4.331829250494775607e+01,4.808640896616771698e+01,2.309360777394536512e+01,1.294048061822914804e+02,3.509749986924432363e+01,1.236196830356170828e+01,8.954397247069911359e+00,3.209994104158682262e+02,4.865426872238415257e+01,9.474219992466869655e+01,1.572809595651603276e+00,1.584272561318466614e+02,9.433458880893766718e+01,7.997088938791995361e+01,1.071578583934516189e+02,1.019538748054041974e+02,2.656350896217573165e+01,1.393058625422236503e+02,1.409708884939883999e+00,1.452002114438906943e+01,6.160998921396497963e+01,1.770850248848261899e+01,3.973051372623370980e+01,4.063497670808236961e+01,1.256718359689416786e+02,1.935803351379554371e+01,3.112778955298676564e+01,1.863572986356737999e+02,3.370593700368569756e+01,2.510475522117104958e+02,2.342109447015441859e+01,1.894231297488965708e+02,5.968293168170668395e+01,6.459962231336159100e+00,1.466802754445893697e+02,4.325877057364814249e+01,7.353932619107327184e+01,6.484133586365835811e+01,1.443061776967967624e+01,1.090003791367477426e+01,2.064370124452232336e+00,6.841737780952365711e+01,5.359845331259669621e+01,7.001266374230029044e+01,2.279637449940331351e+01,2.468016480897220788e+01,7.203838728890650600e+01,5.246611905511884544e+01,3.897577590420260751e+00,1.767124208967597667e+02,4.072098454256237510e+00,8.559711051728962516e+00,1.686241081849682359e+02,1.270308313694313362e+01,1.238363669476124898e+02,6.743600298040378505e+01,2.020688332933204734e+01,2.341271304619447164e+02,7.650461523556614907e+01,4.565823480857233108e+01,3.093417014998806636e+01,2.133965580124573691e+01,7.522268711523780382e+01,3.609467898728101432e+01,5.735747624935837052e+01,9.529108768078179992e+01,1.102579241826862102e+02,5.996165471062574426e+01,4.836868044669629541e+01,6.360240077840914807e+01,7.119123119567470326e+01,1.841399937475358968e+02,9.772577571459900980e+01,1.968073502924405105e+01,4.778008122411997505e+01,1.603029773129065632e+02,6.868363452594783780e+01,7.980760226991358230e+00,3.636057564954391097e+01,1.996207721356103946e+02,2.403651526341010651e+02,5.540998463399047225e+00,2.209711922050484745e+01,3.619560561004016574e-01,4.555496409734096375e+01,8.996026110666694819e+01,4.706118539105101028e+00,4.612509953058100365e+01,2.421647601331403905e+02,2.407990489326523331e+01,2.770242613013856925e+01,8.617656688392897024e+01,9.547431168627919362e+01,9.964284598395224180e+01,7.170713705490597079e+01,3.740430688963016337e+01,1.207368967688587169e+01,1.473498165609097725e+02,1.618515814365549232e+01,1.924204550810919656e+01,8.671689686005133524e+01,1.256767640386315890e+02,1.284513474470570031e+02,5.580740972919691245e+01,8.590549518767768689e+01,2.400970886849112773e+01,1.604547547619850079e+01,3.564175596739862328e+01,6.394032077519036505e+01,7.739834105546732701e+01,1.203135023957356111e+02,1.511510263312434006e+02,8.293691386550291611e+01,4.937148785658768446e+01,1.763003701625214319e+02,2.584817455568363584e+02,6.996918895586732390e+01,8.476312279965958396e+01,2.546764089992401026e+01,1.717247531736885833e+02,3.056957178827865960e+02,3.191472499535048613e+01,1.406450224225306300e+01,4.086561615121780022e+01,3.321627616036607122e+01,1.116164382036112244e+02,1.087727511740767881e+02,1.549616005351988406e+02,2.132174624688447011e+02,5.551902715299092961e+00,1.221243369327773962e+02,2.754952059918917371e+02,4.734980452550771268e+00,1.358050693042571027e+02,2.037756023832540286e+00,2.947218482482711721e+01,2.537740093026119581e+01,5.195864106387035264e+01,6.243892672081287287e+01,3.708866943415977602e+01,2.545148179004063493e+01,1.118758219044664060e+01,4.912358835804401025e+00,4.140561364881395434e+01,1.123291565379696237e+02,9.394675695650245473e+01,1.735784998296256560e+02,1.498758177439557926e+01,2.119817148457113021e+01,2.494990262909617229e+00,9.648549625323582291e+01,8.337104520759508830e+01,4.270509257731830388e+01,4.072664041456190631e+01,9.136036690345149225e+01,8.090605672492601741e+01,6.011951327658115929e+01,1.363708937718469087e+02,1.000812077457837148e+02,2.145055189792799055e+01,6.992922587632079967e+00,1.935760873127076991e+02,2.132369555213461965e+01,6.836730188605513092e+01,6.140504268898752827e+01,5.063493595573213923e+01,1.428777855775797718e+02,3.641878166880921253e+00,1.233593515539726866e+02,2.724914010124905985e+02,4.218935020810341285e+01,8.756044543279183756e+01,1.084898014480727397e+02,9.054223657755427723e+01,4.775979539239639848e+01,2.022876677878649900e+02,7.858389308376223426e+01,3.114325213474216980e+01,5.401136430926072762e+01,9.133789732390773963e+00,1.091231077485187626e+02,1.696327091695773248e+01,1.039076243947331051e+02,6.217077582645509182e+01,7.300824258689853252e+01,7.008123265164542204e+01,2.099143797871235222e+02,5.965559203558336776e+01,1.247154990131041075e+02,4.976445626851919002e+01,4.878990056451515755e+01,1.149494163015420298e+02,9.880097265283060537e+00,2.592151010468075967e+01,2.801928572075857460e+02,5.805329436658120557e+01,4.816658658087542477e+01,6.448134075557172196e+01,1.572881405466558569e+01,4.042264430807875186e+01,1.322770307752242047e+02,2.332702655054472984e+02,3.136443670015928475e+01,1.705879706389908179e+01,4.368111906114290832e+01,6.625543765473240398e+01,1.297517364526895562e+02,1.639600070824796418e+01,4.379669362102548575e+02,1.621747141036032929e+02,6.243664126883106746e+01,8.072157408168552095e+00,2.947444585007017892e+00,1.004689329223602243e+02,1.011916424547936799e+02,4.362796121755899748e+01,1.246605163648774806e+02,3.991932620461384573e+01,6.351953216521501133e+01,3.276792861801174581e+02,6.566632450580721070e+01,1.077693628167942563e+01,9.953799160825739989e+01,3.080492423022049309e+01,4.379978094460562232e+01,4.878986808628132721e+00,7.065123582106993183e+01,3.109340834132921572e+01,1.392536916605038044e+01,2.193296679750767169e+02,3.906545508988766073e+02,7.666790692107740313e+01,3.613545606326677273e+01,2.002936337430952918e+01,2.202536668363626688e+02,3.477789161145202712e+01,1.242831455224847872e+02,4.775813355530330817e+00,1.756342511323051383e+02,1.225620433578564494e+01,9.536640767796514240e+01,2.912830834488960932e+02,4.721917757687907446e+00,2.258678032609237789e+02,3.378569942161022244e+00,1.097780126181584421e+02,3.578535932079876147e+01,4.102692816622845839e+01,3.307430103211502370e+01,1.257140446712189430e+02,4.435009464571978555e+01,7.135834310247095402e+01,3.186828414284500468e+02,2.138634938679755066e+02,3.984084454454088586e+01,1.565882899231426393e+02
1.076562099570794828e+02,8.869506002104243336e+00,1.364487023701938995e+01,1.022371359678681415e+02,2.982203485963724177e+01,8.222632804407561480e+01,2.094173509155938575e+02,2.052542517085850875e+02,1.850129287111468557e+02,4.865541470255417522e+01,7.692093479415248680e+01,1.354088040115183800e+00,8.558954308856333171e+01,1.625468328052654385e+02,4.013073851309273188e+00,4.045956474745736386e+02,1.105709048995110635e+02,3.038118317140099975e+02,2.017667849226292631e+01,1.175215297755751322e+02,1.918949392566314600e+02,7.918714633548069060e+01,9.668385973709253278e+01,6.302838806135022764e+01,1.047422292123288088e+02,1.922401763578124019e+02,1.014870034346296137e+02,2.854936409059046696e+02,1.075943407744679980e+01,1.124507230614125035e+02,1.034754981978989576e+02,6.140067890013673946e+01,2.748678724397721851e+01,7.535092637978250707e+01,4.972019615096890988e+01,9.296681015009957250e+00,2.674507917349452555e+02,2.038864438420099816e+02,1.088542295714761963e+02,1.952298465899025359e+02,6.946746415461588242e+01,1.272336702580437731e+02,1.068809332083303190e+02,9.215846444741051968e+00,1.527727527232189004e+02,5.346503935545412389e+01,6.272220035816209815e+01,1.425186315053857129e+02,2.251963533726130962e+01,1.606105842381557807e+02,1.059941256167508641e+02,9.692175702487999445e+01,4.020602206250708122e+01,1.023586761027495982e+02,9.952388388788923734e+00,9.245110782186002041e+01,1.617738274050017537e+02,6.273231622530238916e+00,1.801597649021975940e+02,5.553349591830271947e+01,3.725463126413212228e-02,1.111370422034510028e+02,4.610451507238813917e+01,6.613020786928389327e+01,8.164146246539824858e+01,1.651351175386899328e+01,1.904158913068033954e+01,2.248428275114730468e+02,1.200059436634015526e+02,4.018326002199972180e+01,8.935308882539095521e+01,7.105781769078505761e+01,3.072819161923029583e+02,4.503312853788643366e+01,6.918174102222288901e+00,3.558839383589054250e+02,1.395891647788357943e+02,6.083327798047996282e+01,2.341440391742315885e+00,8.937646960696046960e+01,2.347332877346665825e+01,4.779576462811456139e+01,1.330423980941408786e+02,6.746113173059127632e+01,1.051966101790989541e+02,1.901696563557646584e+02,1.216937396719697029e+00,6.383034042453915191e+01,3.129630001326808610e+02,1.946940275889843690e+02,1.006718440516040545e+02,5.611336663714287631e+00,2.219679648009594359e+02,1.508642672207595297e+02,2.246243776249101032e+01,1.963687491787530348e+02,5.104932537807953707e+01,1.296756748736386839e+02,2.061579427408100003e+02,5.460716024644671052e+01,8.741231993045376214e+01,7.109144845041937799e+01,4.445652214110907607e+00,4.202101819444585828e+01,1.012340563054618769e+02,6.670591241594399889e+01,8.121729567828575469e+00,1.736458421393813580e+02,5.205153383820020352e+00,7.622135281221277125e+01,1.270123006596683837e+02,1.730307492738677126e+02,8.802148477226894840e+01,2.238652948794535007e+02,3.549922794626616565e+02,9.953943034256896283e+01,1.607334093736162970e+02,7.163459361970205919e+01,9.204537152322940585e+01,1.122304319525983907e+01,1.049602803052417812e+02,1.821145736906791228e+02,5.146608214393135228e+01,4.599136643771586108e+01,3.526334497939301826e+01,1.446364060164909517e+02,1.873639795215851001e+00,2.999562266804916533e+01,5.318109415467922219e+01,1.414331247404647911e+02,8.715702905745587259e+01,2.905061871721908915e+02,1.270282611426433164e+02,1.069604980250818329e+02,1.415569833739683503e+01,1.165651328314247159e+01,1.105798050128827548e+01,1.909521511852167066e+02,1.438268549446188729e+02,2.319409670103852932e+02,9.628557340049648872e+01,2.664375570421422523e+01,1.307244771473571987e+01,2.281589583902524794e+02,9.618447322725364401e+00,9.761484217921378104e+01,2.941309432913275046e+01,1.423259995473711399e+02,5.485205712460896166e+01,2.255960900715429034e+02,1.899558691403828714e+00,1.830825239333325953e+02,1.009423088106631070e+02,5.877774469072886632e+01,3.992496436334676702e+01,7.471994740673774515e+01,1.531250772410711818e+02,7.023100294383885966e+01,1.498646267561356353e+02,3.539399882846155698e+00,1.222665232183201880e+02,8.756341180123271783e+01,7.409584800972491614e+00,5.108213589655463238e+01,2.301154081847983335e+01,4.585872072742809991e+01,1.174293643635653872e+01,3.568584669092847150e+01,1.143011557808752485e+02,9.827520137624246388e+01,7.964021870306989115e+01,5.810680913839293282e+01,3.729563648494938488e-01,1.962800383651310483e+02,1.698409404607900441e+01,9.630749753387941325e+01,1.130333224091283597e+02,1.523100857775557699e+02,1.422769708650921245e+02,7.243981878748707004e+01,1.809987034695046759e+02,1.336287835347667112e+02,4.547851206303960225e+01,1.479356866919073639e+02,2.942534606213405937e+02,4.381980505258184877e+01,3.319359947943131317e+01,1.843184119744847465e+02,3.284384308058375268e+01,4.673103349129888073e+01,8.779556915060751976e+01,1.233334806384442430e+02,2.303039416173668386e+01,1.145362817157307767e+01,1.028229192177413012e+02,1.598347292250567087e+01,7.359741222565388341e+01,3.233099674861914519e-01,8.409092903536103947e+00,1.221369838414081244e+02,8.537700208111500899e+01,7.739640580142095416e+01,1.336204553643628934e+01,1.646306433870567218e+02,1.313666204194805402e+02,1.138383980724169930e+02,2.494150939567525782e+01,1.899736926037759304e+02,1.751834235159534714e+01,2.060275718844200981e+02,4.432982146316028604e+01,1.955469406700135337e+01,8.397550504970014629e+01,1.127986207390049032e+02,3.248371024147026560e+02,2.355520278631946596e+01,2.642788719759021774e+02,9.182672122404754589e+01,6.284484767374082281e+01,4.735294535385548009e-01,1.269020678248917555e+01,1.708108664834655031e+02,4.583633906651643741e+01,1.188705715598384671e+01,2.770245287031351467e+01,1.123022619753376858e+02,1.873486680346340165e+02,9.743571104147530804e+00,6.830152318368880060e+01,1.541155860747690838e+02,1.311506648894133491e+02,3.704184067585233038e+02,1.207757232275441197e+02,6.397739096877019449e+01,4.968884273994363099e+01,1.373959776880778634e+02,6.407941560078468513e+01,3.506992975238006949e+01,6.239991021830263662e+01,4.254142200281318651e+02,4.504217895087544576e+01,1.605729553864256047e+02,9.282203685271691995e+01,8.917905909600398218e+01,2.839670325353081637e+01,2.043895632813571694e+01,2.583620764338741651e+02,1.896739974189805267e+01,5.395051005579176007e+01,1.303086396785188299e+02,1.051229863650016227e+02,2.233519211178199271e+01,1.828395994088626537e+02,2.878024652120306541e+02,5.259705524891896289e+01,5.419936112038609366e+00,8.111096458909623053e+00,1.208979372082934987e+02,5.109610179954593434e+01,1.202463198220008280e+02,1.299063430717133372e+02,2.101088258233870647e+02,7.576958500577431721e+01,1.053797522638230930e+02,4.008984964334138823e+01,1.072296079408214950e+02,1.573834593795098442e+02,3.130419556719928096e+02,2.626065459695627737e+02,1.751324437851211542e+02,5.523886264357833653e+01,5.216879784645193752e+01,6.498222437784541228e+01,7.034959290636096796e+01,1.121425145769782148e+02,2.046595670063871637e+02,1.203195283336510926e+02,1.773733709997752896e+02,5.446135951838434863e+01,7.463238092668076717e+01,1.545984019225642214e+02,7.141407086960016670e+01,6.937497885115496388e+01,4.877864879698895706e+00,2.204245431358759220e+02,1.216948368824149895e+02,1.029087461704842212e+02,3.084771140905225550e+01,2.260346006051941288e+02,8.804868427355911820e+01,1.199474123916027963e+02,2.443954061463062377e+00,2.217493879086243069e+00,1.452603105056143420e+02,9.845397697983764829e+01,8.933912642716144603e+00,6.137416896325663451e+00,1.318971732597745472e+02,1.427374417785278808e+02,2.212860661983187924e+02,3.855073255025936163e+01,1.322985554568582423e+01,3.077028717229066501e+01,5.618677413244894581e+01,1.123038869872383145e+02,2.357147308015827321e+02,3.930385022265574690e+01,5.341992229876453280e-01,1.305340423226929829e+02,2.288891901446385475e+02,2.377071846686843344e+02,1.611081024072396701e+02,1.058456415213719168e+02,7.815895635018891596e+01,2.337383809829336485e+02,1.168452253213192478e+02,9.940066254913247690e+01,1.666324569275964507e+01,3.086341755064108483e+01,8.890078048615644946e+01,1.808357253292192297e+02,4.905070335614424692e+01,1.216120519106880380e+02,1.156174965519740141e+02,3.066113308647482540e+02,1.129012114479765572e+01,4.515744232408397174e+00,1.297551574888826842e+01,1.498205687205127106e+02,1.374088287001022195e+02,8.393550396130181923e+01,2.344072508079822725e+01,8.649984421448120031e+01,1.188397784716235037e+02,3.960004398950957949e+01,4.179622641306806230e+01,4.272147474838994441e+01,4.611248284585601986e+00,4.478688449790169557e+01,5.341344387295988838e+01,3.908693898293897462e+01,6.970695794602454498e+01,1.598523733616965359e+01,1.551876389023466061e+02,2.974317465861457421e+01,7.428140396081907015e-01,3.127004211137059428e+02,2.690297549486197113e+02,3.709148751847698833e+01,1.330723202520847792e+01,4.601703793623082817e+01,5.904781479456212168e+01,8.610014965419578914e+01,9.724140290478818827e+01,2.462803966184441435e+02,2.149679102887990823e+01,2.133269115943313921e+01,2.377128103502904466e+01,1.367439743793500462e+01,7.369650798288992632e+01,7.072255664985554802e+01,7.052736253684601309e+01,6.866445959628384799e+01,2.573319148143497515e+01,2.921385471254529307e+02,4.212432914707100196e+01,3.548825778373763740e+01,8.994575044945058551e+00,8.219696400290887439e+00,1.390938670798593364e+02,1.231855485853037635e+02,1.882072420583575649e+02,1.240191550907712781e+02,1.178639053757484767e+01,6.901776554885549331e+01,3.729583861533481581e+01,1.028658398033625616e+02,3.534074450830140535e+01,1.886749973050831031e+00,2.797632176329177014e+02,1.959685265641016372e+02,2.265598162773986957e+00,6.465663017653169220e+01,2.154336034607467525e+02,6.833363889289196891e+01,6.322359491090469241e+00,4.106505879710806539e+01,3.078729304789782759e+02,4.401344742159733414e+01,8.999651032824731089e+01,1.110535845368941033e+01,7.574483657982865736e+01,1.758376886867178612e+01,6.651846195647813431e+01,1.134903008102598534e+02,5.293735323344242971e+01,1.531760160251334639e+02,5.941589190579176716e+01,4.585584460321776845e+01,7.008382822596780670e+01,1.931002639333283710e+01,7.150166687052943360e+01,1.501042769577866238e+02,6.279370458234684094e+00,2.241875942198437244e+01,1.910446490777967767e+02,5.572455792812689168e+01,2.640767355248593162e+01,5.654749937053823317e+01,1.671319960624780094e+02,3.217573817494485411e+01,1.900584947885391500e+02,1.507783624332018064e+02,2.731542908700369310e+01,5.051707128898287102e+00,4.708406786482222373e+01,2.182714019556789253e+02,3.535598635272379653e+01,2.245494419400963082e+01,1.443809749324128973e+02,9.409466382262651507e+01,3.030755421672180319e+02,5.579116079068113976e+01,2.481595305904531301e+02,7.720686812776536101e+01,9.589459249330348101e+00,1.609733076247099248e+01,5.280420167375083906e+01,1.541189253666991306e+02,4.297498068194619947e+01,3.258169391449033014e+01,1.220666046389782053e+02,6.869467133771331646e+01,2.759848971326735523e+01,2.096170431421991225e+02,1.808007888344664593e+02,4.526801608358359630e+01,1.795592338332504312e+01,1.652715191363205633e+02,1.335706386374041017e+02,1.081958457521526107e+01,4.047336899195224760e+02,1.555714457762048823e+02,4.413777130998695242e+01,9.263756439671165799e-01,3.446263844717670821e+01,7.952867423901813027e+01,3.137787474079764660e+00,4.610362189869227301e+00,6.119190234039072607e+01,6.027026657989495106e+01,1.722139834985614826e+01,2.511486874264649316e+01,7.969817366069705145e+01,7.563333888767994040e+01,1.233981099528333480e+01,1.639092624410116628e+02,3.144007879079199483e+02,1.344397771907425181e+02,1.065760484749470862e+02,7.209887201980284033e+01,8.666904379365912803e+01,2.126629445517122861e+02,9.964446809457228937e+01,2.653442575354829103e+01,1.030516929063746971e+02,2.143738084678954863e+02,1.953040221456197685e+02,2.119288729986897408e+02,5.596927719219672070e+01,7.162009185929159116e+01,4.910000218083333756e+00,1.219942550915646819e+02,1.000193195174291816e+02,1.143865455642970232e+02,7.241660022348162329e+01,7.113574751634148186e+01,5.055146693186315332e+01,6.101122233296955244e+00,1.933235031719871984e+02,6.096887281375609291e+01,8.171475480486664367e+01,1.669959305424092122e+02,3.809829367350923590e+00,1.080063843380741684e+00,2.712581313806591865e+01,2.681036818182300863e+01,1.013414401172940416e+01,8.615582952573241471e+00,2.383294346052597064e+02,4.777107119171148497e+01,6.357528669536940669e+01,2.363815885167145936e+01,1.252470262177257752e+02,5.703792274977019616e+01,8.780335854679931629e+01,7.488127246333662868e+01,9.949685147559961251e+01,3.053260517322211154e+00,1.648654213456435969e+02,6.889951502714554010e+01,2.705166618094813771e+02,4.508450928896980372e+02,1.354584096394903270e+01,1.018437720117824909e+02,1.150467670173240435e+02,4.971330444828903516e+00,1.899510238530114492e+01,7.442875555253506548e+01,1.998352464972541398e+01,7.946838385235709268e+01,4.060317546447878811e+01,3.271142966287114717e+01,9.402401197241482933e+00,2.181338344007767560e+01,2.088394503576667205e+01,2.824748275707042922e+02,5.241361888703162997e+00,8.081055675691800388e+01,1.360331754037657248e+01,1.574757941421690077e+01,3.263913356852799552e+01,2.149273892773198895e+02,9.620949583899293600e+01,4.792461547572187897e+01,5.863311046857162978e+01,7.363181575218975183e+01,2.163013052380493946e+02,8.131613067664011396e+01,7.935715034450373651e+01,4.874905209508933268e+01,1.861564603465992818e+01,2.075507064840330429e+01,8.066889019875061706e+01,5.552735194991765866e+01,1.097452536482988128e+00,2.309161100177777826e+02,3.536395854191753756e+02,1.584627052028605192e+02,7.059405747560093403e+01,9.904769537442632554e+00,6.644621252753823626e+01,6.893336835988145594e+01,1.005276227058509306e+02,1.057428640196304173e+02,8.583441335468411637e+01,1.433566644250351771e+02,3.085291225900605383e+01,7.779658440943586584e+01,9.371140371982777140e+01,8.397789351469047858e+01,6.973988273243057279e+01,2.245574560680020682e+01,3.991431513387844632e+01,2.011112938095640175e+02,1.524049359074563981e+01,1.395817807055609876e+02,2.605062969904436532e+00,2.804448371669603546e+01,2.175620882637682314e+02,1.648825328415863680e+02,1.659774254680398187e+00,1.715650630852300367e+02,1.546419837781739126e+01,7.584407446189914026e+01,5.362306375282545901e+01,4.210078218173691056e+01,8.598089412296060630e+01,9.491679197282685720e+00,1.378683325184510799e+01,7.933128807277982730e+01,1.472903053306879144e+02,3.107369612975133677e+01,8.742147140582771669e+01,5.293305128452430353e+01,8.215558003487753069e+01,1.555413034774709331e+02,2.810356387532932843e+01,9.335663230963898229e+01,1.739457215133139911e+01,7.386978385937068481e+01,3.582842302697364545e+01,1.206949011281432718e+02,1.476132093256618134e+02,6.895900769453398915e+00,1.834531947844279500e+02,2.331018581917527399e+02,3.136598671806631700e+01,2.628295200285514852e+02,1.258959760830421573e+02,1.657764942642362200e+02,6.893019493103720663e+01,1.646680193314820144e+02,1.060227589250364986e+02,3.930708627637620367e+01,1.434103641845553341e+02,1.869391315205586750e+02,6.840360640667712744e+01,1.065587833196264533e+01,2.533530549216956445e+02,6.154947879558741164e+01,5.799141275343106372e+01,9.450125281110800302e+01,1.896007844665026099e+01,1.327136648067530871e+02,3.083806974281537805e+02,3.759887434475644596e+01,2.304668484966655058e+02,3.086976354899565536e+02,9.384194615310230247e+00,1.546246311215392950e+02,9.397172973502317461e+01,2.161136057365368757e+01,2.405079043907774121e+02,5.710448637675017380e+01,2.795922039289854979e+02,5.472710926612500515e+01,1.067268589349774572e+02,1.260846672277869942e+02,5.290830897755072471e+01,7.002387092621999898e+01,1.587193468344217422e+02,4.222230267233847201e+01,7.069341324589642284e+01,1.949881441922314878e+02,2.701952070385573847e+02,1.372645348766191091e+02,5.936711380135150051e+01,6.094984821950959031e+01,2.797847411834833053e+01,1.124882117544303206e+01,6.694912244103045396e+01,9.235153620481511894e+01,1.741391283406030865e+01,2.445533581311863998e+02,1.426871940070888911e+01,1.164423311115585449e+02,1.078264077942885137e+02,1.244305526107416426e+02,5.854818091106695022e+01,8.841504662901643030e+01,1.986062648706014144e+01,4.827088064865821870e+00,1.622300085398394174e+02,3.883426877122293774e+01,5.936152024486771950e+01,3.697620898743107887e+01,2.674451971248979021e+02,1.907806126410576724e+02,2.566352387671222957e+01,1.538382370652007864e+02,2.790499388655774737e+01,1.015692545058415597e+01,4.157731760642101193e+01,5.960187876503733939e+00,1.003605815763492615e+02,1.540247787943178821e+02,6.254997793962956365e+01,8.662135600712529993e+01,3.845021136067394707e+01,1.488067692604382053e+01,5.939293938135023865e+01,1.155796932304391156e+01,8.627446576368833497e-01,3.764996076096070965e+01,1.203465433029647613e+02,4.631949743887287241e+01,1.154272124224434179e+02,1.221331596658648948e+02,1.505013175333152446e+02,3.324667149873490501e+01,3.565886035850506630e+01,7.533903282948793390e+01,2.501524383415733723e+02,2.194698464739009296e+02,3.325455178238247100e+01,2.252599725203047001e+02,1.174092610218345953e+02,4.587869945358347223e+01,5.853988012678903630e+01,1.841840801311837765e+02,1.459314285119850467e+02,6.254186520886180034e+01,1.375776740245498786e+02,1.091321346405163411e+02,2.007898179915039520e+02,2.581015815477354067e+02,1.443862457272422262e+01,1.700690135970515655e+02,1.046281879223813718e+02,5.807171076612217320e+00,3.711798494363576850e+01,1.749258360564131110e+01,2.803299860012038494e+02,2.545875613074650232e+02,3.342522875634380597e+01,1.205092764584268217e+01,1.941390700158425275e+01,8.695227013924794335e+01,7.963353293073249972e+01,7.485413484187930067e+01,4.229808527067823576e+01,3.249547101081184763e+01,1.249268513790750923e+01,4.968359131973353016e+01,9.729164341417046558e+01,9.494067491723485830e+01,3.108944808979327590e+01,3.027148161867710741e+01,4.292239020085650480e+01,1.137142216023666030e+01,7.148545515617242074e+01,4.420400185671660154e+01,1.556898127210270921e+01,2.389579446305758665e+02,7.136526667355569487e+01,2.515745543401058342e+02,3.090608114612955504e+01,2.081951135031180229e+02,1.316951605404284749e+02,7.011734499843049662e+01,1.830962196746475001e+02,6.438697560001271825e+01,6.771299479332272142e+01,5.289989024977992216e+01,8.881555388108039040e+01,1.258884203426481605e+02,8.345860301846471430e+01,1.045312199152082222e+01,1.825292220209585636e+01,3.079491155781869907e+02,3.831194466387076432e+02,3.392224839950732473e+01,3.732825847300208011e+01,9.371215431449711275e+01,8.191007480894155890e+01,9.850554489839778682e+01,4.247391984745412685e+01,2.137161512270365620e+02,3.320648807144148407e+01,1.366166376061894105e+01,1.673519617037982528e+02,1.153039869907476884e+02,5.415789856652602907e+01,2.519491881435744318e+01,2.630051236635417808e+02,5.680124757223695298e+01,3.889305709751903706e+00,1.730071995560388842e+01,5.494585216828519947e+01,7.382440516297195643e+01,3.129903304572599723e+02,2.011023261324697842e+02,8.818117478749046256e+01,1.748211888937058944e+01,2.239282404468258392e+02,1.071026305961811289e+02,2.277439308483419467e+01,2.551223262400712244e+01,6.366679514737582224e+01,3.764092393464245134e+01,8.098183505769094737e+00,4.224733517334695421e+01,8.706069929488505466e+01,1.543733951023207567e+02,7.168769606073107070e+01,1.085619190521414978e+01,4.951411051183661982e+01,4.682212421832930005e+01,5.085403827854139536e+01,4.943160562504672839e+00,2.506677469906752620e+01,1.935062395523665879e+00,3.415232160249946958e+01,1.022510122098652658e+02,6.593286141005883394e+01,1.009771025043977630e+02,3.143680834203043784e+00,3.415135414473002129e+02,2.355672498495220566e+02,1.931997363024925107e+01,1.310897061006510000e+02,1.369603747544664252e+01,1.409485577729285133e+01,2.189286991386414982e+01,4.239091201813846510e+01,2.379392251585593385e+02,3.865911149664408697e+01,6.436891519800531114e+01,4.766313208294113934e+01,3.772474884692132235e+01,9.297444397501148217e+01,1.093909904086694240e+01,1.153051315223916617e+02,6.046279281759262147e+01,7.809141438491900544e+01,4.652463460218496607e+02,1.735152269549016069e+02,5.151482822367619008e+01,1.094209492811101647e+01,1.519708037882128338e+02,3.037158035059654893e+01,1.302676805235380471e+02,4.643820377289373624e+01,2.997264266894927331e+01,4.739159443525407056e+01,8.893597573813038082e+01,1.503769504532384644e+02,3.747753545862263991e+01,2.215331499060210874e+00,2.429144636293866881e+02,1.009869034809156574e+01,1.458485656136070645e+02,1.366196405503194740e+02,1.261039328493635026e+02,3.147064083015754363e+02,2.350603948328899051e+01,9.041130722833595712e+01,2.114794730471400985e+00,1.493691518089650856e+02,4.376078478045499054e+01,2.048293148323290040e+02,5.867958553143381550e+01,2.067386177667128493e+02,4.145261129714368309e+01,9.135840551990142444e+01,8.026409158943114619e+01,6.116464202321714616e+00,9.049796747675064523e+01,2.496217370723933016e+01,3.565052661004078516e+01,2.052363072449531671e+02,1.864153300396395423e+02,2.418559015634825755e+02,7.763920730147610527e+00,9.942635274285338198e+01,1.886286331080264134e+01,8.241304257027763924e+01,1.837287171332752678e+01,1.340413842971304064e+02,1.377007027454476429e+02,1.414416377711088728e+02,2.964374903141838402e+01,1.477025130450527683e+02,3.578224443472332439e+01,7.152822982297762167e+01,6.717546588863898194e+01,3.891262108408846387e+01,2.072564808560867959e+02,9.045956606836428193e+01,6.377652564123146739e+00,1.785848069882814571e+02,7.902924778550787011e+00,5.817389088155549359e+01,4.600797159629565414e+01,5.276158827114971217e+01,1.913998887676514187e+02,2.314306254150460518e+01,2.711822363158854046e+02,1.726261229204828496e+01,1.485922935670822937e+02,2.407355271441178601e+01,2.991947076198982813e+01,2.765041263282682138e+01,1.620537949348622817e+02,3.519157328257303163e+01,2.177520308921570802e+01,5.374588855998084824e+01,2.928713482291875891e+01,8.037649442268824274e+00,1.450030575731847478e+02,8.695420139708877727e+00,1.308665138745107193e+01,3.340195844789882074e+01,2.049412725518829959e+01,4.381704026363949112e+01,2.219296736639591572e+01,1.035524685420732141e+02,2.348810080732825156e+01,5.088863313428272583e+00,6.239742625374389462e+01,1.195163271473076207e+02,2.308003425481095050e+00,1.148980969989636378e+02,1.109058925812811367e+02,2.837944637408466164e+01,8.781475755194809096e+01,1.497871338046698213e+02,3.178735624982369146e+01,3.387041903406573340e+01,3.910912595914031442e+01,8.125053594908087007e+01,1.153076043392791092e+02,9.964720044441692437e+01,3.175064927549659899e+01,1.438245906847661715e+01,3.219841932383697554e+02,9.504687659878372585e+01,1.557977240127058565e+02,1.002692566631811673e+02,1.077802812889092223e+02,3.056476201339037502e+01,1.919734212291880482e+01,1.135481053367353184e+02,7.292598633484787740e+01,1.466902652500166653e+02,3.202176657118766343e+02,1.059179691610570870e+02,1.224031846241290395e+02,2.213445216585140258e+02,2.103840802280712694e+02,1.773699164123758010e+02,2.338471107599360437e+02,1.309188154322944513e+02,8.740789399392794223e+01,1.252122506323241993e+02,2.242471468453234138e+02,1.955063086669790096e+01,5.749183903858316569e+01,1.906349598140004389e+02,1.443444212991268571e+01,1.088526971921258593e+02,3.403063653355595619e+01,1.335439927641205031e+02,1.208351614023600149e+02,1.529218307701029289e+02,1.124081718332339186e+01,1.072202618917104502e+02,2.985600021380230942e+02,4.831953164082086971e+01,1.962022964217903365e+01,7.176998165057709400e+01,3.810851431021984581e+01,2.211925072831555283e+01,9.380569211365353155e+00,1.023293475123854535e+01,6.542621568986326963e+01,7.907222926746332092e+00,3.221419770873107780e+01,4.707772263752585928e+01,2.795671005835822598e+02,1.232498084910481992e+02,6.255864054078266179e+01,4.600564448896393088e+01,1.336975963933412288e+02,8.948205971521916524e+01,3.246792719653410018e+02,1.330292985640861332e+02,5.122864321615426775e+01,1.062130541329419344e+02,3.095760693815862652e+01,6.944278936750563958e+00,3.750226823233209075e+02,1.997583759069727094e+01,8.675708768933375836e+01,1.421738777016232120e+02,1.526346665001943563e+02,1.661112924051604978e+02,1.685680958828336031e+02,7.099197472812845433e+01,2.481383939767405522e+01,1.292143998437791481e+02,2.905494846454937488e+02,3.356796096032149279e+01,1.376665082109990408e+02,1.295870221784027194e+02,1.655939805281581911e+01,7.690842975411817406e+01,2.793953295687377292e+01,2.863836864021611461e+01,2.726851005512369284e+02,9.544135218894298944e+00,6.174691349944048824e+01,8.340537881168741308e+01,2.963621000670803483e+02,1.257356397302251736e+02,1.287177938784719515e+02,1.102762478478904562e+01,2.425849686104652747e+01,3.339917554749626305e+01,3.636184364594672047e+01,4.401789321940444211e+01,1.990341026683691155e+02,2.554314580740961294e+00,2.788638353708589648e+02,1.709025491691241143e+02,1.733430118612958282e+01,2.667782979503658680e+02,1.522459034325325717e+02,2.463562260775930213e+02,5.573141224661868165e+01,4.025893501846334033e+01,1.943970755346310568e+02,1.534875397971121913e+01,1.184911487103863124e+02,8.012850175305254652e+01,1.279881523882775411e+02,1.771274088841194043e+02,2.539896437336139345e-02,6.772110304279551940e+01
3.936931286546718525e+02,7.272846077561899847e+01,9.320344045136793909e+01,6.732825575427797560e+01,2.838987906303348154e+02,1.565453601765882183e+02,6.931834200039000393e+01,4.889035881081894672e+02,1.820581913565946479e+02,3.446343358216487900e+02,4.116677479755838931e+01,1.997726486102712329e+02,7.532084068558121714e+01,3.375189916034341877e+02,2.112647259572210956e+01,7.564096797127552918e+01,3.160627701755078647e+02,6.558531811037012460e+01,1.619935267266748440e+02,1.115242217460380232e+02,7.826971787469530284e+01,2.180308160271939926e+02,2.986034066295119516e+01,2.202036098239639159e+02,1.236014579064808885e+02,3.186731663410003890e+01,5.575413818979355796e+01,1.479375524069110703e+01,1.722859189807783480e+02,3.355061329497444689e+01,4.503946370238742958e+01,1.296395983508550671e+02,2.990613894698565787e+02,2.721128809367326085e+02,1.523902696005678763e+02,1.779096406005516684e+01,1.207127961098480569e+02,8.224585405906618130e-01,7.688026808402264578e+01,7.488896570757395921e+01,1.927200256528447824e+02,5.208724763451469926e+02,6.628371969417862886e+01,2.935458306498941852e+02,5.508347910136901504e+00,4.540298446685579847e+01,3.922701826740762385e+02,2.504948563809000177e+02,3.851058868013316427e+00,3.013912020577809017e+02,2.130843269632825070e+02,1.957367916642938326e+02,6.719781215103583172e+00,4.909381379852329808e+00,8.419945125242031736e+01,3.590513478655917083e+02,1.400439120125565751e+02,7.299888393792831387e+00,2.128555064034330542e+02,1.377657084712666062e+02,2.894397789477615390e+01,4.104711194437822428e+02,7.496667956581204351e+01,2.047483607519342002e+02,2.398329229801108795e+02,1.513346278810552974e+02,1.722752604141295194e+02,3.268815505829466161e+01,2.496803106667151440e+00,2.187703886535691993e+02,4.195267393429605107e+01,6.857645168203545438e+01,8.255906844962146351e+01,3.323350955941966163e+02,1.402729098360408955e+02,3.194213475127240631e+00,9.623638327341339505e+01,1.978238434426359049e+02,3.765379379594389775e+02,5.547549648390015520e+00,1.804657613619210395e+02,3.012173622079776578e+02,7.209223450146458845e+01,5.339105441593546431e+01,2.320151393180755122e+02,1.281846266386539241e+02,9.026001459180173470e+01,3.909675224048726960e+01,4.999112937617778130e+01,1.263098627368277818e+02,2.609560112758583728e+02,2.178172104002877063e+02,7.059960847504358128e+01,3.144754910105543200e+00,1.437770303364675044e+02,7.086112180574252761e+01,2.071690275237216099e+02,9.596001351750931718e+00,3.119398065440592660e+01,1.841125835196165497e+02,8.643237756629547164e+01,1.288541426290231868e+02,5.533247969399792510e+01,3.321239059711922437e+02,4.708939877368819538e+01,3.391589541890561463e+02,1.860325882968415669e+02,8.560165382249179800e+01,2.845960797472213812e+02,2.167850596393705302e+02,8.975582974737301356e+01,6.868190134550430059e+01,3.328951172644587473e+02,6.246879554046536498e+01,1.282568402243547894e+02,2.500145835577535820e+02,1.691125788216141146e+01,1.699743574569611582e+01,2.952964721758036148e+01,2.948719120704669763e+02,6.583716129768633607e+01,1.822453221080163814e+02,2.440292728723460414e+02,3.973584601015443241e+02,1.338759065104366641e+02,3.658276602562359017e+02,2.844601120815135573e+02,2.764792875303587607e+02,7.296726720448263848e+01,1.891704958923027959e+02,2.187028855089817512e+02,2.719843887262073934e-01,1.587558390603117857e+02,1.751392063159410952e+02,3.815356853770198882e+02,3.196158333982310751e+02,3.922074412593556190e+02,2.121247740288742705e+02,1.105116491991591374e+02,1.052046697641711290e+02,1.676683859488435075e+02,1.735841359673993054e+02,8.122513957183444688e+01,3.186314563323543325e+02,1.886804348358671746e+02,2.253609969718788975e+01,3.354715618473204017e+02,1.724934423161124357e+02,2.211353644173160831e+02,4.933709999899887322e+01,2.570970516443056297e+00,6.663227373300466638e+01,1.212969445278415606e+02,1.420361678729159394e+02,2.045086010655228108e+02,7.589967385091158292e+01,7.330219687784962446e+01,2.619411081705775359e+02,7.331667900963878992e+01,3.764399677197801708e+01,4.148093627397884120e+01,1.166819507872014725e+02,7.830906248714831008e+01,3.340820560830295562e+02,1.735934952977409864e+02,3.626950956495068112e+01,1.392199081148881135e+02,6.124404857831348181e+01,3.312649507943223739e+02,6.445567993667273754e+01,1.434407694100484036e+02,6.758261147020881765e+01,1.112399714163187809e+02,1.195343649059964406e+02,9.504548604545296087e+01,4.706233683531025491e+01,1.347534603967995110e+02,8.361471110800236772e+01,2.891340986444175201e+02,3.122191201900802184e+02,1.746080308863076596e+02,9.984887488654321430e+01,4.119664841012478860e+02,2.160495034124514291e+02,8.097504725122769287e+01,1.017067859561880994e+02,2.332292533839092812e+02,6.198864728636272758e+01,4.576415572923906439e+01,2.406354827144614035e+02,3.356070734969795808e+02,1.122828045023371004e+02,5.775218172974489761e+01,7.967329049562864363e+00,1.159731738403147148e+02,1.201222509557425724e+02,9.461142302643325763e+01,1.564295906873911406e+02,3.713997414552729737e+01,2.392877899482914756e+02,1.330927108913612074e+02,1.389493429220956955e+02,2.543609799795181061e+02,1.757699460440252608e+02,4.911079006903458577e+01,9.725626062666060534e+01,3.614030050869537831e+02,8.638285484752942978e+01,1.141386521258140050e+02,1.793501743616027682e+02,7.196726004117394382e+01,8.263454142054040830e+00,1.719237007350431838e+02,1.912021082391729365e+01,2.727847690544839452e+02,1.981716482857563904e+02,5.785850114068936278e+01,3.089213933884671519e+02,1.901434390550175024e+01,1.057173898155636351e+02,1.167761929999167734e+02,2.849831309190570394e+01,1.798730735461875554e+02,8.144173822305452859e+01,1.929349838671788575e+02,1.098534923958673382e+01,1.142251972571400565e+01,2.061195690435944172e+01,1.283268842973632502e+02,4.032356119697647614e+02,2.287894616583045320e+02,8.427997122170690147e+01,3.768487178453789710e+01,1.352525881334692031e+02,6.937296840074830051e+00,2.920331410306249040e+02,6.229024927021749818e+02,1.262588934188203211e+02,9.609505904672937504e+01,9.083673489874996676e+01,2.196603867837911821e+02,2.998117757833251176e+02,4.752169498496059674e+01,1.339398046531246678e+02,1.775461317563474211e+02,1.412523621554304327e+02,1.668016559002690826e+02,8.505732686740708459e+01,2.215381825143407184e+02,3.581178745058124235e+01,2.418623936544994706e+02,1.625137977570935561e+02,2.105284985574426457e+02,3.571653769151228062e+02,1.432970232138178233e+02,2.608075991302112584e+02,2.259837230444707075e+02,3.314175628017164854e+02,3.714360308467566085e+01,2.094059934112962651e+02,2.082023661852719272e+02,2.604782628482695941e+02,1.728522635754450221e+02,2.955875685614165604e+02,2.088071946675696893e+02,1.947176224908582469e+02,1.680700975602223650e+02,1.807542064086992468e+02,7.526655145098077071e+01,4.020862521624189299e+02,2.281091940065454651e+02,2.021232298352842349e+01,2.508566071663613855e+02,1.089388201402816634e+02,2.933526743132759975e+02,1.532163427947560024e+02,1.599697059059832043e+02,1.724708827166903120e+02,2.344728622456800338e+01,2.300546012514092808e+02,6.784512164540835499e+01,1.976545413484532503e+02,1.490246451607884808e+02,3.400513834701677638e+02,1.200869364758184332e+01,1.356869895451647494e+02,1.439293033329153104e+02,1.981516865766042486e+02,1.745239070902491392e+02,3.967761614889876398e+01,1.385073136934586557e+02,6.405973937341991586e+01,6.057607560966091853e+01,1.826782566299225437e+02,3.331824635821936340e+02,8.028235938558174212e+01,2.367533954121405326e+00,8.088598317840224183e+01,1.704031547506803008e+02,8.230033804481494997e+01,1.344619948680791595e+02,5.049907477638812026e+01,6.860858158153611441e+01,1.230257700025046717e+02,1.569550289445934936e+02,5.481985198520143854e+01,2.882961852945384749e+02,2.211841022856924042e+02,4.388180099312455695e+02,1.002772689798086816e+02,9.411223436867926750e+01,4.657460532751574078e+01,2.729166584127972328e+02,9.174165389104359747e+01,2.511998362629512371e+02,2.971603658695311765e+02,1.629094189739223282e+02,2.530318963283440610e+02,4.354526700072654535e+02,1.444877364701526687e+02,2.109540982657846371e+02,7.236136563793074572e+00,7.082566328937866729e+01,1.471601654548274212e+02,1.244107281414775734e+01,1.753672934644480677e+02,3.080630038232783718e+01,2.445957632555664247e+02,4.628240682843598819e+01,5.498714030384981299e+01,1.718700159583679863e+02,1.579079107602379111e+02,1.329606321180780526e+02,2.047413204719777298e+02,1.636231654894768610e+02,1.578961888577978527e+02,7.127606300805192063e+01,6.651808702194563239e+01,1.382625174699787181e+02,1.635582007549996320e+02,1.739054419922989894e+02,3.012230540603315276e+01,9.564831751551911054e+01,5.078289421766562128e+01,1.128396767948228643e+02,2.691394410381651028e+02,1.370165899831298191e+02,1.384981531130935650e+01,1.339035475264982722e+01,5.119528695200409061e+02,1.507772010968727727e+02,3.700594632572849818e+00,1.185682133362180934e+02,3.895511509271616433e+02,2.255789726046666033e+02,3.011326915627196286e+02,3.052538518245989962e+01,2.670733598788423890e+01,3.176728518593415629e+01,5.061909912810149308e+02,6.693072597335367391e+01,3.372166923206237499e+01,3.602889943364652225e+01,2.394451158935137514e+01,2.306809358885129200e+02,2.262929900372674012e+02,2.457877925817211633e+02,5.621608845488212580e+01,1.081536033154462295e+01,1.955322588887460000e+01,1.728385710848588417e+02,4.338090851447298633e+02,1.875159764098252992e+02,2.591194494290926400e+02,9.041091860014078918e+01,6.496371975952476419e+01,6.373487036304980080e+01,7.675200268379825275e+01,9.216865351930154304e+01,3.677085411954567462e+01,1.105084323801983999e+02,2.361409621026385821e+02,2.721161519928355688e+02,1.919211968815355647e+02,2.469614242421968981e+02,6.441064553430295518e+02,1.632374715253942554e+02,7.602696283679976830e+01,2.242024061587027290e+02,1.181367594956824973e+02,8.219952552838763893e+01,6.749296515844783073e+01,1.011276474783415438e+02,3.173467526721004219e+02,2.878841104085616962e+02,3.185692923194363289e+02,3.240282089400066639e+02,7.837099492191244110e+01,4.144569529843155919e+01,2.314399500590823777e+01,3.856924459218262058e+01,6.195229692604752536e+00,1.506717022397070878e+02,1.388062060538156857e+02,2.066966507140458305e+02,1.025448173166353314e+02,1.805282486074293047e+02,4.368391763816131856e+01,1.122215996525055459e+02,1.752211644582623933e+02,1.355258147558334088e+02,1.083886454880169197e+02,5.663381463424216378e+01,7.588325276281744891e+01,7.946182187519090689e+01,9.329067590292741841e+01,1.114838824175211585e+02,4.374679248542386034e+01,2.622220724280120976e+02,2.358871323319858675e+02,1.695786074217428734e+02,4.935127943273971596e+01,1.377689791993627466e+02,1.591476205841273668e+02,2.127686524656278095e+02,6.459331999056674078e+01,3.418626204276790190e+02,3.882176967607822462e+02,4.952104492929231583e+02,1.029113957472192595e+02,2.338318982109382773e+02,2.910592189496632045e+02,1.174302698446243198e+02,1.691379387051558467e+02,1.392199239427583279e+02,8.685734469908339861e+00,9.193848579517835162e+01,4.915005125407864384e+00,3.198138886800750811e+02,2.929548724346826560e+01,5.860325918052766525e+01,7.145417841568492179e+01,2.277710118016608192e+02,3.775779799013858451e+01,6.249294887562179923e+01,3.168462866285659061e+02,1.132815893393518252e+02,8.799617260083111603e+01,2.623515624291026782e+01,2.181777477950089974e+02,3.227961254730251426e+02,2.876397550762478090e+02,3.400412522561355786e+02,1.210595460880496290e+02,2.672361406166390339e+02,1.782731831689059732e+02,2.416698106713860739e+02,2.827035010705643359e+01,1.898876695377410329e+01,4.152362991318457830e+01,8.100646665765496834e+01,1.203879257603764472e+02,1.110775767075203788e+02,3.195663345218326867e+02,2.545520076008639592e+02,5.490081331770699080e+01,1.726281468991890904e+02,4.791790331414070181e+01,2.720299215557184311e+02,1.617288596506438836e+01,1.591673412150421711e+02,1.541394448100475074e+02,1.333886277396827325e+02,9.288032069066508711e+01,6.820706072180081492e+01,5.283394683886272425e+00,9.441752117624587015e+01,4.745533899232628983e+01,6.638005407571547778e+01,8.522242107906534159e+01,8.308592212471792493e+01,1.170555421771835682e+02,1.158230443252785768e+01,1.944557334212101978e+02,1.693754818488198168e+02,8.855870998407520744e+01,1.697289186063702289e+02,1.058507729485494906e+02,9.057535543017152690e+01,3.189341644556405697e+01,3.426176737511315906e+01,5.369184891205457433e+01,3.199611206646378605e+02,9.342175259254480579e+01,3.553722002438559571e+02,7.305498073482125676e+01,1.239971506554198157e+02,3.186747108378927607e+01,8.353065713738293141e+01,3.894397292026550872e+01,7.852472506407025321e+01,1.412399679874854996e+01,2.941910527498503924e+01,1.084911313883632111e+01,9.369537330879666115e+01,1.631198285087895385e+02,3.358464079578359360e+02,3.381152615940408879e+01,5.042879847533007620e+01,1.372900705259091296e+02,1.175906634027100672e+01,1.424202987701124528e+02,1.845670881171167537e+02,2.315860734736478150e+02,1.571142076565630248e+02,6.007698973799548270e+01,1.881748642342549545e+02,3.445493413315919184e+01,1.142703536654981349e+02,5.492946172863701122e+02,3.075697624927784446e+01,3.313597679941261021e+01,1.198152108697643001e+02,8.946251212095203131e-01,1.086263971017863952e+02,6.366862938586051968e+01,4.215134669876949260e+02,4.769494171928593005e+02,1.145344639567724698e+02,1.265522041829676567e+02,2.135765792265877394e+02,2.095564706556305623e+02,2.854994804124736163e+01,1.031768950633100559e+02,1.329257352539863462e+02,3.853039893412955621e+02,7.651751731304757698e+01,2.582103669804757260e+02,1.478900517489173865e+02,9.376524422609895737e+01,2.811556089247909540e+01,1.083239871464181050e+02,1.731274428996087238e+02,8.545169158953954991e+01,2.482852410554269795e+02,2.051493408650813777e+01,1.416332464112531113e+02,1.906272848313251416e+02,1.585480622664729822e+02,1.166059274490536382e+02,2.559924238740500186e+02,6.707526959394448340e+01,1.137625717172983428e+02,2.188880836503907119e+02,6.173627763480339148e+00,4.249168280721837476e+01,1.766717376553358747e+02,3.960451257504204392e+01,1.137898683858377353e+02,1.751803443288083599e+02,1.679702669336219003e+02,2.509107348422196822e+02,2.355583618555880605e+02,8.933956264361986754e+00,2.995696367411802044e+02,5.198841654570593391e+02,2.397263497247371333e+02,1.369521565701903683e+02,1.207650428144184218e+02,1.878436430899479959e+01,1.129414686504690053e+02,2.272009230122154122e+02,4.363942506467331128e+01,1.496163713491481246e+02,1.610685171175115045e+02,7.975395262342784974e+01,3.249844150066589350e+02,8.527398233219118140e+01,2.436017092143213603e+01,3.409293511718061609e+02,2.454668939365892655e+01,1.571766847249241721e+02,6.111373745490176645e+01,3.264286025624051035e+02,9.758733410167012323e+01,3.443332733270784161e+02,8.812927893029366544e+01,3.425041271913280383e+01,9.202571109078324696e+01,2.762112761943403072e+01,3.985789414391001060e+02,3.618045994792669262e+01,2.391327073259052156e+02,3.777284429807238553e+01,8.647041816722450847e+01,3.190864958811296788e+02,2.645210093391626174e+02,1.518256911525770931e+02,6.083099584033772089e+01,2.858604007293704967e+02,2.361080347209741959e+01,8.265647967053429568e+01,1.483025483966123375e+02,7.312743185809084423e+01,2.909240568428855909e+02,3.595946328900219555e+02,3.898195356809031864e+02,3.431656963924253319e+02,2.054422619523789990e+02,4.915587676769708736e+01,1.923213305135610938e+02,3.367967105812095383e+02,1.658094766795857424e+02,3.836793139884703692e+02,3.453542297373359560e+01,3.020001309597844283e+02,1.154868724924136956e+02,2.496358296986125254e+02,2.565545628093668142e+02,4.819280478421142533e+01,2.697217179147770239e+01,2.073211434011759309e+02,1.873522715113840604e+02,2.379626659409495915e+01,1.098247209285707839e+02,3.230576479064795308e+02,1.775372120072128439e+02,1.498142304195116026e+01,2.161664167227411895e+02,5.552214258058543805e+01,2.747156846738812419e+02,8.608243915325867590e+01,3.578384887655509772e+00,1.125896239559208425e+02,8.068085437173839125e+01,1.027365631887482778e+02,2.839957203464766735e+02,4.007339580369040988e+01,9.686225509570932957e+01,1.319539778130527736e+02,7.864904715425890203e+00,1.589184263929469587e+01,2.409638563549865964e+01,1.398899526679896326e+02,7.502760043930544498e+01,1.383990157952655125e+02,1.063225636746668634e+01,9.533954310282569011e+00,4.340339921640002707e+00,3.776949437523933852e+02,3.368565851097141604e+02,3.481835290852821174e+01,8.823798248288117918e+01,3.034477344519036137e+02,1.178321487684658848e+02,5.498286833858977474e+01,8.393901022312748239e+01,2.621603218425325963e+02,2.758098047113953157e+02,4.710333967194566895e+01,2.178480677712140601e+00,2.439113391955578152e+02,3.645950997406451393e+02,3.030701172445762950e+02,2.950236051119042191e+00,5.778729632316989040e+01,8.686140314720786648e+01,5.002631814585470238e+01,3.349615246423823578e+01,2.037670747183409219e+02,4.590274961479350395e+02,2.680745392127762727e+01,2.780945567742386402e+02,3.455603539777529818e+02,1.786527404740459701e+01,9.588895624420445074e+01,2.508083706236726869e+02,8.765023541501231819e+01,1.121392312921237391e+02,2.244398145694838931e+01,6.170982012409935891e+01,2.396417181941814363e+02,1.312170992734257702e+01,1.234037659720395510e+02,8.847588220820496474e+01,2.378473400328707044e+02,2.705352895416498313e+02,9.796643992869643114e+01,1.699369059065888905e+02,1.631756594289997864e+01,4.174651368064889425e+02,2.765458380328652197e+02,2.568100619055442166e+02,3.409082383769310240e+02,3.505191374053117759e+00,1.105604959831721459e+02,1.774200686868805406e+02,1.937607856993555231e+02,3.320824290994767694e+02,7.711778028875988866e+01,2.718265428798548555e+01,2.578397125109491981e+02,1.299518679279531419e+01,2.368435380208485412e+02,4.599014326272203590e+01,1.707523898687846611e+02,2.700197827143539939e+02,1.205437034457463308e-01,3.422021264931806286e+02,1.231864809450924128e+02,1.012336718479211441e+02,2.215631462977905475e+00,5.043374927251263529e+01,2.441592470820775134e+02,2.647442948061496271e+00,2.561512832715897616e+02,1.183427121699158988e+02,5.960546940237644549e+02,1.519313664114318101e+02,2.921007717806702431e+02,7.736167633362926210e+01,1.101245829994605998e+02,2.706059589408059196e+02,1.026129439737936089e+01,3.045016209869830277e+02,2.524714683064983092e+02,1.980930073315815605e+02,6.693100142066610303e+00,5.268886505031717888e+02,2.113297587373574427e+00,2.156590891886246482e+02,6.284520684226875886e+01,2.432891543009833768e+01,1.975520746811571655e+02,2.675611865941096426e+02,2.957488517518469848e+02,3.610347018550142906e+01,3.835262535790883476e+02,9.968285853466765900e+01,2.465612457410784941e+02,1.358741148710021491e+02,2.200200223849269605e+02,5.535004071385705160e+00,9.935929571729575116e+01,1.011508952121707665e+02,1.331435159470376277e+02,9.135195642763138224e+00,1.422910592318996237e+01,3.266364383179053021e+01,1.757999144020682252e+02,3.329904804395510496e+02,2.170851871092527929e+01,1.387865666503662680e+02,2.075550218928416157e+01,2.887026275976217562e+02,1.008423955055836672e+02,2.198768026843924588e+02,4.675936994847305783e+01,5.065945078636985386e+02,7.586295637323469521e+01,2.498154181185341471e+01,1.209297780216175511e+02,4.871293515928798712e+01,2.165944901478590623e+02,3.069118256074430064e+02,1.452245534014984401e+02,8.989270154740195551e+01,1.880499647552047975e+02,2.957689155149780902e+01,2.460315733627375039e+02,5.016281978461308455e+01,2.738631008647728891e+02,1.215572657113871635e+00,2.005066198854027846e+02,1.045465327065769543e+02,4.122634540718649419e+02,3.408358980059915098e+02,3.986859754275439514e+02,1.350059612666259738e+02,4.480316643602170501e+01,1.070608930520315027e+02,4.322951487339264531e+01,2.435398368073480810e+02,3.272107280261553797e+02,3.409439400745188919e+01,1.747894244892333688e+02,3.282563558323656139e+01,1.264416612333633338e+02,2.971575696172717471e+02,3.334913612928884774e+00,2.068024541078266054e+01,2.084596060811392704e+02,9.308381508562492002e+01,6.212363262844218070e+01,2.681171641945672377e+02,2.943732082340904412e+02,7.664533319597596517e+01,8.386803971267602265e+01,3.854857144290049860e+02,2.810743072055790659e+00,2.885789961531136214e+02,6.033260398789975909e+01,9.968329076740589301e+01,4.878716459684068241e+01,2.775289088617440711e+02,1.816347021824640535e+02,7.639801130305140475e+01,1.103061821507575679e+01,2.263404906395896603e+02,1.577542905819700252e+02,1.530667489113079967e+02,6.306117649034532491e+01,2.741242069493133116e+01,1.569503367132426490e+02,3.138176408683629006e+02,1.734087397942085715e+02,3.007203907330456971e+01,1.068097613026458390e+02,8.147828596252200839e+01,1.432393739917125401e+02,2.851779824510334294e-01,2.122329642089884416e+01,1.317491257867003007e+01,1.811550222053435277e+02,1.628879576400512263e+01,2.834174973621613844e+02,1.642346260124892865e+02,1.341482725561553195e+02,9.859283128577190780e+01,1.547045841102960821e+02,1.490644979423639143e+02,1.409046327802110170e+02,1.279284024247114360e+02,2.443607112923811826e+02,4.865773340319793050e+01,1.860846852004513252e+01,6.584638292040730789e+01,1.659797861940631947e+01,4.186909884310427401e+02,5.163892829334528045e+01,1.864275005379270453e+02,4.158892342065660586e+01,4.723580253248423446e+02,2.740831522582567814e+01,4.543084769804591616e+01,1.737683640023684291e+02,3.899461744280586686e+02,2.234178922255930217e+02,1.924685833695683925e+02,1.424274378085646902e+02,1.262941944132917911e+02,8.604293464657327206e+01,3.116814735795650293e+01,1.631367036497151446e+01,1.883965897640361788e+02,1.353607038542185137e+02,2.850816370751385307e+02,2.019529668291697533e+01,3.615687910085213019e+01,3.519809317162360571e+02,1.714753646759308765e+02,1.197277358270921042e+02,1.458303658506190743e+02,3.957864270258854567e-01,4.660807125588299016e+01,1.779855527029373619e+01,2.434517294088444999e+02,2.074973126688771856e+02,4.655067579975835912e+01,1.071691114730346186e+02,9.003367003458380680e+01,6.077065008651366895e+01,1.964288476632947607e+02,1.030982764892151380e+02,6.700066543129344154e+01,4.576246679063881970e+02,1.313277542178499857e+02,1.012119634175544007e+02,1.966715332743398221e+02,8.196914925260269058e+01,1.287286345115201414e+02,1.777602066801108265e+02,2.903123993267172054e+01,9.030048079478449097e+01,1.024474335090472579e+02,1.726791889533994890e+02,1.246388738686416104e+02,6.404612536348517438e+01,9.141311796912503951e+00,8.720817992251640760e+01,1.069516548196409467e+01,2.557460903185205154e+02,5.661209566053700826e+01,8.473563496134740580e-01,6.272334834453972263e+01,2.080666151479155985e+02,2.105366344743998752e+02,9.339033790338707774e+01,3.133107852663667927e+02,1.864393208290325887e+01,2.744529780355779991e+01,1.782426185939553704e+02,2.799499437209217589e+01,5.788831735280211888e+01,1.438705323600041481e+02,2.723623095637785809e+02,8.595904307473365691e+01,2.987109758071286478e+02,3.227418582291100506e+02,4.604989496792398285e+01,2.921231866938325652e+02,1.636722320255395005e+02,1.801629068941082039e+02,1.037176418370998618e+02,4.034315859764994343e+02,1.559306895124689447e+02,1.954013843287976613e+02,1.546029323553571260e+02,1.791505187867114444e+02,3.658083040985153644e+01,1.114152955824654754e+02,1.990928700860407901e+02,1.608458125703573387e+02,2.917156310811516846e+02,6.545410301289251720e+01,3.133626667041635869e+02,7.222129319820199100e+01,5.860608836620570372e+01,4.155031107543795201e+02,2.894174087126373252e+01,3.622405457730671401e+02,3.728406253546580160e+02,6.659985331174395640e+01,1.755133643144770588e+02,1.196359589997533277e+02,1.805804706397267694e+02,3.853634652051943021e+02,2.537456530749250874e+02,1.055135238001111162e+02,6.668106732063749575e+01,3.333890833464991488e+01,1.836536704942312781e+02,1.127065607235089715e+02,1.164439055461139674e+02,2.829576954827646773e+02,1.132856902135509927e+02,3.069288351501494958e+02,1.555677874540376422e+02,8.540364828016657839e+01,1.513786765782057557e+02,2.715130612069766016e+02,2.435597868318432973e+02,7.410352641714430533e+00,1.619694850375865087e+02,4.799332745930819755e+01,7.747265729037701476e+01,5.222831734728233499e+01,1.010645769296074121e+02,1.217272881064072152e+02,2.556682776576142757e+01,5.063247423364550315e+01,1.087219049798051742e+02,2.702140693936119078e+02,3.220113862934945104e+01,2.579872206083697392e+02,3.668772418830130988e+01,1.477948315420342169e+02,3.562887640498843655e+00,8.244840253815040398e+01,1.408099552021143381e+02,2.648382836338214474e+01,7.375149238071470847e+01,2.575343194552281147e+02,2.020311096257545387e+02,3.894551510244141923e+01,1.121057766006964442e+02,5.783073681495715164e+02,6.316185012483104089e+01,2.289236587132197087e+02,5.831536460569368785e+01,5.517579062806775347e+00,1.449602127565777892e+02,2.486561490371227592e+02,2.692846952903056490e+02,4.756001570610715845e+01,1.332743878318185864e+02,1.307060330630992269e+02,2.577110608984669327e+01,3.093738249944836411e+02,6.657781030475515536e+02,1.127237090948223539e+02,7.777237566048944473e+01,1.129846052449917693e+02,3.376196034079441688e+02,2.594155704801580100e+02,2.141662568956446080e+02,2.187665536948586293e+02,6.495432848221307154e+01,2.194343697749764601e+02,1.420859262480313419e+02
2.343239051691414829e+02,1.454099025764154760e+02,1.101202624536086283e+01,1.152057878734233043e+01,5.740475860711492118e+01,1.896999903082150141e+01,7.519585639544408195e+01,8.883674413848085294e+01,4.222150126023937560e+02,5.171610338485265146e+01,7.054875838639339314e+00,7.176872621980129452e+01,8.103776375537039200e+01,7.881406827467890253e+01,9.426100883803599118e+01,2.206465952866242048e+02,2.118773214972733498e+01,4.379798688833951559e+01,3.427576873777937294e+00,5.769327656230289136e+01,1.566670458572126563e+02,4.792861490770034294e+01,2.852305586873669441e+01,1.024411839787687342e+02,1.311117665433042418e+02,1.685273227188727958e+02,2.311987133899176428e+00,4.302997722628482080e+01,1.426154136086011306e+02,1.367012342518808765e+01,2.260075742691452305e+01,6.716961188620382472e+01,3.624237840035070946e+01,6.768434656096283675e+01,1.025826768227295673e+02,8.330014324583439489e+00,4.147841118598054777e+01,1.714703945953588970e+01,3.618454668165824017e+01,2.833558600727677401e+01,9.587403178925607961e+01,6.583491096289911582e+00,1.673814276354441120e+02,2.262506040380564443e+01,1.247066234498933426e+02,4.270904575651113078e+01,5.485054868763845803e+01,1.201583296140441490e+02,2.437687899112242462e+02,3.019982028464329815e+01,1.113656500541070500e+02,1.190685562718972079e+01,1.226729902975739321e+02,9.779796215538021897e+01,6.928029147805729338e+01,7.624998852434937469e+00,2.572558407142545320e+02,1.518646716338761848e+02,1.748490245857666707e+02,5.911049529293086913e+00,8.511184040878826806e+01,1.744039974037320562e+01,3.761455893917454318e+01,7.188103802322201830e+01,3.328730748715940990e+01,2.264898392890009120e+02,1.103381035748222416e+02,4.735753805591200916e+01,1.106323737020934885e+02,2.741993114573992329e+01,1.862666441685397274e+02,3.002468209250586639e+01,6.837654253540351590e+01,1.501859255875642134e+02,5.225228294380298344e+00,1.363490753252495580e+01,2.678191772378002877e+00,9.912807668522930271e+01,5.725159812061762388e+00,3.420154345203507660e+02,1.795630609424365502e+02,2.462296118903393563e+02,6.018905759201204120e+01,8.274514529087151971e+01,9.134718881633496324e+00,2.755560490030084111e+02,4.553369657311779406e+01,2.440300893622820411e+01,1.695462010833182660e+02,2.867027305733444678e+02,8.313241494613758675e+01,6.371506116762760286e+01,8.071477200231596782e+01,7.762181321588946048e+01,1.445994621181512514e+02,1.187569209243238930e+02,7.515041854037944802e+01,1.130610172204274164e+02,6.683431580984240838e+01,9.973009408747019222e+01,4.241981950970534143e+01,5.680579057236933949e+01,1.118745779198086820e+00,1.175334209026146794e+02,1.045942914481047978e+02,8.628980906793611183e+00,1.842084723879020203e+02,2.351592312496754005e+02,5.283005533329133385e+01,1.198554229231607593e+00,8.822115644361343101e+00,8.496221105240897487e+01,8.065562627846497890e+01,4.533798839164474970e+01,3.989201682151688289e+01,1.883072872133552380e+02,2.869134786675955340e+00,1.560067014615919234e+01,7.391124325875152579e+01,1.322397309298529251e+02,1.273798995684252731e+02,4.239320891447518846e+01,4.271283378337003001e+01,5.483454963554378736e+01,3.103718549205247257e+01,8.229355344325719912e+00,7.516635595884778809e+01,4.523377467585847711e+01,6.981137375605305806e+01,1.851673819243935384e+02,1.064403827027168035e+02,8.533446474094178313e+01,9.345621632789521982e+01,1.852669828834926022e+02,1.902121069491565208e+02,4.886288005996495798e+01,1.065903529757219914e+01,1.222604035754057037e+02,3.296931010583075761e+01,9.434446911340471331e+01,1.414129597567599639e+01,8.775871125783895366e+01,6.586504270999837729e+01,1.507536856334550102e+01,2.134186617409733628e+02,5.705283759253298115e+01,1.649499924439641063e+02,1.044504774725100020e+02,2.320597427570092108e+01,3.911112705216595486e+01,1.263592587012680042e+02,3.174018103480342745e+01,1.093778859345066365e+02,1.752870930247940180e+02,1.634466241866915368e+02,1.764681859253158507e+02,4.961307352687819083e+00,8.645232638431352257e+00,1.396927456481014218e+01,2.079078909499682197e+02,2.080211900402224785e+02,1.537276208291444846e+02,1.339078967240564850e+02,5.986246283300928894e+01,1.634292663187445385e+02,9.533836828546839115e+01,1.863686993132512271e+01,2.543841097141480034e+01,1.092321661392035139e+02,1.373532639225738023e+02,8.685522953006939417e+01,5.460531445545342422e+00,2.309564288166853530e+01,3.113824191664238938e+01,7.818113053463329720e+01,4.920480548793008779e+01,3.005859695989412899e+02,1.172015345573231428e+02,2.544276766764685860e+01,3.298268692786240308e+01,2.536800825478071530e+01,1.108767812676595241e+02,2.275790306288877503e+02,4.918418739994600486e+01,2.643107345362810747e+02,2.135689711330278229e+01,5.534661839515502280e+00,1.417197967967257455e+02,9.713261221762053310e+00,3.897000317673039405e+01,2.190118773913911809e+02,1.048304777467501339e+02,1.250586088471473545e+02,9.904394110012758290e+01,7.865235907676022009e+01,1.796467034307727673e+01,4.267729775797591429e+01,6.123558097937880262e+01,7.237802943755062302e+01,3.363088066318859148e+01,1.513913081241152838e+02,3.002311279837727298e+01,1.744276500839049859e+01,5.598814568778380618e+01,1.828224108890431978e+02,2.112484025315373870e+01,2.638356180432273277e+02,4.452746172873465724e+01,1.032025643414454521e+02,8.525072594302703521e+01,2.288055002568082585e+01,1.552744972216348458e+02,8.054353507427553893e+01,3.261510202670150989e+02,4.014376149587638665e+00,7.367821269079277613e+01,2.019556479970577527e+02,1.249726824538942651e+02,7.451157067059409833e+00,1.017110640199893936e+02,3.616061774480967301e+02,2.801134740572033710e+00,2.787323952288429041e+01,1.193386875097296063e+01,1.066955550806048194e+02,4.425081859552485497e+01,3.278864510362603113e+01,3.109772321932235286e+02,1.919462166005132815e+02,3.786848556618235762e+01,2.009350661206397604e+02,2.358158126811696320e+01,1.161788244477769716e+01,9.704850221726873372e+01,1.233604509206248849e+02,1.526329625006448794e+02,5.675858983901306232e+01,1.920992860243438827e+02,1.591259270617332078e+01,1.636006320756723369e+02,1.253404051207627958e+02,5.553896716461613892e+01,1.539959248308915392e+02,1.010263852045972044e+02,1.986416105828378988e+02,3.840471661514160218e+01,9.377259781614441181e+01,1.637279450807066183e+01,4.723666204535935442e+00,2.092363923763039963e+02,1.241375766828411287e+01,3.185983905089509562e+02,1.496448407073440592e+02,9.410551037708829369e+01,5.606739296562331987e+01,1.296721962646223574e+02,1.197394402134396501e+02,4.760942551151187807e+00,4.407357954801361721e+00,2.192584166214210839e+01,2.118840584709588200e+02,2.188885914190623225e+02,6.344870132847552924e+01,1.724672890600334441e+01,9.209703054856815641e+01,5.790668275778593710e+01,3.291913666828734364e+01,1.871845934988532134e+00,1.082249445365991249e+02,1.389659088843320660e+02,1.064008101854641097e+02,2.452593356902355310e+02,2.717148640699566897e+01,2.065328246398091849e+01,1.205549425952940936e+02,5.024827452082924140e+01,4.998359952888869628e+01,6.486970887004063968e+01,5.083070000169695390e+01,1.422987000588141804e+01,2.301815667141784161e+02,3.398910454812539683e+01,1.836711578436930381e+02,3.446483747111095841e+00,4.881160704464348754e+01,1.809765094326771262e+01,5.709120063394435363e+01,2.112645621562311149e+01,2.907975417695668625e+02,1.792685553032223709e+02,1.323262625836192585e+00,1.439895818992260779e+01,3.431921027976770944e+01,3.635452251862624848e+02,2.114889417285881379e+01,9.602381748643337289e+01,7.498650137510892932e+00,1.310037128335896455e+02,1.216838732882708882e+02,6.360773925034779097e+01,5.293912539788016858e+01,8.846555322330800664e+01,5.017963886902703621e+02,1.542772056981704338e+02,4.360494417560999381e+01,3.950128118270064448e+01,4.162047559822446630e+01,2.031522745676980790e+01,7.549725424894840842e+01,6.411915891342636087e+01,1.409825755170891171e+02,7.474467751517123304e+01,3.427808321070973818e+01,1.737784710710988918e+02,2.237189396081346615e+01,8.521310317437851722e+01,1.160754852846695115e+02,1.766538685083926623e+02,1.277593364913563647e+02,1.113007602793116568e+01,1.943108059607517291e+01,1.428981341195981791e+01,1.639957779774237849e+02,1.094550309968282562e+02,1.682805956215290450e+02,1.401212102418520828e+02,4.376057089975870440e+01,1.125969103866543151e+02,1.791273264507983924e+02,5.003304172807468575e+01,2.002456266000058065e+02,1.357347715849402618e+02,2.145368602820148496e+01,6.634873367874426719e+01,7.565523046568878307e-01,3.619402918582319728e+01,6.747627402850412182e+01,1.401484655599901252e+01,2.375562891338134008e+01,1.298576717311060520e+02,2.461735047067558746e+00,9.677641040889712087e+01,2.731889566810423275e+01,6.229887580717927875e+01,6.008900073111639273e+01,1.746901108499299369e+02,8.952871330524787652e+01,9.921453523515141626e+01,6.145779492125784316e+01,3.224856873727426176e+01,3.613621614812523575e+01,3.372169723585006409e+02,1.800290437780140849e+02,7.120413725928790427e+01,1.559062510956970193e+01,6.718577776731117979e+01,9.711857786254795144e+01,3.702539825692358733e+00,1.888080431325765858e+02,7.500180706274073827e+01,2.198366652230707174e+01,1.690433330583598774e+02,6.802613345190258087e+01,7.057545507874620228e+01,2.687246066072347617e+02,1.994705940960148993e+01,2.830690799830524185e+01,1.660913289074539705e+02,1.601435803296828624e+02,1.000015662605386702e+01,6.375278230131738155e+01,6.829450167047411924e+01,1.731382907607790145e+01,1.385008459512513639e+02,7.638767877327985900e+00,1.940581166238336266e+02,5.451359730797572745e+00,3.916078578111002173e+01,1.828160311434558949e+01,1.874042520241633980e+01,1.455399583556692562e+02,1.184664974006851139e+02,1.151176442953991028e+02,1.961488027706275261e+01,3.500237350350805343e+01,4.134842823078514584e+01,1.887989664802480831e+02,1.080186763372577872e+02,9.071412401250994151e+01,9.296251508698186683e+01,1.330832133140933671e+01,1.925677136666648721e+02,1.674097578081889708e+02,1.607561818163380707e+01,1.460386661540022430e+02,1.914608312199047191e+02,6.184629005185567507e+01,3.358335906985044517e+01,1.363020957750155731e+02,8.601920651336682511e+01,3.549755730550798916e+01,1.214415794458217448e+02,1.524993232265541394e+02,3.544009628225627040e+01,3.347930236759692093e+02,1.078075489058449143e+01,7.241455110116847038e+01,4.004887629727394227e+01,8.362299077333121389e+00,4.214566615838888453e+01,1.604406193040929622e+02,1.256370295924017313e+02,1.288992903493856375e+02,7.501183613688142771e+01,4.068153429093522533e+01,6.704875717624175024e+01,3.668630567588629674e+02,1.969413030825147644e+02,5.207355162854680231e+01,5.561647612155923781e+01,1.110733350269228659e+01,4.452195524468763210e+01,2.678444377663470544e+00,3.431824849313370009e+02,1.629077542452090768e+02,2.932198310003893837e+01,1.779812386046001222e+02,2.724658261367396972e-01,6.601020708635557810e+01,9.325034712239926193e+01,1.768825240087305986e+02,1.255960776131051659e+02,3.267211870195708201e+01,2.221989718673058007e+02,4.754932727411522109e+01,7.197458781306933417e+01,4.185211213074706649e+01,1.031089298647464574e+02,1.756099162810582754e+02,2.597368935360680453e+01,9.764150512035020313e+01,2.245952377918045784e+01,2.444912406604746380e+01,4.111324058652818536e+01,3.896691200918837694e+02,6.565685416800049268e+01,8.693818606893700007e+01,2.475595221494090481e+01,8.162137664471147502e+01,3.455233382548605192e+01,1.605799386819296330e+02,9.124872840116525197e+01,3.832547147249358233e+01,3.223219570812525490e+02,8.003619518848319103e+01,1.990193791809696506e+02,1.209815214079490708e+01,9.360341593253104975e+01,5.812263007477981347e+01,6.971435155644469717e+01,1.360605262442465175e+02,6.005381451016327077e+01,4.343481640822005119e+01,3.394878389154080622e+01,2.654998437571383008e+01,2.082847821165204039e+01,1.368674770378448784e+02,5.198802008329877111e+01,1.483719278002026556e+02,3.225008468063423948e+02,3.025760191912781139e+01,6.046942367114971972e+01,1.461507276853137967e+02,7.471026552815260402e+01,8.937653470583602200e+01,3.562739949298406827e+01,3.329405551807663954e+01,1.884216530187551442e+01,1.531666075155445128e+02,1.672026199005904630e+02,5.954707136262782541e+01,6.344783543979188778e+01,1.668341397959332824e+02,1.456150439420544558e+02,1.130568306906346088e+01,2.113808846525302272e+02,1.050075691086823468e+02,1.645298285143007035e+02,3.110064839496562072e+01,1.644138152903406933e+02,6.759673004628454862e+01,1.150050111057273394e+00,1.025766782294800805e+02,2.820736562623093491e+01,2.004613719926109354e+02,5.786723759117685262e+01,5.785527919758725268e+00,1.531816664018873837e+02,2.907876718983363773e+01,2.745402119133783625e+00,1.288842017555962798e+02,1.754720936492787189e+02,7.164254034550271655e+00,1.559614456318350335e+02,1.871842295205461539e+02,1.441773774278586551e+00,7.089538264626325770e+01,1.731863238936227560e+02,2.537486464585592572e+00,2.875109169125491917e+02,2.507165758485511731e+01,5.683198805093156381e+01,1.701100926377801770e+01,1.604068579295139614e+02,8.317774135466736141e+01,1.130274548063243998e+02,1.264825314855602159e+02,9.268404315330892373e+00,1.784649061810089563e+02,7.498939511977204120e+01,1.435688928490344551e+02,8.554232504430585493e+01,1.024857728278877147e+02,1.455621547850718116e+02,1.184140019366914345e+02,4.666061641196983345e+01,7.563504764589838203e+01,1.406279341676518584e+02,1.543442003448788284e+02,1.655099119722699186e+01,1.034265060150388962e+02,3.324879461013675268e+02,2.659795093516485665e+01,6.740727091823393380e+01,3.374170647182889127e+01,4.148660748048733637e+01,5.001174946274250033e+01,1.575792129371570809e+02,8.910499934281953927e+01,2.610871545295671012e+02,7.297563624711278862e+01,2.491930901108812435e+01,9.369271782022774175e+01,2.838348953106134775e+00,8.431960514630578984e+01,3.409958180746968424e+02,1.394673688423298756e+02,1.877986001598808059e+02,1.899074883685489397e+02,6.443599637294055071e+01,1.016665836799871272e+02,4.722006953576578780e+01,7.098259490466688248e+01,6.642981274167561878e+01,1.850880319797095410e+02,5.613265904456389421e+01,1.854243128062148216e+01,6.819410496296745805e+01,6.515472409958059075e+01,2.262502956161597822e+01,1.891595642930770182e+01,1.264532105239568551e+02,5.921997601245009291e-01,1.126888289060518673e+02,1.301332958159356679e+01,1.034604193871466151e+02,6.636860181668055247e+00,5.632597050176084963e+01,7.540638675337856256e+00,2.375997090049612126e+01,1.074900372805802675e+02,2.126902562840979272e+02,1.507991261416378563e+02,3.392527944091335144e+02,5.679677166306297664e+01,5.302473895399788262e+01,6.936758450304581913e+01,4.145156179473363522e+01,5.657977498782620529e+01,1.493289594293387665e+02,4.812401290954718291e+01,2.597090664385197911e+01,7.673171294399318754e+01,1.921018883093468332e+01,2.152487136101037777e+02,1.195626411189535929e+02,1.254384650733493913e+02,1.516859421247207536e+02,1.012718529388812527e+01,3.576875584189259172e+01,3.590217944508060555e+02,6.609093841893249532e+01,2.151646538378091407e+02,9.546231008427697873e+01,7.522758116395090155e+01,7.711153011051776218e+01,1.192391797586262747e+01,1.656130623358436083e+02,7.078635033640949814e+01,1.184501512499592764e+02,9.281437487801893838e+01,1.244273403326394458e+02,1.475779234505698696e+02,2.251386038401987477e+00,1.145194562719291831e+01,1.225776749832175341e+02,1.060737253841996619e+02,1.123168479238667317e+02,3.502480406608322028e+02,1.158168450824166484e+02,1.671596963963582283e+01,4.033913763556056864e+01,8.295379400097333189e+01,1.671795555772049227e+02,4.283352240393520027e+00,1.360798567144979359e+02,2.482069311503108224e+02,1.686434579787038786e+02,9.939066628446340701e+01,4.524894212013535366e+01,2.683484111258743496e+02,7.963111499777225788e+01,5.674314301622460732e+01,4.905863846649112503e+01,1.476172064461257776e+02,8.377499026374272262e+01,3.576645829149902767e+01,1.395232967260987600e+01,1.579083250390961553e+02,3.530721683143167411e+01,4.919146785741847161e+00,7.023260634290350879e+01,4.075641904213393474e+01,1.687912320392319643e+01,1.220196213267435468e+02,2.092133138925140656e+01,1.894092008606614286e+02,7.241501093611306317e+01,7.593397762406540608e+01,5.007868186837854552e+01,1.424771926107277409e+02,4.688027873979936544e+01,1.022444151539106514e+02,3.247171010738845212e+02,2.121046526796498028e+02,8.889742740827385603e+01,7.049504350257706164e+01,7.370404193427292228e+01,2.215926019039478092e+02,7.045612469706432535e+01,4.705580600078427977e+01,5.274765453244030056e+01,1.503343606087183844e+02,9.692419302962396443e+01,2.438697060772321734e+00,4.349084342516156454e+01,4.138565894656096020e+02,6.508648091882648146e+00,1.502110450450527424e+01,1.337697157288567666e+02,1.178068450653790933e+02,4.009435195131899832e+01,1.105424772820311432e+02,3.673353757803460695e+01,3.430171172377866728e+00,1.917724217167040113e+00,2.585052248523792287e+02,7.273473500099933631e+01,1.831819631297966566e+01,1.436579605666352961e+02,7.299646841493471072e+01,3.655381282969518253e+00,1.854621236088388230e+02,6.877182613124867316e+01,1.159545254667406198e+02,3.728696859329829039e+01,1.224601725652951103e+02,4.886775359249332595e+00,1.528093256922869330e+02,2.790761528943789216e+01,1.405814766569044494e+01,2.778552099701513711e+01,1.298411321642307996e+02,3.520338707817351320e+01,1.912649886876877474e+02,1.606760176404644653e+02,9.208583323833209988e+01,1.777724858886635673e+01,3.688835055253371564e+01,2.226664990757356932e+01,1.045580082986385264e+02,2.311643408122200753e+02,6.303695170397426040e+01,5.006153285488111493e+01,9.344229432249464651e+01,1.576383697150556600e+02,1.004375544152229480e+02,3.420238606169511399e+02,1.447088667494771208e+01,3.212666693541172691e+01,1.417649638732204949e+02,4.138821462925348982e+01,3.242831939965856805e+02,9.950909815935160907e+01,3.602425680522712170e+00,7.109191988295344800e+01,2.646437327634159828e+02,9.053276750080091517e+01,4.471522051207785609e+01,1.484653574534507641e+02,1.307307084505184847e+01,2.701111588496693727e+01,2.160391145613445190e+02,9.241315133758281775e+01,5.443696798217538912e+01,2.004858465019392781e+02,8.554383704786124198e+00,1.928105636393211171e+02,3.510728030708727232e+01,1.501419463444189830e+02,2.756282457674206299e+01,9.130186974685317480e+00,5.612882313411580526e+01,1.501613317501646065e+02,1.481389489314787795e+02,3.520903054349978589e+01,1.297069855276239458e+01,1.555979391839844084e+01,1.476391128585397610e+02,1.968158448165632706e+02,2.056872349520853049e+02,5.255966727260945603e+00,8.133394117100527865e+01,1.355791147601702917e+01,2.796277618216716476e+01,1.046620951050653616e+02,3.122947272943129704e+01,7.675615305782300446e+00,5.240565347868684398e+01,2.336425260153927468e+02,5.421900434597139906e+01,4.865648293528649759e+01,2.011474144356250804e+01,2.244586591927439940e+02,7.994758658893870518e+01,2.603114053497853320e+02,3.787807978431772682e+01,1.316832540269659262e+02,1.872052380026358094e+02,2.421866270728115751e+02,1.644410146857582902e+02,1.739917992904159405e+02,4.819388615392284123e+02,8.259591479490319799e+00,7.307767535064002118e+01,1.074648370539522091e+02,6.889915828583843904e+01,1.694171242308032177e+01,1.043933777028387198e+02,3.321489087292895306e+02,1.929724770782235908e+02,8.213240728254275780e+01,3.800160614233232703e+00,2.257517689694466583e+02,1.662045462290356852e+02,1.625632843157228820e+02,7.072891381287849555e+00,2.586833151183177026e+00,1.281197646505435443e+02,3.385729727213850282e+01,1.603897673174327849e+02,2.440744093501023215e+01,7.081173105012469193e+01,1.039694967510296948e+02,8.120694549319055966e+01,1.697634639255298623e+02,8.489258238227249365e+01,1.562248145670163524e+01,1.616353097954677409e+01,6.671545231414641819e+01,6.419134538559097791e+01,1.747484288190392920e+00,8.971435027327554934e+00,1.559609635718794607e+02,1.288611172109625329e+02,2.099631174011494466e+02,1.208538392359281630e+02,3.005572516623285750e+01,6.555203187429681577e+01,1.921899146354471100e+01,6.449821640057629679e+01,1.170251411808581565e+02,9.094757243452976070e+01,9.208244397461014330e+01,4.725126294863208187e+01,7.087905208311022420e+01,3.611004484434199924e+01,1.548771680757612224e+01,9.246502945266915674e+01,1.176520013342471174e+02,5.786995146443964622e+00,8.919113601338144903e+00,3.548823217765220761e+01,5.520835691292378833e+00,2.546277675135075924e+02,3.946396848937623503e+01,5.591992001262404699e+01,9.304848803948983971e+01,2.317678966513058469e+01,2.524689067527588975e+02,7.727867775148204998e-01,8.822640708041531354e+01,1.045518605538309345e+02,4.089733188744155257e+01,2.183694036974244668e+01,3.801527584153848238e+01,8.942472424327091574e+01,1.589067821415714263e+02,1.101655524727999733e+02,4.210640487614267613e+01,1.971995857590111143e+02,4.012283546870708051e+01,1.299967916587746402e+02,6.531779631460120861e+00,3.379125344081141691e+01,1.569470896269921312e+01,9.754436166816942944e+01,6.638807329917126765e+01,1.048605009343485364e+02,8.587784214871972210e+01,9.944805715840983851e+01,2.764646322091980135e+00,1.617273618679604681e+02,7.313322000329863215e+01,2.700729026334172644e+01,1.610338347706756394e+02,1.703740757803277859e+02,3.234621283273425973e+01,5.732857621129578085e+00,2.262699355897428077e+01,9.169643539644084740e+01,2.257732748594945349e+01,1.770956628348480137e+02,1.329336091809540710e+00,1.063053603873079425e+02,6.628127334009201377e+01,4.621071850306953621e+01,7.387266001661706660e+00,3.767040802805833266e+01,1.618603450017292573e+02,2.637477371812249203e+02,6.398504878467592505e+01,4.721703260736784431e-03,3.987881118495057819e+01,1.496728383271625091e+02,2.551043623284801924e+02,1.668410157724758847e+02,7.892106677929228908e+01,1.817000653122524767e+01,8.468420525845912650e+00,4.431213012025813924e+01,2.273381587944621458e+02,1.989427227121278747e+02,8.915717067230745840e+01,5.372762700445221640e+01,8.413918546447941083e+01,2.812536712915633785e+01,2.012730209404386699e+02,3.537915093981836012e-01,4.079793519545251002e+01,3.481995908636416175e+02,2.819535223570179028e+02,1.195198427484817785e+02,7.608535649941279644e+01,1.358977846839222821e+02,5.480183433597475329e+01,4.011926396494442315e+01,3.078491252963638090e+02,8.196848589588559264e+01,5.013556745059831732e-01,6.558896014039730460e+01,2.045830115788004093e+02,9.723167809087517810e+01,1.335210416871646544e+01,1.524301461312372830e+01,5.486547132723161724e+01,1.802228434916580468e+00,1.571504184806218802e+02,1.459580277523992038e+02,1.317706981468441541e+02,2.334411389327882613e+00,3.502809554603735620e+01,1.436307168828664373e+02,1.170135035410558011e+01,1.383234788815387333e+02,8.153347145174748789e+01,4.050139225923920350e+01,2.022692092079024349e+02,1.358018042179920926e+01,1.216770476096276177e+01,1.041903254812962132e+02,9.611755566494990077e+00,7.506140692929889890e-02,3.221796912778107469e+01,1.258777719042432039e+02,2.332665958653917926e+01,4.068692755893153823e+00,1.416235737781699200e+01,4.758579707891086485e+01,9.556754589677454703e+01,4.897168246472077868e+01,4.942083614338535114e+01,1.725196020820397678e+02,4.061540892854382179e+01,1.137669483763151845e+01,1.881237937159316118e+02,2.164107410522231945e+01,4.196924707022392909e+01,2.213633353361629919e+00,4.248000238898947032e+02,2.337613944375143760e+01,1.421300435689032042e+02,1.037205471155156999e+02,1.055771499470680084e+02,1.853706274225929747e+02,1.083779238392120305e+02,4.270700717120507761e+01,9.210794522937908368e+01,1.869340081976257864e+02,1.414159841621892895e+02,3.321066847113775822e+01,5.906405437972125583e+01,5.172021896586698375e+01,1.762415582148582160e+01,9.665471978055776958e+01,6.468616568831599523e+01,4.660006562456290879e+01,2.381482944771619543e+02,7.113484908540675633e+01,5.963906622755590092e+01,1.042687591209387250e+02,4.535025594801805338e-01,1.096730891609694254e+02,7.557896859936331424e+00,1.035725106190530198e+02,2.783877021590107415e+00,4.603068499509576128e+01,1.935855891910331366e+02,1.148451059883362149e+02,8.042694508529115183e+01,2.344906797306157671e+02,2.422409382195540672e+01,1.665698448723148601e+02,8.452493385768562462e+00,2.844423613932054806e+01,8.020935507189223301e+01,2.991162551752930554e+00,1.554849494158022765e+02,1.101198349557165557e+02,1.188684893111451402e+02,5.955574441236251459e+01,1.071867326568210466e+01,1.611939714409185243e+01,9.968211784930096186e+00,6.156839014747060901e+01,1.057793463680949770e+02,1.328739083324055770e+01,1.957973074106118645e+02,4.987690771835189452e+01,7.158469116970407242e+01,6.756422427499563810e+01,1.307028969821868998e+02,2.314170468335390751e+01,1.614362256347214100e+02,1.718521605330849127e+02,1.701193366547535613e+00,1.281062668558480482e+02,5.568402008852508089e+01,5.549289652463001987e-01,3.225051955288495265e+01,1.819610540037977486e+01,2.302009457788611613e+01,1.044323580014145705e+02,2.916780589313925987e+01,9.606834865108108801e+00,6.522554904551539323e+01,2.361893425785599376e+01,1.766245660647583904e+01,8.873912928876406170e+01,1.530636303668638902e+02,5.809401462123246773e+01,1.318502420556734762e+02,4.045826434111730663e+01,1.151643306198235450e+02,1.213893827401851269e+02,1.080151629142900127e+01,6.966135163891435411e+01,4.980801812317429977e+01,9.189495384761967500e+01,6.706759868291817384e+01
1.964811881949171664e+02,3.597986197571314619e+02,9.617111882221750818e+01,5.168131714335179261e+00,6.636469180715552341e+01,1.032141894680096250e+01,1.045213711273996608e+02,4.159918662732099506e+02,1.680141922414167936e+02,3.322450741888274450e+01,1.127504725936631189e+02,1.825130347613601600e+01,2.567132844608506161e+02,3.401014588696846772e+02,2.760549642773924006e+02,8.147960381569648192e+00,4.795813662375149988e+01,1.208352112625247656e+02,2.677460541951693926e+02,1.022722460783288625e+02,1.988552216488102715e+02,9.126319708216057336e+01,2.576837186513114943e+02,4.367745816336231712e+01,1.497698514891797288e+02,4.491823082909220375e+02,1.393071989666719368e+01,3.141124502832820440e+02,5.186396237169464030e+01,7.967115519453268346e-01,3.532353066673181843e+02,9.070701042976542894e+00,4.826309151365200734e+01,6.822823601572893892e+01,9.511427520533993629e+01,1.184068489151712953e+02,2.293280181040514876e+01,1.764299497370995784e+00,1.529749178715564710e+02,8.125807370541964758e+01,5.278695614416216708e-01,1.430853066217901670e+01,2.199722093867123363e+02,6.606182236605503988e+01,1.222083444032912638e+02,1.704378158105604086e+02,5.694267811068530705e+01,2.991907443309795553e+02,2.021742634723686649e+01,1.336001091153048321e+02,1.291407396281225317e+02,1.569939919717856469e+01,1.108236271746692267e+02,1.427200691853545038e+02,1.799093958837232492e+02,2.764368518073046630e+02,2.234747895467431817e+02,1.936862467967369739e+01,4.036285957269091682e+02,6.839964383982861307e+01,1.942149868626339071e+02,9.926712723545335848e+01,4.593400258691041671e+01,2.611434026817776157e+02,1.133708971282355407e+02,5.028172088754296709e+01,7.990754691943608634e+01,2.538196599985052444e+02,2.789391504048563206e+02,8.329504499003130391e+00,6.922354340365553860e+00,2.028824992561939382e+02,7.599550737513753518e+01,3.174841399218997751e+01,6.159404938976137345e+01,4.834760152711704251e+01,2.224684209346054899e+02,1.825414564512329036e+02,6.814441707021194361e+01,8.334864327477789914e+01,1.513244640045877709e+01,3.345242538109442307e+02,1.156717259325171341e+02,3.082965760064384995e+02,1.039939312600756516e+01,1.845317022612919118e+02,1.835482112358932882e+00,1.363662356367418909e+02,4.960899512620465401e+01,2.384450560601819973e+02,1.451571210899367088e+02,5.187315119217233672e+01,3.754040299068532818e+02,1.996185637907013586e+02,3.914411864513504469e+01,2.195241868837718471e+02,3.213394320153589092e+02,1.063430786369126402e+01,5.098013686525532506e+01,1.200807585870311129e+02,2.625991473494593720e+02,4.414044054216059862e+02,1.875963466570388505e+02,2.406945380907908145e+02,1.586562741862449286e+02,2.011571415779067422e+02,1.531093047374129981e+02,9.805516494144039541e+01,1.661042153029558222e+02,2.797650861642774203e+02,1.767829269562009529e+02,1.734234242600043956e+02,9.578296318536358456e+01,5.660441072228393722e+01,2.961142100383553952e+02,2.775734722699947952e+02,2.484922092956490403e+01,2.693142975458167143e+02,1.691316091644874859e+02,1.071515726429754807e+02,3.623971946154298251e+01,3.385259744946265528e+02,1.565604631173282826e+02,5.051399732431931966e+01,1.359508721360210188e+02,1.038334794667738947e+02,1.199794939509741312e+02,1.743200673649152748e+02,2.037258363383882624e+02,1.586152286220625456e+02,1.285947333773074774e+02,1.502771817892500223e+02,2.712346485755841172e+02,1.980000158324716608e+02,3.387599352112619613e+02,2.420008431701792233e+02,2.122818402064898464e+02,4.226104927117842891e+01,6.757373112302779816e+01,1.807099790732851545e+02,3.152120096586659201e+02,3.517266723010681062e+01,2.504526345868283954e+01,5.219392207280996132e+01,5.303262574765988546e+01,1.951557120319518219e+02,5.066805922325379896e+01,2.139372204183991073e+02,8.151887628823017451e+01,1.343218696012880002e+02,1.438719984712730877e+02,7.952723795594508260e+01,2.307791924024374737e+02,1.941322101174953616e+02,2.894579768676306841e+00,3.833129792552431692e+00,9.170304436060366982e+01,1.076789693682280991e+01,4.177327426668730226e+01,1.661521004869772753e+02,2.063326127594055777e+02,1.076808547758981973e+02,2.816070423575272486e+00,8.202488821558985421e+01,7.738164640664892602e+01,3.560837954478379288e+02,1.788711468090147321e+02,3.068836755120376480e+01,3.907928657096225038e+02,1.647042532165201933e+01,2.820578033556881437e+01,1.562004188864741820e+02,4.252732404407870348e+01,1.314188846365701409e+02,2.373322619911085951e+01,2.694724116571318362e+01,9.915265301704862111e+01,1.333513473995684251e+02,8.710360253751423443e+01,1.080570130993307885e+02,3.717088183324811013e+01,6.674725313263694204e+01,8.063915546862162387e+01,1.393139413038188934e+02,1.708100862697496041e+02,1.514263143956102624e+02,1.724656106527190147e+01,1.261362467520080912e+02,2.955343018644105655e+02,8.037370150206173491e+01,5.734082125335734759e+01,1.503203912428443516e+02,2.223709795020163256e+02,2.008041091585802107e+01,5.595181231474276728e+01,1.285020105753129549e+01,4.150415296316665348e+01,1.024241912000729826e+02,3.745813154679851920e+01,4.114602219610397356e+02,7.390581723814251802e+01,1.893171065589856710e+02,2.951692157129464178e+01,7.253724795159199346e+01,2.640033071830594622e+02,1.265911731430381479e+02,1.971406222466311817e+02,1.707922804576463989e+02,1.090889904675485269e+02,1.785994217655070315e+02,5.494466515141158425e+01,7.434697997805655234e+01,9.044090539014716512e+01,1.373381808869101306e+01,2.969493092895064734e+01,2.293458970526137648e+02,7.044878325249653983e+01,3.405419537132576693e+02,3.104539869636888128e+01,1.894876936773335672e+02,3.860443171974794154e+02,8.458785831660050292e+01,8.124443063051840852e+01,2.538679503155283328e+02,1.552894735633954610e+02,2.681366977033203725e+01,3.308123179910146519e+02,1.071139166988565847e+02,3.812568433747917140e+01,1.249847887139992366e+02,1.796224065644839527e+02,2.755970935063780871e+02,1.462084178766552327e+02,2.521914914182134382e+01,2.959567458021405741e+02,4.976944181950636192e+01,2.634054122799567210e+01,1.555511868197538661e+02,1.747269065574500928e+02,1.084928368128632172e+02,3.247272704825214618e+01,2.480999004603690328e-01,3.303699677203897345e+00,9.170091958213320993e+01,3.363559144707050450e+02,5.853853689217173972e+00,9.628128975517137178e+01,6.064886051866373862e+01,1.863625678094759408e+01,1.644128684172025885e+02,1.116394090627719180e+02,1.456462366615775466e+02,6.791640876518458469e+01,2.605848958579377381e+02,5.000063972749239127e+01,4.873318945860447826e+01,7.631825831243220648e+01,1.852119355746825136e+02,1.796114791576676737e+02,1.117000249885931993e+02,1.948379898459426443e+02,2.543389112668905909e+02,1.538612771494596814e+02,9.739625843058617249e+01,2.172282230565312133e+01,1.163934013129019434e+02,1.526991827798520092e+02,1.211360439691299895e+01,1.320648603546554227e+02,1.448700338178108211e+02,3.151434079464554472e+01,6.256868661899580530e+01,3.143198015832247734e+02,8.060924819795744156e+01,1.918380245130666992e+02,1.142022632563460327e+01,8.011088057010927344e+01,4.589639962634267789e+01,2.633566375259686652e+02,5.433712215485664387e+01,2.363368245289905474e+02,1.832167906925567991e+01,1.790623917464245380e+02,1.580922563847549043e+02,1.242167255363765008e+02,1.732967176700679772e+02,1.753950737148420558e+02,6.689210525327412427e+01,2.571221323193672603e+01,1.774909496732664138e+02,2.566615712362544741e+02,2.714001399310621210e+01,7.565249799395432717e+01,1.581613094398589396e+02,1.064654682936093053e+02,1.179426943346844325e+02,6.288605107428961105e+01,4.536932536760395465e+02,5.067181005845139907e+01,2.213710393527714189e+02,1.358518855107771799e+02,5.217876025438349785e+01,1.308371325219534071e+02,1.208879373442779439e+02,1.252316266687255251e+02,5.593308482654887825e+01,1.071355371229183930e+02,8.649316742957157800e+00,2.190979238008725645e+02,3.050772157737440438e+01,1.759422740584205869e+01,2.458524455597777703e+01,1.171022091048113936e+02,4.331817937082497849e+01,1.634181484351782103e+02,2.000356177737252850e+01,1.560400791095230488e+02,6.215607201230654510e+01,7.895270335620666913e+01,9.406271140785135287e+01,1.152031604089413150e+02,1.027225324783657925e+02,1.439947923182734257e+02,2.229894321692323800e+01,1.895615318171255836e+01,1.879017011706202993e+02,2.782753376049916127e+00,2.914955989739717168e+01,4.746367380411249570e+01,8.906928600314246580e+01,1.040995208348999768e+02,2.475060023514552654e+02,1.082044129339286656e+02,2.208898824701372519e+02,3.719146794938364451e+02,3.394603330320798307e+01,1.492046708508705706e+02,1.531950229163159634e+02,1.905067870180911882e+02,2.271837963472406940e+01,1.008848167074811464e+01,2.766232207086180495e+01,2.834108722868762342e+01,7.281105331704458195e+01,3.119969064982743845e+01,8.680313781599410561e+01,2.221980461598974443e+02,2.002211129236566194e+02,3.513321704526514111e+01,1.465345369370076689e+01,3.251390188830519037e+02,3.166611558740081023e+01,6.250933171835271907e+01,1.302691012635392269e+02,2.381331445444225778e+02,3.478869113935943602e+01,1.878112620884370898e+01,1.204810254467913779e+02,2.494073462504846361e+02,1.992434576747644996e+02,3.748907527940077244e+01,3.495284814045567856e+01,8.614564493132492373e+01,1.031029395324454327e+02,2.379000222160601936e+02,3.502351282795415699e+01,2.702270701549715568e+02,1.344401679576080078e+01,9.712638185423017489e+01,1.816412007065713681e+02,2.497642983288654079e+02,1.542712788061797085e+02,1.792965417656950819e+02,9.508663792353877042e+00,9.684354973517486087e+01,1.883488145490622117e+02,2.343194340747721593e+00,1.463794434687301589e+02,9.317256016774499994e-01,2.460611095835347157e+02,3.451972689929507965e+01,2.152980731260566358e+02,2.693673624215739437e+02,3.694800081385639601e+01,1.212727577877697627e+01,1.241188342194257643e+02,8.746679711618057240e+01,1.910519286927094740e+01,8.883515171855151493e+01,2.635307483218119629e+01,4.380083266014295873e+01,1.901855655753516032e+02,1.199558483467132248e+02,1.995634400589373456e+02,2.914838542671711821e+02,3.122555447039971099e+01,2.624627615989371634e+02,1.023783099839616284e+02,8.620658519286433119e+00,7.271121816870612520e+01,1.126482035014936542e+02,3.386123981726070156e+02,6.368259878751353398e+01,6.145367322787844699e+00,2.320225565603156426e+01,3.804346366484945730e+00,4.243635985776600172e+00,8.832598201457638254e+01,2.908692562053307142e+02,1.998841297473358054e+02,8.495043330338877752e+01,5.997449808062632570e+01,7.375389240896694787e+01,4.888843374965484259e+02,1.289925102532103836e+02,1.370206337517399504e+02,5.877697258477920172e+01,7.795372353851691116e+01,4.239035803652711820e+01,1.144785877197085711e+02,1.130704993483496139e+02,5.298021796855493193e+01,4.683650213511113947e+01,1.755688814209489124e+02,1.745358893420643298e+01,3.102397032187479340e+02,4.215979077093965088e+01,2.266884321456663542e+02,1.098361492310006611e+02,2.511016488200983332e+01,3.341457677059572262e+01,5.388541867374522099e+01,5.451767142626634666e+01,2.195080873290388297e+02,3.207360786566338788e+02,1.127155824123349106e+02,8.830989771631293195e+01,3.454818534588225134e+02,3.364061266147547258e+02,2.231889894038367856e+02,1.067970554101535186e+02,7.772859663727145119e+01,5.256589015613658944e+01,1.996899861435980768e+02,2.645901544072399361e+02,1.527577018292347759e+02,6.870809547871645862e+01,2.329049491331997785e+02,1.650817120539174994e+02,7.326583807613070576e+01,4.446954795022812590e+01,1.180810952598302634e+02,5.563642622667149595e+00,5.378428101552724456e+02,6.608741331228840465e+01,1.772525521210007184e+02,2.282091723139199502e+01,2.969529080082318728e+01,3.333590106721439952e+02,1.698462271777840442e+02,7.412748495763969458e+01,5.513572654611762118e+02,1.076037796632425625e+02,2.046015290799735737e+02,2.016171306223999409e+02,1.963770655936193350e+02,2.293405163979138877e+02,1.458678689164116804e+02,1.604756696584953772e+02,3.044484167178702450e+01,2.849575131273929287e+02,7.169718746326063652e+00,1.079312495193530452e+01,2.712748250898880187e+01,1.239336837887984188e+02,7.542135667787279374e+01,5.481307879097656865e+01,7.029956402408009808e+01,1.294909014496746806e+02,5.654135831378887644e+01,7.731029490566170637e+01,2.036310514348091516e+01,3.570321607643188031e+02,2.751136523916478041e+02,2.572003175857520318e+02,1.778232340848625199e+02,1.032464307907894892e+02,5.544735021804165598e+01,1.309277018885542248e+02,3.292752331136680368e+02,3.727968041527167742e+01,4.180044255890826577e+01,8.054003335185568346e+01,5.079838341716090611e+01,6.425638910187728925e+01,5.196131656244234591e+02,8.409747721058171521e+01,5.922394493211962185e+01,3.372394045762411565e+02,3.604307027914854302e+02,3.910897649482014771e+01,1.482158931272746543e+02,2.699443270471035703e+02,1.253727265676994449e+02,2.100143278816517167e+01,2.104316934667278360e+02,2.655263905002279898e+02,1.117728371622174848e+02,6.447615207417469207e+01,4.264447570116793429e+01,1.637297710572329095e+02,1.716940188881484062e+02,4.068010867071012626e+01,2.639099704970202964e+01,5.240350865262414715e+01,1.051182834921290095e+02,9.048513983419474016e+01,6.052871184603092303e+01,3.007120002205152218e+02,1.457299925307242745e+02,6.665061175606977883e+01,3.802866813813983526e+02,7.641904638359237367e+01,1.214737818279195238e+02,2.899443899942438065e+02,6.299499987474889195e+01,5.791102283150629404e+01,4.590016905718617863e+02,2.428207181867243207e+02,8.093874158399421503e+01,5.654513767757129727e+01,2.412990776724154784e+02,1.264851965138824141e+02,2.107321418778812756e+02,2.161054938605713005e+02,3.402300203165906822e+01,3.446310960916040500e+01,2.676262742307147846e+02,6.816935846595684723e+01,5.062354232600206672e+00,8.952380618108782073e+01,1.045978594264634012e+02,1.838475901223712938e+01,2.736532163626282568e+02,2.417184266261721746e+02,1.365216598336777736e+02,3.498412180813074315e+02,2.911619828243739505e+01,1.207859561200234424e+02,8.777621261816426568e+01,1.382662820180822223e+02,3.046624155787764607e+02,8.633230510179946293e+01,1.073833375081408690e+02,6.546094629905041984e+01,5.992528898772090606e+00,5.298119526168667193e+01,3.911028414537535980e+01,1.644848274962903076e+02,9.131218387925129321e+01,1.567727883959996120e+02,3.703798776674107671e+02,3.323571899348292114e+00,2.172508888262769062e+02,2.565452626832069427e+01,2.690778856944938866e+02,1.696835741983739183e+02,1.086060656423312167e+02,1.880490758971624530e+02,1.502459732864434443e+02,1.492360890948216650e+02,9.999120684488649147e+01,1.127103079389925000e+01,2.904892639964388223e+01,2.826324717694791957e+02,2.798567023124206798e+01,7.192121684675230142e+01,8.325724010166193523e+01,5.072898426006481145e+02,1.539717710646604303e+02,1.517193516277004335e+02,2.850732702791409565e+02,2.531100393209213735e+02,1.635050654438701789e+00,2.550581785220059601e+02,4.371986665627193815e+02,9.212412533874770304e+01,1.882566261581613105e+02,1.234235030127277923e+02,2.944105906499391523e+01,1.465466313360994093e+02,9.502159315339027046e+01,2.270100933499358291e+02,2.767564533321734075e+02,7.883462552749848840e+01,1.573123576139444708e+02,1.107951904380619226e+02,2.145484132468314726e+02,1.658264349112897946e+02,6.908935202936896758e+01,2.930229318070809086e+02,4.784997084785879338e+02,1.680598505258885496e+02,2.930053198916908173e+02,6.312163744838634472e+01,2.186350765555337432e+02,3.076580730182194401e+01,4.680687629956381990e+00,2.415042203640274465e+02,2.807010290663476439e+02,2.291687669850598468e+02,1.186980728459453438e+01,1.190762683612445016e+02,1.656766340508363271e+02,3.951480442544241214e+02,1.493805103690905582e+02,3.334642933152536557e+02,4.933293574168124529e+00,9.698076086581083644e+01,1.029789287611390165e+02,5.072938419853078784e+01,8.872128685658607594e+01,1.557558067511793709e+01,7.990036552904149403e+01,9.646165232083374974e+01,3.964004203369582342e+02,2.699755764440411667e+02,3.971900562283951217e+02,2.245464730258660495e+02,1.401144414736652095e+02,1.922535723402361896e+02,5.158521765458580148e+02,1.121775201064443372e+01,7.006783311829450156e+01,1.541308942512989972e+02,1.239054451105759966e+02,3.684461951381109088e+02,4.055664004005115686e+01,3.430672436639066802e+01,2.326888719996595114e+02,9.987783429279149061e+01,1.294647441760259881e+02,1.776176834737868830e+02,2.409191103208808826e+01,1.275158166042790064e+01,1.789791317767272574e+02,5.630610058517304850e+01,1.956173474910209009e+01,3.456788914107359574e+02,1.041074377092596279e+02,1.410115709902313768e+02,1.707155314719026649e+02,9.943012259832580924e+01,3.032595556909774928e+02,6.298254515996504921e+01,1.438935936398197839e+02,1.815104039970872307e+01,3.684593781628753106e+01,5.019421806565593336e+00,1.469697947863497518e+02,1.982593892482432523e+02,3.356526581916082819e+01,8.941646803702043655e+01,4.153835107048178656e+02,9.128774722206628667e+01,1.244183685267253878e+02,6.574505249990828304e+00,8.173955359505997365e+01,9.760939661877885953e+01,2.413082421509602113e+02,5.790002894543692946e+01,4.811999461072836937e+01,4.051665576696482276e+02,1.049501290752628790e+02,3.422203953967916732e+02,2.578276088836087165e+00,1.237026266226668412e+02,5.736243720761024179e+01,1.453851516043937124e+02,8.103331725492944315e+01,8.919979964567274067e+01,1.123089953467899988e+02,1.943308205164548141e+01,1.514242942952533326e+02,1.126121824422872120e+00,1.065659153958741143e+02,6.503922635207403857e+01,6.418224493337626768e+01,2.131884519702785212e+02,5.953950543038529020e+01,1.325701087951488262e+02,2.690934797621823691e+02,9.591849446116724209e+01,1.511326317801935488e+02,4.372968990273056420e+02,4.076289356913042070e+02,1.314377353175513896e+01,1.868112507975723346e+01,7.836075142193468679e+00,7.204723415093817751e-01,8.090570000440733622e+01,7.876749403260278370e+01,7.939220820466401562e+01,6.785220179603888369e+01,1.409191491947374004e+02,3.603513434763497116e+02,1.154106949395684545e+01,1.566278328443662531e+02,7.859033223090357900e+00,2.912522623385207794e+02,4.342631615946039005e+02,4.796502348285024908e+01,2.939376350258188495e+02,2.483494480838914242e+01,9.033155053369414489e+00,6.062242070640056113e+01,7.509771150605581624e+01,2.676338276439099104e+02,2.263345161895771014e+02,2.273069204523533671e+01,2.469260804079335685e+02,6.265438764021546802e+01,2.243038994386910190e+02,3.364680375627098385e+01,2.731746463874085293e+02,2.556871908153892150e+02,1.293636771547761839e+02,4.569001305908522159e-01,1.302220885861748627e+02,2.291793051598260433e+01,7.085682633282091558e+01,1.582274985641876413e+02,4.494276456754462146e+01,1.735758021961770510e+02,3.355699509640056988e+01,2.732379167937575062e+02,6.229496649486377713e+00,3.228091183095433969e+00,1.626197692867272906e+02,4.800336961953454562e+01,8.282492314348857576e+01,1.638523013257079981e+02,5.395606392690012143e+01,1.407514004478648246e+02,2.324055125530496753e+02,5.497296427660008256e+00,8.161722341742559950e-01,2.991434289656161241e+02,9.406235303219419563e+01,3.708077836513450620e+02,7.617893538460061009e+00,1.990206252891505585e+02,8.451621297355798390e+01,1.503983576315741004e+02,5.565876579023133530e+01,1.428463163564825606e+02,1.266445744951687971e+02,1.122531188909694322e+02,1.871026872318538210e+02,4.329569795130763055e+01,2.793657968268194622e+02,1.403574875024974915e+02,1.366415153197193604e+02,4.455665115914091956e+01,8.004991732504292656e+01,1.813850179134970375e+01,2.314533784345538834e+02,1.965931250888553095e+01,1.966272025241880499e+02,5.607139824799262584e+01,2.682965160137688940e+02,1.664056500160131975e+02,5.075325832026471744e+02,5.686121543213974405e+01,1.468289512370299654e+01,7.089878559359625854e+01,1.190558182803781193e+02,1.582679251540916994e+02,1.409561758001633507e+02,1.174780363531484113e+02,3.641674988417008763e+01,2.709104601671899104e+02,2.109838297064660821e+02,4.969528992683736845e+01,2.557893523412264187e+02,1.696917950948144664e+02,1.068415278431035773e+02,2.632595745341126872e+02,1.825526232018286237e+02,3.313275466029028848e+01,1.720957054486081859e+02,1.590948598180766638e+01,1.258694285472350032e+02,6.730025350943479623e+01,1.262433724024185437e+02,3.093084422919485519e+02,3.918136247646764900e+02,1.808860079927206641e+02,4.304654233947204744e+01,2.722807835140292241e+02,2.403234971465036267e+02,8.829122072067836768e+01,9.843804235066414776e+01,1.076946395085757224e+01,1.703185835025544748e+01,1.858942256720757484e+02,1.900843262894366603e+02,5.613061634039239323e+01,7.598456775049912437e+01,8.922465387190902320e+00,1.354492430987916123e+02,3.890797963907016310e+01,1.492173504073640515e+02,2.162633833796072906e+02,2.128040037806161706e+02,3.960873926244253767e+02,4.638686274380942365e+01,3.753054140815472550e+01,3.194672800860147177e+01,1.885192127835933888e+02,1.525844183454313736e+02,1.182349354740682656e+02,1.336203899333769414e+02,4.570680998183541277e+01,6.153618208122921374e+01,3.356394955583966322e+01,2.567073835736865703e+02,3.275508237371819575e+01,2.193427261066489109e+02,6.284264374472412840e+01,1.492423133102758186e+02,3.548730927579863987e+02,3.643992852118265660e+02,2.968193561752699239e+01,1.576143465027966784e+01,2.869495401206070184e+01,1.840556523135723808e+02,3.817446609232597865e+01,2.153555427446460442e+02,1.233950617298274288e+01,5.453295150631702626e+01,1.167916600742859004e+02,5.766099754168755709e+01,3.127751389905868251e+01,1.448380166627137271e+02,9.004601554406599817e+00,1.742545394116479827e+02,3.910277779736546933e+01,6.956571357856277871e+01,2.245886451883422126e+02,1.629065353552331885e+02,6.430206065484992406e-01,1.941318043502380775e+01,1.020932786232320524e+02,2.281680405390092314e+00,1.877924385611026707e+02,4.353778963274164653e+02,4.064307093694139184e+01,2.864215459031458977e+02,7.317422232511057445e-02,9.396015886950094265e-01,1.793784974516388218e+02,2.056688511358180165e+02,1.425847933857629641e+02,1.231829052691604574e+02,3.312617507468850704e+02,2.818111325800739451e+02,2.360595495199052039e+02,3.040313032062653065e+01,2.296448648853809971e+01,2.452130708037720126e+02,6.706898589391614962e+01,5.645133881610633786e+00,1.714652184264773283e+01,4.789818310957093672e+02,3.535708928814906216e+01,2.821262322739637796e+01,1.031136749536182577e+02,3.462246515433810714e+02,5.138495200793125832e+02,3.444384518984014107e+02,2.078154782005438221e+02,9.666112938421201761e+01,1.994098994242861167e+01,4.361235633879874740e+01,1.087392436168363190e+02,2.433678323091729396e+02,1.525818740053629767e+02,1.403065521674711817e+02,9.482371905835145753e+01,4.277177550110181983e+02,1.944683556852433242e+02,2.564310201480810179e+02,3.540078430420631435e+02,4.899931209520668318e+01,1.669463894656946366e+02,1.513952276290757766e+02,1.691992246774851765e+02,2.732252087944121399e+01,2.782921408879217893e+02,9.730866736267354611e+01,1.168635364745320118e+02,2.596901314182257536e+01,2.253889271589463874e+02,1.372374899337736736e+02,4.978027891711192154e+01,1.890002987322788215e+02,5.745580384352443559e+01,4.435025573045843572e+01,9.250499249265772050e+01,1.150229866704223269e+01,3.322176754066873059e+02,1.223931975323635726e+02,2.061666964217857867e+02,1.157810766818791279e+02,1.049425040005495049e+02,1.667488835315000273e+01,2.819171052583934056e+02,4.025387080439507059e+01,9.990021910500159663e+01,1.018838646086699384e+02,1.469059994324284730e+02,1.797719111394334561e+02,2.086076873594041388e+02,2.173595906336516137e+01,1.517394156179952063e+02,1.326121561160555018e+02,6.242134517621926904e+01,8.909384122953765939e+01,1.178541971330842699e+02,2.699089503166368900e+02,8.899638974391352519e+01,1.064346587232417960e+02,5.003727253689462628e+01,1.529121144794570171e+02,1.581591547689794481e+02,1.692352787781878760e+02,1.556196256497979924e+01,4.396208131695090771e+01,1.096507509628535217e+02,3.035364403135461089e+02,1.439556304254973611e+02,4.061964568432068177e+02,1.278092754464674385e+02,3.437989345943242370e+02,3.077807462767883067e+02,1.458391887284792858e+02,3.621752402709417851e+01,8.267748360348848280e+01,9.832437789174826304e-02,1.144118782067463940e+02,4.128872708386062840e+01,3.342459682268968777e+02,6.140332545405841529e+02,7.274781503887061263e+01,1.760588405034419850e+02,1.870881826762536946e+02,2.013027820122680112e+01,2.964253060398021375e+02,3.247504144499422818e+00,8.624433429711699262e+01,6.472866358676114373e+01,3.134186013755617637e+02,9.132774030839827617e+01,1.647385156854794843e+02,1.346416042310814305e+02,1.574040540818652971e+02,1.937165359283030455e+02,6.091130877917115605e+00,1.174627888779947682e+02,2.134231034054976135e+02,1.874120514560599986e+02,3.195722204712828329e+01,2.428580929705987330e+02,8.878967347386380027e+01,7.473399235177124922e+01,2.563314092183134676e+02,1.998255730089424276e+01,9.291397979423918230e+01,5.749355752418023258e+01,2.905386392036236032e+01,6.729145124875394401e+01,2.707184136230233094e+02,2.410683388342879496e+01,1.562002763173953213e+02,2.779656746029471606e+02,2.893642083711201849e+02,7.849647894228424150e+01,1.108923708912382580e+02,5.980388841909703501e+01,1.409389002593427449e+02,3.961240287152338055e+02,2.170252730691597947e+02,5.886216611314886649e+01,1.228345041654348648e+02,1.048214486457611230e+02,1.126321775546630874e+02,1.582286836082897992e+02,3.404951339238801999e+00,5.913566419694071641e+01
3.093149782623377320e+01,8.155317694644070059e+01,9.837599720467016695e+00,3.287324144202236620e-01,2.594371364193446539e+02,3.407864173071930125e+00,7.297926818622714507e+01,8.643719459872257005e+01,7.499637966113211007e+01,1.106054645296312486e+02,7.645095151693881519e+01,8.577455520610497786e+01,3.196510837144444395e+00,2.047074346722451139e+02,2.875589009798790485e+01,2.908219709857067770e+01,1.872391224908196250e+02,1.237947998192436216e+02,1.149859639620814278e+02,3.692040513818358818e+02,1.861269217399854199e+02,2.055107618417835980e+01,1.852941796352248787e+02,1.322794702756661707e+02,5.731988728112980880e+01,9.264996254888193050e+01,2.355765065471290143e+01,2.635769128240481507e+01,8.364084620912426260e+01,1.694592676253787644e+01,1.188193287475563187e+00,5.341297863062933260e+01,1.119350678956424083e+01,4.193679569433840015e+01,2.045398545610561598e+02,3.405657802454739880e+01,7.256840611345948844e+01,1.641620235491288042e+02,1.793762047535906490e+01,4.459042714823993947e+01,2.068168398595639346e+01,1.541555744109075192e+02,4.725166809137565451e+02,1.452095597730562702e+02,1.909576296147492656e+02,6.459891535775652471e+01,1.414925154006607215e+02,2.218439921155228660e+02,2.736901284573544899e+02,1.657182305511123133e+01,4.416669278653034070e+01,1.048408470869674005e+02,4.704743812030897487e+01,2.316865020227947713e+00,2.417921476724877650e+01,2.715500926783175473e+01,1.591974715553499564e+01,6.674190790260261963e+01,9.340317234109527078e+00,2.864762705981995694e+01,2.572808203212533726e+02,7.046098794793267928e+01,4.398414313070674098e+01,6.819777342816371402e+01,2.293080771302320997e+01,1.549640377034855305e+02,2.170399913081777470e+02,8.327499142917234565e+01,3.464321676572155440e+01,1.141944487112631492e+02,8.720457959037658213e+01,2.516667633571185547e+02,1.293888571770551899e+01,2.111088565546035056e+02,2.293671313546219537e+01,3.506957146964801098e+01,2.239018139184731808e+02,1.065465644066207460e+02,7.116032123564872336e+01,3.176099448629928190e+01,1.535552126075525905e+02,9.756020238669221101e+01,3.931161891051927881e+01,7.912904292310665255e+01,3.918436081303675422e+01,7.873687972394077583e+00,3.133831400943546441e+01,3.154452442757019881e+01,5.617530085900134651e+01,1.744943266755840057e+02,2.179096493183329812e+02,2.218180580416590146e+02,4.254673540091576456e+01,8.397923964902453520e+00,2.254948949791586301e+02,3.625236649786330645e+02,1.413892452028196374e+02,1.710004170993123651e+01,5.540166763786629645e+01,2.370658993762109645e+01,7.701521221061055655e+01,1.768678876181613475e+02,2.999693088678397999e+02,1.062040092348293427e+02,4.387135451187710089e+01,2.282944446709951336e+01,6.064399860220561322e+01,7.017289571851571850e+01,1.514499960409245505e+00,1.467853290397086141e+01,2.276126760101308474e-02,3.220744926043472134e+01,8.500384140198865168e+01,1.412339423816846136e+02,1.110320989256086932e+02,3.280575801032320271e+01,3.162192535136782467e+01,4.633936251143573770e+01,1.302012763538920037e+00,4.895761670299824431e+01,4.569734926138306719e+01,9.537698846587909429e+01,8.442980685840997523e+01,1.851856050724102545e+02,2.111689226117497071e+02,1.183826219435776466e+02,1.024844809942380977e+02,1.341290071313831618e+02,4.858444964829678980e+01,1.760435844608832952e+02,1.390401862320612452e+02,3.011042122810675892e+02,1.869476687663411596e+01,2.691448033277067111e+02,6.268869317377172479e+01,6.259615345190375990e+01,1.500314159303951556e+02,6.436271382320340706e+01,1.065070498722516845e+02,3.856030010811144138e+01,5.826548620187740113e+00,8.166553652882237557e+00,2.443990545903344582e+02,1.425413857738789432e+02,3.987571406034008419e+02,1.276374917018561064e+02,1.501312091962051625e+02,2.598712139945815025e+01,1.910910356959508860e+01,2.469184373987382628e+02,6.592027701158657749e+01,1.196287286669158902e+02,1.013733354575747541e+02,8.246725384864778619e+01,2.103060712495746643e+01,5.189171346279807295e+01,3.783865410635698936e+02,1.642727985953240193e+02,4.621180300124587603e+01,5.656285607220552691e+01,1.690249469111079179e+02,3.551515662882400761e+02,1.262501873956294816e+02,8.738648876294293188e+01,9.208600636232631587e+01,1.108605158747836583e+02,5.111381031784785733e+01,1.384241838946620646e+02,3.252307375261985811e+01,1.465787072584103328e+02,2.916678814777106368e+02,6.175110344252212613e+00,1.002103689916947538e+00,5.441484850455652555e+00,1.343273583286793098e+02,1.018727816304374301e+01,1.505100969140023892e+01,6.379148911537485311e+00,5.566012393202737485e+01,1.391495669110585709e+02,8.467024264188182769e+01,2.140385878096552474e+01,4.499002718392898714e+01,3.018258236979685307e+02,9.049002690777230384e+01,3.874049741912897815e+01,2.806246642669450253e+01,6.062553364916042398e+01,8.880258113247559493e+01,7.815491714402148204e+01,1.353330379820666707e+01,2.259199778643733225e+02,1.993618656342737268e+02,1.098537099182459684e+02,1.649955043603944489e+02,9.508190174268831640e+01,2.115021903064405535e+02,1.936146035788827291e+01,3.126624434997173694e+02,4.319328521585476466e+01,2.463818513091720419e+01,9.053427305191458885e+00,1.801572852538883751e+01,7.325068752682972217e+01,1.327055070206069765e+01,5.935918133323851720e+01,5.768520618079904949e+01,3.419354170997286957e+01,3.376508202027594052e+01,1.281788771593975014e+02,4.228746657865583103e+01,6.347762472058064276e+01,1.299576874590736679e+02,3.795341291726067112e+01,1.279385806174360454e+02,2.930826619809914035e+01,1.177386389987994022e+02,2.429594932480318619e+02,2.281628963652798703e+01,6.808566540539082723e+01,3.125905171887831102e+01,6.794099345596622186e+01,3.874184942733577230e+01,2.656492935394510368e+01,1.076960286609439947e+02,1.309727038500213503e+01,3.800836861802631805e+00,2.810931138574838428e+01,3.365303540813848571e+01,2.114650185687138446e+02,2.908958043810962124e+01,3.420364330105498851e+01,1.394352482384131804e+02,2.875255241172467535e+01,1.784281742249045237e+02,5.816052261210068686e+00,3.144468015888850800e+02,9.727603826790242181e+01,9.755481394568990083e+01,2.675110533871878147e+02,5.456541149857145001e+02,1.324425612930956504e+02,1.015923268332585927e+01,5.139471315064007939e+01,9.489283775685109390e+01,3.406085760205303359e+01,6.159796117759889000e+01,3.008787802545099908e+02,2.782469082151703219e+02,4.551587322874006958e+01,3.869108673247466612e+01,3.368886662236103291e+01,3.319888257322133995e+02,6.940847363048349905e+01,8.859852811156942209e+01,5.653123640069486555e+01,1.784441498154063410e+01,2.488818060265651582e+02,1.455275353620224905e+02,1.169788593136368462e+02,2.047547889147056424e+02,4.249922456119056591e+01,1.232332076189367172e+02,1.464129972738232652e+02,2.091599579664357833e+00,7.960850851136086703e+01,7.561748309203886720e+01,7.828803422966986147e+01,5.658881081362608967e+01,1.613194223981454911e+02,1.593050340748256488e+01,1.138538558558940110e+02,1.425313530450903272e+02,7.929936998865527187e+01,3.742827202779856322e+01,3.228824367254216554e+01,1.311507957038775203e+02,4.993674924926976844e-01,1.153300497186429538e+02,1.924904119579809958e+02,1.401367633479590857e+01,7.290913371978278690e+01,1.497917831450157600e+01,8.489912495637805989e+01,6.883906234421031911e+01,1.235896621706517493e+02,6.435142855675566409e+01,1.152363952157570139e+02,3.595230025558641529e+01,1.033123011050010973e+02,2.074248531059832956e+01,1.433616141233917745e+02,2.374190449753926657e+01,1.795596729435801819e+01,1.092488827430698137e+02,7.070049577315024258e+00,1.001544669962582823e+01,2.199921475250022525e+02,7.691018114414796969e+01,9.804676782006163194e+01,3.576059130983735912e+01,3.371705746601900699e+00,1.017854495142449878e+02,1.060345888642637924e+01,4.922487834811314400e+01,2.335477005493265494e+02,1.160457039856571271e+02,1.252648378179272868e+02,2.396576763869696833e+02,2.538184665961517794e+02,9.143733617268901881e+00,1.072478025845835532e+02,8.679172083565761397e+01,1.797970365979200267e+02,1.582105762648165808e+02,3.021077585641557306e+01,7.008579135181953745e+01,1.138400329651387324e+02,1.994658039961123848e+02,2.880845892485917261e+02,5.538305842881013064e+01,5.846658487543309413e+00,2.217949092015058739e+02,6.583153668921687540e+01,2.451412454198795103e+02,1.531740546180294871e+01,7.367616402680945953e+01,1.572000658729605789e+02,1.575970592565935817e+02,7.748995378511837373e+01,1.142109373943371509e+02,1.882465976967650079e+01,2.421312469981940296e+01,2.064032748883672141e+01,3.895968948945075994e+01,1.267426951331757436e+02,5.565439147179291268e+01,3.370352983296526617e+01,2.139435722920743217e+02,5.238854422434360458e+01,1.245125521781418030e+02,1.332708957544208772e+02,2.809197431193024030e+01,6.206355674118660914e+01,1.452011809466630439e+02,9.780889569588238430e+01,1.290362981312333375e+02,9.221641535187505667e+01,6.773410647120654460e+01,1.072153761590475938e+02,1.520726318361550256e+01,4.586101766247004718e+01,2.801419356151332352e+01,2.509139057651075788e+01,2.974993076486913992e+02,8.942905904738749712e+01,3.864472316733311885e+01,7.741572171422808424e+01,9.554249963763722064e+01,1.185536465025301993e+02,2.161192231767509213e+02,1.064502294838269307e+02,6.979508126841872695e+01,1.108206773479950584e+02,9.393238016959182701e+00,1.745049838835606693e+01,2.403663201732224408e+01,3.274210663332315363e+00,4.134776171390333133e+01,2.873371871565222690e+01,8.299564057367970094e+00,2.015056614082432196e-01,1.315019202800145308e+02,6.803890086018817840e+01,3.498408944407830745e+01,1.844175584768564420e+02,8.211573192744960181e+01,1.698387974913131515e+01,6.334845793124578250e+01,1.477274930590802455e+02,3.963999542090250117e+01,2.039216181929808442e+02,1.374664874541279502e+01,1.121347334158293485e+01,7.872525562241561659e+01,1.076608046316357417e+02,2.305230038112153750e+02,5.449621188858706233e+01,2.561331854907720071e+02,1.281786300670054501e+00,1.720549490859477260e+01,9.176551900160689001e+01,6.657352814471950353e+01,1.175489641285511624e+02,9.715157823430288886e+01,1.439510977457765080e+02,1.512637770939942072e+01,9.687684400118170913e+01,8.723431654286008552e+01,1.453658984932971343e+01,7.287500038513728384e+01,5.700783446447505121e+00,1.792909223245656847e+01,1.931906257307535313e+01,8.898723392213490513e+00,1.864707810892846567e+02,1.328451359748798950e+02,9.557699780128848488e+01,2.665123553176460405e+02,1.358687937120363358e+02,4.049064747446535506e+01,2.356440545800318276e+01,6.177081765573706473e-01,1.132560138650286774e+02,8.347781525745928022e+00,7.085434435007995546e+01,2.224494007059054823e+01,1.435409892634766322e+02,4.937441369254423051e+01,2.140600331246826045e+02,1.997779922240363248e+02,3.315530719886539401e+01,5.797534448199193235e+01,8.499023341302897450e+01,1.076601519533529938e+01,3.681206893214081077e+01,3.782329027703369917e+01,1.020823035458887631e+02,4.845592487269129833e+01,4.289517171510275517e+01,1.533267016442760848e+02,1.803598383117513748e+01,1.599393125835316098e+01,2.294585435625180381e+01,1.073719172400474520e+02,1.283213664499750983e+01,1.604893847276069039e+02,6.413336154032393210e+01,1.292360047599754296e+02,1.109129586492692141e+02,9.120001699786796223e+01,1.484867666189448983e+02,1.119349182024123479e+02,1.695004993172028946e+02,2.061229256834321575e+02,4.607392150723556057e+01,2.937387575942711351e+02,9.789636260838557291e+01,1.902189231893052863e+02,1.200560797653623126e+02,3.279828373007884323e+01,2.837569255006889080e+01,7.217220287977755611e+00,1.554108951243875580e+01,3.716752177110531363e+01,5.779949519731828644e+01,3.544312419283821569e+00,9.993452116682263409e+01,9.958879805448952993e+01,1.380608183457389515e+01,4.839830234432221090e+01,7.139942527642746484e+01,2.545826185211728614e+02,1.397082246084421797e+01,1.679537147752722888e+02,2.292944901651552243e+02,5.872786054897538577e+01,1.508832479065517589e+02,5.741124057943751069e+01,7.611040165103374022e+01,5.455175192080312030e+01,5.744472087600904331e+01,5.689909694398980378e+01,1.294995082106171651e+02,2.582519717670766681e+02,3.198692549008726260e+01,1.582995153963949235e+02,2.661581737188384409e+02,7.033544927303212546e+01,1.067269199292027650e+02,1.322208015743558178e+02,3.779489278875807372e+02,1.235876470517830370e+02,3.630511007639290142e+02,2.104112075797812409e+01,9.048168434326415266e+00,8.512571842556549484e+01,2.790438286376393648e+02,1.108593771168168587e+02,5.636986930399707063e+01,1.139605580680132704e+02,5.740969990069451256e+01,7.961008674986938871e+00,1.079833911092877941e+02,1.712131888828512061e+01,3.115523775223309144e+01,1.562228714938570135e+02,5.519750726291618292e+01,1.496651709351714317e+02,1.861571770165578528e+02,1.865193639326890036e+02,1.768980963712269272e+02,3.947199366483891225e+01,1.417653082366529134e+02,2.441022303195115057e+02,2.702922409094992062e+01,1.502057275172321908e+02,4.246724656358394867e+01,4.918191332074797373e+01,1.122157524342919857e+02,1.852279249112862374e+02,1.790779244494060265e+02,3.730874150979020243e+01,7.625268211201002089e+01,1.612230206092922629e+02,1.495915525699645059e+02,8.681700099654209168e+01,9.520538767082628695e+00,4.665270090094867150e+00,1.589347077730406887e+01,1.152509083496362763e+01,8.690753024691142414e+00,1.477893118409982378e+02,1.075713005802490017e+02,1.654652930303851122e+02,4.402804925633031274e+00,6.926965770345860562e+01,9.542217636494029875e+01,8.844001267668487287e+01,6.116335679182319751e+01,3.225231582201170681e+02,3.670973641595572445e+01,2.368225007198887155e+01,1.207779204710908374e+02,1.995168969108414387e+02,2.231180786857505609e+02,4.360173434537876602e+01,3.000233068131485581e+01,1.642903147525153074e+01,2.485456587521346705e+01,1.919261499382823288e+01,1.259357112730636032e+02,3.573135563715557623e+02,2.837604346982072343e+02,3.141147849880336906e+01,1.285530429256187972e+02,7.650062030222352405e+01,3.742144655293575397e+02,6.470477453578452298e+01,2.579159005231510449e+01,3.792886737928284191e+01,1.731844395310041875e+02,9.602737701595218311e+01,2.819552773513529953e+00,1.019350820423767487e+02,4.643099608958402236e+00,8.767594414177661122e+01,3.743064437568108360e+01,1.171819760498035556e+01,1.631442196643273803e+02,1.196948367937789612e+02,3.190961059053109139e+01,2.991497002307038144e+01,2.701691701940905546e+02,4.845765327886215346e+01,4.432616176975873401e+00,1.530240061717722426e+02,1.562079908561648267e+02,1.029486240340190761e+01,1.973600465025263304e+02,1.055665293545379200e+02,1.019950475992105368e+02,1.139745431634336725e+01,2.006047467822391752e+02,1.139781114227126437e+02,1.160310651321571740e+01,3.474886112680086114e+01,1.363687407363608095e+01,5.285645847980111256e+01,3.560629365815223224e+01,1.566286415070855575e+01,1.129489191184815056e+00,3.741974418621568432e+00,2.014184912336404309e+01,6.024688424114665963e+01,8.907221627290505239e+01,4.511394263683504136e+01,9.146545839040646797e+01,3.575794114991697370e+01,1.598568555166459930e+02,2.058727814854221094e+01,6.800311761186553561e+00,2.654096066852101785e+02,2.001378122931939458e+02,2.270157936090580719e+01,1.631770159516970295e+02,8.952142125630471980e+01,2.147583703059409288e+01,5.225233160078189343e+01,1.611834762936613785e+01,8.636025596173679730e+01,2.380219483424013660e+01,2.411091978363864428e+02,8.085562614209852939e+01,6.564019118504505457e+01,1.674582641076200105e+02,2.490362944741186979e+01,1.210598799556183138e+02,8.502081103578289856e+01,1.021744463552009563e+02,4.716737335571747280e+01,3.318348251970284224e+01,1.422282517255153245e+01,4.260522265300479461e+01,2.137974593865132533e+01,4.411634895284888813e+01,1.531546459393088071e+02,9.641015328690799890e+01,1.157256948701485726e+02,2.931403335150662315e+01,1.791623852335010625e+01,5.693793599326595967e+01,6.603215586465579712e+00,5.854539771053276098e+01,7.086584141660610214e+01,7.827045325536597709e+00,7.643556099964173711e+01,1.248953161509408147e+02,3.766716412097687261e+00,1.450990333133894978e+02,6.516914892390217062e+01,8.242277116846450724e+01,9.017613513286994475e+01,1.590052221132483794e+02,4.211810882053755023e+01,2.136650395256144108e+01,3.784762206674768148e+00,2.142948406263168408e+02,6.509791912728884711e+01,1.762949735847412569e+01,8.225940778771990836e+01,1.338693822194720440e+01,4.182565738018233503e+00,3.197612262363253990e+02,3.433146822979483090e+02,8.845995544818846668e+01,1.269469325663175283e+02,9.827069669209721781e+01,1.724641617986532367e+02,1.444114010862014474e+01,1.319801208368614880e+02,6.033128347138046621e+01,1.198253282819905365e+02,1.306497607661585221e+02,5.992142141992563564e-01,1.887872935124143581e+01,3.993585856900828190e+01,1.462245289373658181e+02,2.410243755754683548e+01,5.606732863094690344e+01,2.020372297246112510e+02,2.277090618398054858e+02,2.678171719477822990e+02,2.983383394506540185e+02,9.287037220618833544e+01,2.234773361188863205e+01,6.794801490904431773e+01,1.444490066369616272e+02,3.079557917626064523e+01,1.465131554064680870e+02,1.385341895614719760e+02,5.541588323075063727e+01,1.042863271887178058e+02,1.052775343825194483e+02,4.001283461336808678e+00,5.441980322726970343e+01,1.074084436389638739e+02,9.709162673938186572e+01,1.590402934365684189e+02,2.029607056662918296e+01,8.118531361503704602e+01,1.900282694810809119e+02,5.059977643764347732e+01,1.090170553062900041e+02,6.788077951698190304e+01,1.109402191929621182e+02,5.738734479235795760e+01,5.758835764363041676e+01,1.979176924374849023e+01,1.596869635534148983e+02,8.893812499121524695e+01,2.343417193362949433e+02,5.002399128317290433e+01,1.282696424820601599e+01,2.278372921724712228e+02,2.189308394770587896e+01,4.867267638723618717e+01,1.089158364185341412e+02,1.467232573589795130e+01,3.278961343801436215e+02,2.106198502216960549e+02,9.983484640976902469e+00,6.788159405807603264e+01,1.561803079612382135e+02,4.354635026490164051e+01,5.219623342912936614e+00,6.836568400504211240e+01,1.779898334017236721e+02,9.924353867756495617e+01,1.364833566887918721e+02,2.258840187148787848e+01,4.162137956090200674e+01,1.143045684012643761e+02,3.805660028903346159e+01,8.694535553046762288e+01,9.175824507128423591e+01,2.692745076049170052e+02,2.773088183258547801e+01,3.164737562760177170e+01,1.263396746375108251e+02,2.824482187198285477e+00,1.536965961546110009e+02,7.520153162190071328e+01,5.073682667719602790e+01,7.920401081545782063e+01,4.435738798301913022e+01,2.252015034877321114e+02,1.533204621713064455e+02,6.782276795055322793e+01,2.121240050843876759e+02,2.583250814419905783e+00,1.327414519600619514e+01,9.578521906902072658e+01,9.076307471868688026e+01,1.437418157788232520e+02,1.367209613959522869e+02,2.373859371281485764e+01,3.560816807474657253e+02,4.304615145091879924e+01,9.020792138935523496e+01,1.184962160477571480e+01,4.291253116958173308e+01,9.747186435224152490e+01,8.877490952029522475e+01,5.065017705694963013e+01,1.594008070189640875e+02,1.078161567850641092e+02,1.953100627418409507e+00,3.341214935575167466e+00,1.127428271295835671e+01,1.459554371452444244e+01,7.939773080373990410e+01,1.367959134348758994e+02,8.092224401112342491e+01,6.553996959698386604e+01,1.257813961234006825e+02,1.901646301784512971e+01,8.032135203643237631e+00,9.575884262721397988e+01,1.216643443256691484e+02,3.884209271730667723e+01,1.354859620650231733e+01,4.507598363303434752e+01,1.531250195537972729e+02,9.983047619128366534e+01,2.437470141278801705e+01,1.214311878317106697e+01,7.186750029344500490e+01,5.464406955953079859e+01,5.565431908027103418e+02,7.096039606007211376e+01,1.393940788041851704e+02,2.237206573054135390e+02,2.523977635927801373e+02,6.022221963516422960e+01,1.690762193829344824e+02,2.504264550437311527e+02,3.784272029127300385e+01,5.856408450410746269e+01,8.496707570412779376e+01,1.385111872421678640e+02,1.070189500971686272e+02,1.368344069790046831e+02,3.134557645449769439e+02,5.730460215633427623e+01,1.038510362221897623e+02,1.881394152966177558e+02,1.113836338359836020e+02,4.534973874463528176e+00,1.780425777847035249e+02,1.360470216818179097e+02,3.471092825396131065e+00,4.236091959997736467e+01,7.092488102722859367e+01,9.656398547820330691e-01,3.836806357118968691e+01,2.665091777014427521e+02,1.640726146021121679e+01,8.402355944480105165e+01,5.288503907951301874e-01,1.852319640900370246e+02,6.318824342259447491e+01,1.228107598634187525e+02,3.482011679282152983e+01,1.072403730567320679e+02,8.837253425149437902e+00,1.024550613403274610e+02,1.433470556194759240e+02,5.826914848304881644e+01,2.323329130886048404e+02,1.154833170543774514e+02,7.117767022962952694e+01,2.391328642291298650e+02,3.671187384356869643e+01,1.061754400522836939e+01,2.707056989611722884e+02,3.444910315574104942e+01,9.739019752652721706e+01,1.873465758162060979e+02,9.236304402569787442e+01,1.449292030746881892e+02,6.135678623357685524e+01,1.268280072695467311e+02,3.839988530684572510e+01,1.083827779379687826e+02,6.817831497079963299e+01,3.827347737447986020e+01,1.728159509861015124e+02,4.303122920753840397e+00,1.475967510421858435e+02,1.783568052091812035e+02,3.281954113010915330e-01,3.920326680722552481e+01,2.451804110603201892e+01,9.762642096954067483e+01,1.046370967166697028e+02,1.386069387191684044e+01,8.534758150088579498e+01,1.287787640041186705e+02,2.003455599894809609e+02,3.122570332124474746e+01,8.963504522070040537e+01,1.239194218853489673e+02,1.274666724361330097e+02,3.750684769991887713e+00,1.098886383073114672e+02,7.862333119697596828e+01,1.349478893649945803e+02,7.583813503788574906e+01,1.287028636407901772e+01,9.227423506231971828e+01,1.713934587572820334e+01,2.531986449984384251e+02,2.543338539074005666e+02,2.880196806661142261e+01,1.539766807832926361e+02,7.166441078826295552e+00,1.000378051990165176e+02,1.112020561940011554e+01,2.182917618481581101e+01,8.342039566480762858e+01,6.858640985951291213e+01,6.789699806450764186e+01,1.888233148084814559e+02,1.319919693609586098e+01,5.234299971269504681e+01,3.689682443117803956e+01,1.118060179045423475e+01,8.426781720713320567e+01,2.295322625635092209e+02,4.625129809659072322e+01,1.407860657173504393e+01,1.020024126646718940e+02,1.920287689266919244e+02,2.018715362994423046e+01,1.824225313656610936e+01,1.278067716791169204e+02,2.553137882864398467e+00,1.251862924971707081e+01,2.385095037930507260e+02,2.004686572455575799e+00,7.676875959493757762e+01,1.830214546278705257e+01,1.893704644025518746e+00,3.309920579590570355e+01,7.679369851601821040e+01,1.277426791641756942e+01,3.650809313706822223e+01,6.514917018217937006e+00,9.150234961293411118e+01,1.248213247404446236e+01,9.643184887315611320e+01,2.310689400949967265e+01,1.553488578361969701e+02,1.073593079959448602e+02,5.734963877251342979e+01,1.360117480150327935e+02,2.509783311672255124e+01,4.628515192296151781e+01,6.526521152407917725e+01,1.449212363286005996e+02,2.414516993485698393e+01,1.227371522617250399e+01,9.573304653111553364e+01,3.643821556017381003e+00,7.489897845197058146e+00,1.562362952341007087e+02,7.772689135565569529e+01,8.731450017390359619e+01,6.571125922881770975e+01,6.182501640159222944e+01,6.310164487669965572e-02,5.610662800189561494e+01,1.288773985978933467e+02,1.116301140539296313e+02,1.424464204096680220e+01,4.171860416939217231e+01,1.807454462244919284e+02,1.126149310396675531e+02,1.027350319199523199e+02,1.337457309936567995e+01,1.278788130012495685e+02,4.902618316736888460e+01,5.612425704808608629e+01,1.212163226700584886e+02,4.576180346872710913e+01,4.140907596549864707e+02,1.278471542330456288e+02,1.099756114223295214e+02,4.250444923904331773e+01,6.679091526934834633e+01,3.569767834998314626e+00,1.726409904152459092e+02,5.847446486124514564e+00,7.414127522924049174e+01,6.440845521710335220e+01,1.688970792518117037e+02,8.393617955778670137e+01,2.464485031759767963e+01,7.915788631538488573e+01,1.457518274235363549e+02,1.087848589320744850e+02,5.668566239897558745e+01,6.867662907518229609e+00,9.475000379396963979e+01,3.076979442510350395e+02,1.661050387056634463e+02,1.965750715093736289e+02,1.100611222747509856e+02,9.473701300958894933e+01,8.028886024798531196e+00,4.264085091585136666e+01,1.784084050004735502e+02,4.352410322379846264e+01,8.168755505140746109e+00,1.310714932850657704e+02,2.497167882922061892e+02,1.281617750161989910e+01,1.394209402401193927e+02,1.335899350755940418e+02,8.551190366628532047e+01,1.060697869564944682e+02,1.556156227639861243e+02,2.798298162375451170e+02,2.222554699550286372e+01,1.331840275036221044e+02,2.181240221430604436e+02,2.915576216382724439e+01,6.125198853207060523e+01,8.937949512533145935e+01,3.220650025257543803e+01,3.831274438788484105e+01,1.517216440742615475e+02,4.265349103512961193e+01,4.443765168409385069e+01,2.378835988759110975e+01,5.139615769276296930e+01,3.339500233501513815e+00,7.200006926818532804e+01,1.609580404532426101e+01,4.735498411017743337e+01,1.310840952223110207e+02,1.226307267784622326e+02,7.486070754894291213e+01,1.048146733827406365e+02,9.274129381277593609e+01,2.339254435378586550e+02,4.511156589808962281e+01,3.063220311608383284e+01,2.508640167759448900e+02,1.489438789479380603e+02,1.543975473917713543e+02,1.083257386999961227e+02,1.584461146423267230e+01,5.230141281014021537e+00,6.994025667128276780e+01,1.427180134993048171e+02,1.137914188313209252e+02,6.260472346567783575e+01,1.100290146844134931e+01
1.501525325392770753e+02,2.857028367328535410e+02,1.670666135552112763e+01,7.593145326000110629e+01,4.123831510761383612e+01,1.438925666853704115e+02,6.938026668504377881e+00,5.450791721343858853e+01,3.156932434003376216e+02,1.468552626043077396e+02,1.765082137842327086e+02,2.574511941007276619e+02,8.001188589225898795e+01,1.050379362461661970e+02,8.243739108939620053e+01,2.411876050417765782e+01,1.079567724884835656e+01,3.194377263126145294e+01,2.551837048596160855e+02,1.461156879190261293e+02,2.170427403158118409e+02,1.702552939195311126e+02,1.569441158281120181e+02,4.625579574310272335e+01,2.124217279797673257e+02,2.786912819490532911e+02,1.831970582902860372e+02,7.307873374301193792e+01,6.747306351694815874e+01,2.041875941621416075e+02,1.857119748322953257e+01,3.562048095554275164e+02,1.049863764512078887e+02,4.933309657199999521e+01,8.318407357124685575e+01,1.896354736967703900e+02,1.208488847905997545e+02,6.922322628023657387e+01,2.575960674751456168e+02,2.344625943009346614e+01,5.276740729537933561e+01,2.021629938874863512e+02,1.548603495208734593e+01,8.147060899540834100e+01,1.613723566642759408e+02,6.978627286320210032e+01,2.773395132390051288e+01,1.022641687168578670e+02,5.434030700201590491e+01,1.847816168297901811e+02,1.082914052491008619e+02,1.081982990123721038e+02,8.559458967292469822e+01,1.589444879637160284e+02,3.358755460846726493e+01,1.779136062316598554e+02,2.103932699634815773e+00,5.002908867468703669e+00,1.900960729062360315e+02,1.765045263068685699e+02,1.749539273938435358e+01,3.026218646491179811e+02,8.838879926374022533e-01,3.688946430641278198e+02,1.031824388291589543e+02,3.442584839111179917e+02,1.732028404356464364e+02,1.209876752066854522e+02,2.500885736477425212e+02,1.029942513428016895e+02,1.703755796809282117e+02,2.996528378389893419e+02,1.464157152206329648e+01,5.881135278805935229e+01,3.834238478531752747e+01,4.112274570617771730e+01,5.471325727491474566e+01,3.633283566580690405e+00,6.063683128706543357e+01,1.420136246071768653e+02,1.325349262693893309e+02,3.915437168656900724e+01,1.355553803318306620e+02,1.827264125398357919e+02,1.047013772352099323e+02,2.232241409876204159e+02,2.460045976601908251e+02,3.375016403931265074e+01,1.525494955465062503e+02,1.713492527808020327e+02,1.339212333285915975e+02,6.441213572945983401e+01,2.703407409391317273e+01,4.451146953372756343e+01,4.082633183550715472e+00,1.080147017245843699e+02,2.109301531760762600e+02,1.729733522350533974e+02,9.078235454244581604e+01,2.051023249573227929e+02,1.246541873802855207e+02,3.541302527524899091e+01,5.847018851505843173e+01,8.705881633437645917e+01,1.879487706889301251e+02,6.919781594535054126e+01,1.722764488213545917e+02,1.282494042747129299e+02,3.740880560012786127e+00,1.780877044143745422e+02,1.149234200346236001e+01,2.769110202708131130e+00,2.359106861277581118e+02,2.293761262180300378e+02,9.014941934523081102e+01,8.517054858901981618e+01,2.665717530500315888e+02,1.213737444136677652e+02,2.006801829244710973e+02,1.948950788641702445e+02,1.533159405902648302e+02,3.781274874609048453e+01,6.238237142047190531e+01,4.707899568625544617e+01,2.590661642545668428e+02,8.505028609817685492e+01,3.217325133241231327e+01,5.738813685853302360e+01,7.785972853120286175e+01,3.911742334489395745e+01,1.402936466234077884e+01,1.184662833225536183e+01,9.952620197565632054e+01,9.570287808635275439e+01,1.787091327107628160e+02,3.786898252193711301e+01,2.202792057554713168e+01,1.538517892593935983e+02,5.852565225014946471e+00,6.637038341754974908e+02,1.863879002024449676e+02,3.747260819957012359e+02,4.690101876041514828e+01,8.534348034904638780e+01,3.669441766921344339e+01,7.828521230011830312e+00,1.179714309387676394e+02,7.178481122240883394e+01,7.196968395550885411e+00,1.790596340717997919e+02,3.198076172353044200e+01,3.962774432254431645e+01,1.097946408202039947e+02,9.460808225485693868e+01,2.255162562293390067e+02,1.935621017039042613e+02,1.104190819969008572e+02,9.556528065694186580e+01,2.952911642136433557e+02,1.108720474684862438e+02,2.455825220516590264e+02,7.115484346949357075e+01,1.055894292966688539e+02,5.195970296746451567e+01,1.336500494653816133e+02,3.799976508272426656e+01,1.097743763077917833e+02,4.007651593791834443e+01,2.931644770872782715e+02,4.511548632291334293e+00,8.125548255220125782e+01,7.070064904362992309e+01,2.842518420882739747e+02,4.440062098271051383e+01,4.860705960893219668e+01,1.015911062860931793e+02,3.001829998297594102e+02,3.665030856401780568e+01,1.481440500969157199e+02,6.662644529147266326e+01,1.049524626929908919e+02,1.195081103312917890e+02,1.314280937596646197e+02,1.101928274332387900e+02,1.074399442478784863e+02,1.461490147192882887e+02,9.672196882942530749e+01,1.554569447574806134e+02,1.752204464909354726e+02,3.532951566711246105e+00,2.236921960552824018e+01,6.733975323072938579e+01,1.526845333246174334e+02,2.243592347134557485e+02,3.638660724913592617e+02,1.380940698572673568e+02,8.629439409373441094e+01,4.786029360519466991e+01,7.676923059523473114e+01,2.712162002666379976e+02,8.233555533419705341e+01,1.323428392291665716e+02,1.983224702174613014e+02,6.092906451874541318e+01,1.161267502560275204e+02,7.429834338430042351e+01,1.566450762522547109e+02,2.041719743458895380e+02,7.824905517316794601e+01,2.022389344409163314e+01,4.305004038900413832e+01,1.409086090618194564e+00,1.089320234891940089e+02,2.113227816681781803e+02,3.772666429230901599e+02,5.234322303849063829e-01,1.491129823118774311e+02,3.725786928940817688e+01,8.615965798761288852e+01,2.741980166818820521e+02,2.606680502932278500e+02,1.678960566792582938e+02,2.551028992767510317e+02,1.515044839633025049e+02,1.327187193188626395e+02,2.590308916955320342e+02,2.703672663774912976e+01,4.016493000267356024e+02,5.485734526694791668e+01,1.977648011062419187e+02,1.300200982018443767e+02,1.259027314643568616e+02,7.859897168601078121e+00,1.057645535468982274e+02,1.097619288006856664e+02,9.006683989932146517e+01,1.075089587566381653e+02,1.718863658613930454e+02,1.265157701301093880e+02,9.349932607609021318e+01,4.322272251007275372e+02,9.351857218936599736e+01,3.196343973235364899e+01,3.297236399726375566e+01,2.249312539305750818e+02,1.267332900427307436e+02,4.311943179855586550e+01,2.983908161592012576e+01,1.363719094117287796e+02,8.718726791878323468e+01,1.014782509108022737e+02,1.568365062987058138e+02,7.114069230865945315e+01,8.971659622810791745e+01,1.057221787795357244e+02,1.218018905520531519e+02,2.370928666473070123e+01,1.459258639474716972e+02,1.193726839404668283e+02,1.035500834854835830e+02,2.710676713461978125e+02,2.158606427484440928e+02,3.636821128399929535e+02,4.057049768050439411e+02,2.176482717711496662e+02,8.800827632483016316e+01,2.169518548037195771e+01,2.089778148366283688e+02,1.087330422258318521e+02,7.434695241423257528e+01,6.477837229318312495e+01,1.787754707209290927e+02,2.550895523030089578e+02,3.546919789974676718e+01,8.170613701461718392e+01,1.773002391457073372e+02,3.130322709895423827e+01,2.576546070311906078e+02,2.764055374087240011e+02,1.720725238362196023e+02,2.380426286972019057e+02,2.662659639371412013e+01,2.014570544263038983e+02,1.604169668216894706e+02,7.398341347982180594e+01,3.163392665419646033e+00,1.130715810221018955e+02,1.887002384814077871e+01,9.059542730490169049e+01,3.416929104120777652e+02,3.204611654874480298e+00,2.688751153227945565e+02,1.169337928179962773e+02,4.466794516377942870e+01,1.007064141630406624e+02,8.497738783945873564e+00,1.927883100344092497e+02,2.373494541242655202e+02,4.142991837458395565e+01,2.265568569527519571e+02,3.261191911809682438e+02,2.679291067755476661e+02,2.266671358374854890e+02,1.773293409949441184e+02,3.971622785469519812e+01,1.535752157044657622e+02,1.510242108868874595e+02,3.634214767365839975e+02,1.958032907300662089e+02,2.665843538911513519e+02,1.127288513014175351e+02,1.271343546758649268e+02,3.069309131506327617e+02,9.548228358697629403e+01,1.976784907609171853e+02,2.889858831216798762e+01,1.203523899841511167e+02,1.239828656553986121e+02,5.109750419045461456e+01,2.082358758767810230e+02,3.625002236333745032e+01,2.569124561545819461e+02,3.776215476720128095e+01,3.154499184162687708e+00,5.446675368870768530e+00,4.170334395449905855e+02,1.200008223064336335e+02,1.542567564257444701e+02,1.383942747667481399e+01,1.195696413384540691e+01,1.905451243354287953e+02,2.600602135239643644e+02,1.128424866205119912e+02,3.562430050792406888e+01,5.479747818188101149e+01,1.009283859972885580e+02,1.153522232674957770e+01,2.729296823055489707e+00,2.455001863539348150e+01,1.538100888879170043e+02,9.523494243216562438e+01,2.179490354809087549e+01,1.327492659497988825e+01,1.581476211285368265e+02,6.505008014042361708e+01,2.054663253635282842e+02,8.309950949028645084e+01,1.510295345820833575e+02,2.045077500333256992e+01,1.777380077422062357e+02,1.411433224156574511e+02,1.971343959210821950e+00,2.277546757664713368e+02,5.792980386727825248e+01,3.610486067391455549e+02,5.563337568759831697e+01,7.579739034100525430e+01,1.225329642932041594e+02,2.215187347258680006e+02,4.463122355576189904e+01,3.206416166509995946e+01,1.581492511424152951e+02,5.730252778235688282e+01,1.936814408122784243e+02,3.073262937011914175e+01,3.144109930666783015e+01,1.038319445931252432e+02,5.904745301484010156e+01,1.836472544801681579e+02,2.562841148926875121e+02,3.737252279888716657e+02,5.589241473327511756e+00,1.660871445916598930e+02,2.748594072422725532e+01,2.174797739344833758e+02,1.518807527442322396e+02,3.576349197478423747e+01,1.663664501165963117e+01,1.845206087503739525e+02,2.222446910999092324e+02,3.289527731600215787e+01,7.104723644933396365e+00,4.497087331202183691e+01,7.078581917905894727e+01,8.080184977307349925e+01,1.361189666009437076e+02,1.143887008140731787e+01,1.490634464146534128e+02,1.898655506262308847e+02,1.950216317743927874e+01,3.957926159229816054e+00,6.143292764069372858e+00,2.542072137549535071e+01,6.704218051889112928e+01,1.097733288627587314e+02,1.873930405164827278e+02,4.553777259006937328e+01,1.487459710393230106e+00,2.100799482467820667e+00,9.344093458944698227e+01,2.288238442924079834e+02,3.741606615546545100e+01,1.937976245714763479e+01,1.849395486752277122e+02,3.840253498492540984e+01,8.286504246162313336e+01,1.305707161046129272e+02,1.720075211487688875e+02,7.237466987515985295e+01,5.098576478306772408e+00,3.632016787231253829e+01,1.648826562006643144e+02,2.359286360500704234e+02,3.015146323747739743e+01,2.229611138539570803e+01,8.041624502632176075e+01,5.233489890126553945e+01,2.238626282116452870e+01,4.433399043887150270e+01,1.316826054019101662e+02,1.273875152082608651e+02,9.896978819689897122e+00,2.977795250478404654e+01,5.131448389009477751e+01,5.577231749102169545e+01,2.003504408228731961e+02,2.690655207872496248e+02,1.106407233672320132e+02,3.579307340981678749e+02,7.976766354081127020e+01,1.735414255422888985e+01,1.674137672453630614e+02,1.017404883732416607e+02,2.032911087627052993e+01,1.535236689268817223e+01,9.459114380439216063e+01,1.614835058650169231e+02,2.627190156269997487e+02,1.514614069489829262e+02,6.716704917395101226e+00,1.385270814069295930e+01,2.290845697279570174e+02,8.238561532068214177e+00,1.262593561038556942e+02,8.641367454520931801e+01,1.181428429999429568e+02,4.014613923007495799e+01,1.991247012755070500e+02,1.203465436513039855e+01,2.262154904264983486e+02,7.792211672639326991e+01,1.260458330942229566e+02,9.071934379944872262e+01,1.810315645725083584e+02,7.528229149245356666e+01,1.933567402985414319e+01,1.742111223699964384e+01,8.595892808395025497e+01,2.572385395385435345e+02,2.875795977340075993e+01,3.105723087810542538e+01,2.723281054038306479e+02,7.284128709046791528e+01,3.762910168334564531e+01,1.178075675870870320e+01,2.179218632665122968e+01,3.488943647472776632e+01,6.537251621275407842e+01,2.575685591362378659e+02,1.887141694585804075e+01,2.155849327384649516e+00,7.606942976182708094e+01,2.141368956696771590e+02,6.292012575503492400e+01,1.255396456644317169e+02,1.902741173712886678e+02,4.024337589543838334e+01,6.478213112779351945e+01,3.443679498555908935e+01,1.554819910195286354e+02,1.240112918366107095e+02,1.410149828514332349e+00,4.676542863689470408e+01,1.017741462611702588e+02,1.618150752705471973e+02,1.822949917848507084e+02,7.512117363361346634e+01,7.110922638355306447e+01,9.947747832321384465e+01,2.362593025585005435e+01,1.185475519736877175e+02,1.527727531093075015e+02,3.363122112165861921e+01,1.041416986797946578e+02,2.168502359547761387e+02,1.817396663380941391e+02,2.334506423333814666e+02,1.051880734177792931e+02,3.479132019070446002e+00,1.627470550001909899e+01,3.387365640764798513e+01,1.926905851150336275e+02,7.877710087779141190e+01,1.744647253153283657e+02,4.951510794948686822e+01,6.749724302984126956e-01,2.997175575492814801e+02,1.528322580265559054e+02,7.347551509505854028e+01,2.438259278361187228e+02,8.843137781203283510e+01,1.159134247940230154e+02,5.541901557766515651e+01,1.933490585338699645e+02,5.425733970252761651e+01,5.199449223004636877e+01,6.141459321159138796e+01,1.562178953073644472e+01,8.275530899698475196e+01,2.000401636521592934e+02,6.600227103665838513e+01,3.834819293599769594e+02,2.364740936425303914e+02,2.735128110566037662e+02,1.772877434644991013e+02,5.364923086492753157e+01,1.172614596587646929e+02,1.233642903549784648e+02,1.399478001251731314e+02,1.448240349099081641e+02,1.607570563781467570e+02,3.652115451295122170e+02,1.091878203386877715e+02,4.937131843224000960e+01,1.817430748010944228e+02,2.532263354075599864e+02,4.222068209754083767e+01,9.251576160820411587e+01,9.150764933111635457e+01,1.486816598093139135e+02,1.107324474761426956e+02,2.016337732327663090e+01,1.371705674590120054e+02,3.414859446713275304e+01,5.257377491184450413e+00,1.380825788389743680e+00,1.217177708186624159e+02,1.695561614585801351e+02,8.268018708320695964e+01,1.236965541783399800e+02,5.244949740470672594e+01,1.377853028288866426e+02,1.880798151614826850e+02,2.513236979942338323e+01,6.877175806908822153e+01,2.907106259258708292e+01,5.549890772112235737e+01,1.714981060836190920e+02,1.867768697111415293e+02,5.963666564056410380e+00,3.975536984743830260e+01,2.216719528587575212e+02,1.608601948890800202e+02,2.150201679147904770e+02,8.836015647677284335e+01,3.548671390324797699e+02,4.891610684079096671e+01,1.071135000775097410e+02,2.104396627303407001e+02,2.764094822695147835e-01,2.487770858559163045e+01,5.235929225668079567e+01,2.719386233091262852e+02,4.753373725520362427e+02,2.209105049039095192e+01,6.312826967129663558e+01,1.611507159310054860e+01,2.195816779902915528e+02,2.682815887816377085e+02,1.180855213303240987e+02,1.566399380820339537e+01,7.440559053138001389e+01,2.618955684406022897e+02,2.133833189893611006e+02,7.315337602056908395e+01,2.132443098773514691e+02,1.534009939345272633e+00,9.342445192423765477e+00,5.003738505597228681e+01,1.568635435432706231e+02,4.047017847294864623e+02,1.242243729799957350e+02,7.775723213170047643e+01,1.420492833362373730e+01,6.701969973872409980e+01,1.673730868088827606e+02,3.838089417533090142e+01,1.541752957656786975e+02,1.622514385402493531e+02,2.685691177311603539e+01,6.820726714668437296e+01,6.511117313039031274e+01,2.425618103789938917e+00,3.626470397475919327e+01,1.837404950249071760e+02,2.500342587314992215e+02,1.590521446217917685e+02,2.806121545406916198e+02,4.253489228839078606e+01,5.053912773399469316e+00,1.803490897752232343e+02,1.650214351714371048e+02,1.939333338363462360e+02,1.075465645630656297e+02,1.152029161800335544e+00,1.655056653067764785e+02,1.146401837876442045e+02,1.196220956358511813e+02,1.238798253266884331e+02,9.844731776568268344e+01,1.160112269725467939e+02,1.965838436249187993e+01,1.088120307146037504e+02,2.912287862237197942e+02,5.283557602125988950e+01,3.686086796245505326e+01,1.214924023292510782e+02,1.305898226800533735e+02,2.467067517018935519e+02,1.375622514314006821e+02,3.452148768163559200e+00,4.631422686054052207e+01,2.063547829191225276e+02,1.195005343480901949e+01,4.928721795295687258e+01,6.245158946055749993e+01,1.532767936894310594e+02,1.481382617020391308e+02,8.868113011893966302e+01,2.304779515096717262e+02,5.604301786295686583e+01,9.508932046442582475e+01,3.200868913374385443e+02,1.444927624873335219e+02,1.462558084779844876e+02,7.349993956822525831e+01,1.522784569303470619e+02,1.835748995298121997e+02,8.309506380374448042e+01,2.816963783782330779e+02,9.057476298579642560e+01,1.108413077224167296e+02,6.099217074822630202e+00,1.394059391385880531e+02,1.615069660697537586e+02,2.915394959518653906e+00,9.968031406170808850e+01,1.769187719548844200e+02,5.721089420923838986e+01,1.712631104775796018e+02,1.448145677972885608e+02,1.571457916846742648e+02,1.269856919177511969e+02,9.633783195595212590e+01,2.576062286627280784e+01,5.206212658625843659e+01,5.085584007872168399e+01,4.650080357194504899e+01,9.853708436507588431e+00,1.417378302803085433e+02,2.280586724765179838e+02,3.711166380392027619e+00,2.784397063937862882e+01,2.949963283887122429e+02,1.287222821613498809e+02,2.087034014061551446e+01,3.715820382030619839e+02,2.022011925130740462e+00,4.014754322185211777e+01,1.179713309378553845e+02,5.544399713222283310e+01,1.148568124673543736e+02,5.067722118141934828e+01,1.085406517638591453e+02,7.798018158454313209e+01,2.800395602016511134e+02,2.795685057185253299e+02,2.107550112013908006e+02,1.249578129525462913e+02,2.616349043099913843e+02,1.438858837008389102e+01,1.065216758434073085e+02,2.249100835865572208e+02,1.500830837217555143e+02,6.914210479081836525e+01,4.855060433599933845e+01,3.778874402060945670e+01,1.228961274302831441e+02,3.162480063506243368e+02,8.958533197252565117e+01,1.925803357866165868e+02,1.817077365478346280e+02,1.704945583887871123e+02,9.451585354422306295e+01,1.324843496693620182e+02,9.531669855967975025e+01,2.097956806566788828e+02,9.381217582918828235e-01,1.444993404945984423e+02,1.301661810712920442e+02,1.355756125528705240e+02,2.660142719737851849e+02,2.136084740474695138e+02,9.694165121884681469e+01,1.667583377653963055e+02,1.359619166541365587e+02,4.592288456348143768e+02,3.793280638531089721e+01,2.079350977283376167e+01,1.804131536972057290e+02,1.148654981537973043e+02,1.953625987199539082e+01,2.371764083695444185e+02,1.795002700118054975e+02,2.089878933012775519e+02,2.922448767188040506e+02,8.217268462545025409e-01,3.172899734120337030e+02,5.587677261395324990e+01,1.859945463609607543e+02,3.515515291709878909e+01,1.584949779970250177e+02,1.628916748872975973e+02,2.223153168737650560e+02,6.322853401313700772e+00,4.236725908866689565e+02,1.869872215284854349e+02,3.552079054894051069e+01,6.471408925239218490e+01,1.007801071593117115e+01,1.001275012707513667e+02,3.869709488917507656e+01,2.500132776488310355e+02,6.292094655703181871e+01,4.702804823124248657e+01,1.530273373838147677e+01,2.292955954215776160e+02,1.041388894238350957e+02,5.196045354055244303e+01,3.657938602333053524e+01,7.697396650657965189e+00,3.923406717972727620e+01,6.624055260937643652e+01,9.002127843821592990e+01,1.685740444118188179e+02,1.928520699018437590e+00,1.290138681485821053e+02,4.021430146548783569e+01,4.200656431690075010e+01,4.053300403912188443e+01,1.639731064975271977e+02,4.054381578947735676e+01,4.282653100985243810e+01,1.738592241717566651e+02,3.423365583568131854e+01,8.964752345133774725e+01,1.331393814881801347e+02,8.076692020265005567e+01,1.944952269545987917e+02,2.234721613708490224e+02,1.102655911539646105e+01,2.277587754386579988e+01,2.182102897763454337e+02,1.340532803107757331e+02,2.353032690811822931e+02,6.797502390649725612e+01,6.042892023202255558e+01,1.274106186221948320e+02,7.339927903739196324e+01,3.261392603672003077e+01,8.153869852656539763e+01,1.273846167555777527e+02,2.268315496538053821e+02,5.158922852274452353e+00,1.729832379616905769e+02,2.316083540234143072e+02,2.001051883123144819e+02,5.187798949648402669e+01,5.018959134284641976e+01,6.382751198532810122e+01,2.355188498976307798e+01,3.702635522603500817e+01,1.303919019457287298e+01,9.603833953225658604e+01,5.367094901759231362e+01,1.200681836265673041e+02,1.100815346211567771e+02,5.045711441040247536e+01,2.057546736165250252e+02,2.647220475008044218e+02,1.321611089496487068e+02,9.680918685871152007e+00,1.863888570564944303e+02,7.414863893252346827e+01,3.330768729933928540e+01,2.642357806811712706e+01,2.383054497292326062e+02,2.927480256709737318e+02,3.262870058204999282e+02,2.907035451232113701e+02,2.995598472764938833e+02,1.368375136130987073e+02,1.734026506694314378e+02,4.288639293956861565e+01,1.081577356397414462e+02,1.310766238312166649e+02,3.443042403565817153e+02,4.707331531753146692e+02,3.098294011202348770e+02,1.019933091064284270e+02,9.398609856791391337e+01,1.244724277719687144e+01,2.604707067814877632e+02,1.646589230570886002e+02,5.036809679922699701e+01,2.431319231423193798e+02,2.322608674516010296e+01,1.367386754553254775e+02,1.290671361310527914e+02,7.055667600746340895e+01,9.099487263919600366e+01,4.838705215476066002e+01,1.805823591089803131e+02,1.985425959131653144e+02,9.072542825606889494e+01,2.109989464536795367e+02,1.618073809128625555e+02,9.824513177052111246e+01,4.617812663638039083e+01,1.507623250843430469e+02,2.316835107108619596e+01,5.471929572382898499e+01,2.690341322135501514e+02,1.695651344400934875e+02,1.754537082181190399e+01,6.042148047535570043e+01,6.272105436649175658e+01,7.687713929298018911e+01,9.642744775827897286e+01,1.868144305237371725e+02,1.495871373203352732e+02,1.845646841989793430e+01,1.281235984680549045e+01,3.934697647327870129e+01,7.208808177238508108e+01,2.401187385510212096e+02,4.169582104267407630e+01,1.698816039885776661e+02,2.219460549594045062e+01,4.773886369175104960e+01,1.188741378070262158e+02,1.080732207353322991e+02,2.002877323367509916e+02,1.223862838870611967e+02,1.902501183720555957e+02,7.268205402058090669e+01,1.017757192390675947e+01,3.406418549635902195e+02,7.987957709227734426e+01,8.648163165755393322e+01,3.480446659858500880e+01,8.482843892338534886e+01,3.231693714001847297e+02,8.626371811101167353e+00,8.883250727882716546e+01,2.194794130753782113e+01,2.889671873393824342e+01,2.306342335330646449e+02,6.192210483587711201e-01,8.638701121202616662e+01,2.097881102346372018e+02,1.527578791794731927e+01,9.440909030970871640e+01,2.517632649940257394e+01,1.728945572743276955e+02,9.949653978177364877e+01,1.635017410585302855e+02,3.044290541453861820e+01,1.516813736810213413e+02,1.242348978213850330e+01,2.529650670350176540e+02,1.782557405060388476e+02,1.455598449400392624e+01,2.244195998957046640e+02,9.397402343650497869e+01,6.950279471628599026e+01,7.684749482292439815e+00,1.032265506068579519e+01,3.287654051336214689e+00,1.652271560249350202e+01,1.464572583940306743e+02,1.821688376346967573e+02,1.483089714271777204e+01,4.592646166508489358e+01,2.408389623934305632e+02,6.875710766952095598e-01,2.384326395625641908e+02,2.722889459418823321e+02,1.178170947742178498e+02,3.517075441470441888e+01,1.068226756768217598e+02,4.147114598096941052e+01,4.999876611684221217e+01,1.290022135124886233e+02,2.158752967971369969e+02,1.320647688885189908e+01,8.663376801365073598e-01,5.283767381063803725e+01,3.298806891802813084e+02,1.428129860799359392e+02,2.614950280339875732e+01,1.445240542154736261e+02,2.133658775249742519e+02,1.095077959652893469e+02,1.793924059188916260e+02,2.492330739788251321e+02,3.515080868736297361e+02,4.397627267752704370e+02,3.086825545980306060e+02,7.060362507664679299e+01,1.687597099991507150e+02,1.240646011139473259e+01,1.968624912652353203e+02,7.940361536211953819e+01,2.740453980444792705e+02,2.487079498246863452e+01,5.296282111510734580e+01,3.970161464694324138e+01,7.110921015990464866e+01,2.196949500323739528e+02,3.724603946638615781e+01,1.703835265860789434e+02,1.508052735519491989e+02,1.658883120669128175e+02,5.372970594617327578e+01,2.535868730302703966e+02,8.056957747948609949e+01,2.429051655551186002e+02,1.336181699887611103e+02,1.614958740329361575e+01,6.333933615019433461e+01,2.525991462204140419e+02,4.623277263576496665e+01,7.602522634045159577e+01,1.512627753275251052e+02,1.515432621109572437e+02,9.851426118554718414e+01,2.727090826591190762e+02,1.088976422684534242e+02,1.238228765529288324e+02,1.771829105116177345e+02,2.078312387304015019e+00,5.164911558525256652e+01,9.801876172680296406e+01,1.601041012865544815e+02,1.220738405982391157e+02,3.149134791363182728e+01,2.313233399347364525e+02,4.496697270507081612e+01,7.678018637887673492e+01,1.074999977104455979e+02,1.048440579765353142e+01,4.713140914407901505e+01,4.171366684413890624e+01,9.007413207407444133e+01,1.610563980125931209e+02,3.403249126810725045e+01,1.196896196994480164e+02,2.611387955724136987e+02,2.946350397851095337e+01,1.155606970244312350e+02,9.533628997454484022e+01,8.882012969376534173e+00,1.212867885681065161e+02,6.015146045454261525e+01,9.886805499912706807e+01,1.996697354659625034e+02,7.626814154328024564e+00,8.458347884718047283e+01,1.682254480501880209e+02,3.665210309700977120e+01,8.864879611263702663e-02,4.054612909795383047e+01,2.302574436855934721e+02,1.619837053371221884e+02,3.419564526304213103e+01,1.061627764996622005e+02,2.378812458613593606e+01,3.558435996617437809e+02,1.547323504144970059e+02
2.390014746998508315e+02,4.823648328684434006e+01,8.285580363612596955e+01,1.628114758391341255e+01,5.992242525128759922e+01,5.217536986166983581e+01,4.417507448442040641e+01,9.793982329157961431e+01,6.229061576600819450e+01,4.604486484143193934e+02,3.031991326899479304e+02,2.018725847609165100e+02,1.528340048263149527e+02,1.436314103678119807e+02,1.001494861393116622e+02,2.543003062203230229e+02,1.204461277735521918e+01,5.953778706438114199e+01,1.980274606405996849e+02,1.191853774859245050e+02,4.199832450974933096e+01,5.704267205944475450e+01,1.244089298407881614e+02,1.602457115096178484e+02,2.397248347585563621e+01,1.406290881009379916e+02,1.863832573391670877e+01,1.516658398474018021e+01,3.115225075670304591e+02,1.809489346388782005e+00,1.946600021579123165e+02,1.450435764718304483e+02,1.587368443970450187e+02,9.776473013812210233e-01,5.236254823641537115e+01,1.393201245076454313e+02,3.983811016066531607e+01,7.075775300048208294e+01,9.894194161746385419e+01,4.194418912415758172e+01,1.573057046192683401e+02,1.810324016832666416e+01,1.418469114070220138e+00,1.334752933829196841e+01,1.511848532643108172e+02,6.521238548052421891e+01,4.426886049571685078e+01,8.322633070764449315e+01,1.402756894900581415e+02,3.086758710924079807e+01,7.412208294481371418e+00,9.805634469066697889e+00,1.735683155653316874e+02,8.229212364228281729e+00,2.105222778178611804e+02,2.491490677153859323e+01,4.106063435525705074e+01,3.813477597621137960e+01,1.893354263415735375e+02,9.206559975422317166e+01,1.002352194820136759e+02,3.097009917190711192e+01,1.160344526766144782e+02,7.938525468408911934e+00,1.014075589889369553e+02,1.020991290666348590e+02,1.421902457298215268e+02,3.163896339396518709e+00,5.317335158993530086e+01,3.287518678723514398e+01,3.961505161271715991e+01,2.307047448533285561e+01,1.654113082806502462e+02,2.484258601106628817e+02,1.113066092286303501e+02,1.698575038067833702e+02,1.383133464735683305e+01,5.732437115509608816e+01,3.967712740682090953e+02,1.323035319907632186e+02,1.278181547010067654e+01,5.846296512145755031e+01,3.936204992026673040e+02,6.681736014981588312e+01,1.685186172162855200e+02,1.766733865221619624e+02,3.010285467209570243e+01,1.422150716212289012e+02,2.046073310256377056e+02,5.670635241424988493e+01,1.590299059872171483e+02,7.266426310157920909e+01,1.921359717098633553e+02,2.788145792136205259e+01,6.146035746326936788e+01,7.708912043043652318e+01,7.008536757574481157e+01,1.103776647823974599e+02,1.152918376328915961e+01,2.848081126732899904e+01,1.895499093913880628e+01,1.324432824181775743e+02,4.556374560908658111e+01,2.364238163016802048e+02,7.498530996462976361e+01,1.719223207273821856e+02,3.643851089084171946e+01,7.294436805384042266e+00,2.556252686667491218e+02,1.348262981435520942e+02,1.046965938921542829e+02,9.395326665898549834e+01,1.848652711864809817e+02,1.743123791989751226e+01,6.533497364614915170e+01,1.765053300391033702e+02,1.625209884990457851e+02,7.679016351537788410e+01,1.340461477722038524e+02,3.361970158110460005e+01,5.571198504269298724e+01,3.253403087950647699e+00,2.836131383162933162e+02,5.682177357130220940e+01,1.610111011048163334e+02,8.893471594081471210e+01,1.118686173825086030e+02,1.385535159452976188e+02,4.042837485663000763e+01,3.966626652565883404e+01,4.954833102592920824e+01,1.402942916599468219e+02,7.941570583018462059e+01,4.511872234220606970e+01,6.843520343980260634e+01,7.036886121799952321e+00,3.331213819872772888e+02,1.886578976308975442e+01,2.681039076943974919e+01,4.212097171522187722e+01,8.348679555234495808e+01,5.773221014222009018e+01,8.903368166748064993e+01,1.181578939106931330e+02,2.412333241247797488e+01,2.375788611392191552e+00,2.777407736483621079e+02,1.318573082994401773e+02,4.632337989884994300e+01,1.111198072436000643e+02,4.104068674319795385e+00,2.859066507888421071e+01,3.612878924446953022e+00,3.122412367454718307e+01,1.787948080971215461e+02,2.072962583526848164e+02,1.485125465156426969e+02,4.520565207050940870e+01,3.790028259394133414e+01,1.681160471003790065e+02,4.522290283792826813e+02,8.663510868746351790e+00,1.762837007766676900e-01,3.537090539310384543e+02,6.855756121298885120e+00,6.419147879110022359e+01,8.151701562277365554e+01,9.338025172718549527e+01,9.344428622093914782e+01,6.436681232021213361e+01,2.265405532611899275e+02,1.333713586585283224e+02,2.247232108235386931e+02,1.378235367465816807e+01,2.066356583550144776e+01,1.193965695734078878e+02,4.416028180054541963e+01,2.088743160097939437e+02,5.081534778269511321e+01,2.285306203779620660e+01,1.198341902628114326e+02,4.255998948466655207e+01,1.808823567836403612e+01,1.754343471993383616e+02,1.950173979025452127e+02,1.744204690572016148e+02,3.232123610880751130e+02,2.834045494471332063e+02,3.135101435141373258e+02,2.557084277806787895e+02,8.772828159159629990e+01,8.614002795464212170e+01,3.164663758338062038e+01,2.360133236594382922e+01,6.478241858019573840e+01,1.863838410225053011e+01,2.281324483864352430e+02,3.218207041975302332e+02,1.154765347862489655e+01,2.549140188474858348e+01,9.499331130724200989e+01,4.238801410832490624e-02,8.861361642535767658e+01,1.529773865832999036e+02,3.248694262802124655e+01,1.709319192386206794e+02,1.271810814894572559e+02,2.092298381353532122e+01,3.223062731826839222e+00,2.130031768065137214e+02,5.527569611560635821e+01,2.121995899234317733e+02,1.857627462856970340e+02,3.533693835455618171e+01,2.413474748051903020e+02,8.048327518792987689e+01,1.017293122844901774e+02,2.663490775346685382e+02,1.010174605242265926e+02,5.103446816509133122e+00,1.782491550476894915e+01,2.063261925644414774e+01,1.285630794135220967e+01,1.460295919045449580e+02,4.907545554737063043e+01,1.923083012373981830e+02,1.257088522180143144e+02,1.403578166571631130e+02,2.274393221229567814e+02,7.521950628075195766e+00,5.452015903778720940e+01,4.059696249854845718e+01,5.716699614470235247e+01,1.736689747292666652e+02,4.842729627185858732e+01,9.587380561616568286e+01,1.343106003587360249e+02,5.919463931671309354e+01,1.951001805670100282e+02,4.427954156991009427e+01,1.085105485368837321e+02,2.159761270381100573e+01,4.155026306769627809e+01,2.229384841562954023e+00,2.410364588609158076e+01,1.541350068230292152e+02,2.618163694792854699e+02,1.657495412576631111e+01,6.206447346791249942e+01,2.323074022503703588e+02,1.221807601364511982e+02,5.280654871763437619e+00,8.588266759379580151e+01,2.522834893638979565e+02,1.982744132728028035e+02,6.084528079904458053e+01,1.549386743658738474e+01,1.043265431814092921e+02,3.191672165317441312e+01,1.023201286435411674e+02,6.836224082883710196e+01,3.071147476063601189e+01,1.038574294937285458e+02,1.984259303340330973e+02,3.674039541401158004e+01,1.536946648389251209e+02,5.939634728431911981e+00,1.537470885366780067e+02,1.929258075459387101e+02,7.927255445982213189e+01,4.717207184542113652e+01,4.207516068692763866e+01,1.368080084877061324e+02,2.133152423527727422e+02,2.539873995876478148e+02,1.796087195334237379e+02,1.133177184727619746e+00,1.178466430886615655e+02,1.781219018399729066e+02,1.115936594661367423e+02,8.946169403716753266e+01,2.251988157299129796e+02,1.011876126077334348e+01,2.669668174640290772e+02,7.872961206318639427e+01,1.872311652865235843e+01,9.251028770688462544e+01,1.357049181393605579e+02,2.001158323640145227e+02,3.057574304136851993e+02,7.958905367265552400e+01,1.842516496542820335e+02,7.120698348663479749e+01,1.341245141817246456e+01,6.335481426875244892e+01,7.913638557663807660e+01,1.260246212080370221e+01,1.076864128119078323e+01,2.589391915338288186e+02,3.841108877994793147e+02,2.025882772743404701e+02,4.723501150322505993e+01,1.557669122733926486e+02,1.197064712129026844e+02,1.234884344348771066e+02,3.057782182969355134e+01,1.677010563390217328e+02,1.062273556748145467e+02,1.172447365993840833e+02,1.161052049151939514e+02,1.435243524218206090e+01,1.136249985706690637e+02,1.675444269096476830e+02,5.276888354672136217e+01,8.771948082530849788e+00,3.026457553145439192e+02,1.086262679580365074e+02,4.345403630607663814e+01,1.976462795153370644e+00,1.324781635026384663e+02,1.637203310196858581e+02,6.693383778351174840e+01,4.665561160849454581e+01,1.370746160284951713e+02,4.178314504169933485e+01,4.425758514788719111e+01,3.205107721032294421e+01,1.222212753724681633e+01,1.122025818060758295e+00,6.339923079465491895e+01,1.896519864584639663e+02,2.159170572087100766e+02,6.934560277715251075e+00,2.819452025889145261e+02,3.206742789232493607e+01,1.925512232437517639e+02,3.380796376079035213e+02,4.558149343692361555e+01,3.848817629281030150e+01,1.645230875367150603e+01,7.579412309315598861e+01,3.007672308000195471e+02,1.532422170248448481e+02,2.217816266025945708e+02,1.898349269970646347e+00,1.275944741922432826e+02,2.207156938364781524e+02,7.331477557710252313e+01,4.702625287542903720e+01,6.400907205233230002e+01,2.311448982071592866e+02,4.927309785969632827e+01,2.412282475055263546e+02,1.235791568803035858e+02,1.118598826486927464e+02,8.351045659751021333e+01,2.779965817632449987e+00,4.475714499743688890e+01,1.276537709315850400e+01,1.577839073380690422e+02,1.557678237215186243e+02,6.528196657824126703e+01,9.030232760079661603e+01,1.192360886865937459e+02,6.578688621486841726e+01,2.156389220705838738e+02,1.988250015534804334e+02,4.035191582988733217e+01,1.949042857952295549e+02,4.489508820267720779e+01,1.744005023373862002e+02,1.251255049384316607e+02,2.550426336750723806e+02,1.756415899010394526e+02,2.236629717488472409e+02,4.523891065458088434e+01,2.834603465988197968e+01,6.665189560252174772e+01,1.472333554288111372e+02,2.876452012182451199e+02,1.601212519260187435e+02,2.246881586347157906e+02,8.709979702352758579e+01,7.745216760455485883e+01,6.895987601184172888e+01,6.717359327374973077e+01,1.745123252538247698e+02,2.571727654128787321e+02,2.754359846329883510e+01,5.804849312289726271e+01,1.280532794381714439e+02,4.307143937088276431e+01,1.061770143426916064e+02,1.543622189468884471e+02,1.424791844167586703e+02,1.667876271282252958e+02,9.887772795527267533e+01,1.212951490741705953e+02,6.331074311170542046e+01,8.522574870182227258e+00,9.577978840010273132e+01,5.234836488089616751e+02,1.420547320742550994e+02,2.529574027107082301e+01,2.702015485480906065e+01,6.104062038049890049e+01,1.277101820703547652e+01,6.325459244766894251e+00,4.745393999658397632e+01,6.264700514480914251e+01,2.011282311816156891e+02,8.033178350463384021e+00,2.486822490479596226e+01,1.299648054867646181e+02,6.164070354083569470e+01,1.306158733020587874e+02,5.051348394488630600e-02,5.133299514210040115e+01,1.465749574463781073e+02,1.686693205590284776e+02,3.108615492772230127e+01,1.093193535840562305e+02,2.365990162865103841e+01,1.653165377851184132e+02,4.624332789405294619e+01,2.372760793364293193e+02,1.653866344428941773e+02,3.520185852320474318e+00,3.069715182927550359e+02,1.417428864355560165e+02,4.743411162690649263e+01,7.078206334974952085e+01,1.300822358395466267e+02,2.551769438473407092e+01,9.705442783147684338e+01,1.906788988320649594e+02,1.074427982146596605e+02,1.454778335542945911e+02,2.681546262349484664e+02,1.191481315502513070e+02,4.070375176826156149e+01,8.507597906113257835e+00,5.373981892280069950e+00,2.608170994067695503e+01,2.895132779905168263e+01,7.816060127987999095e+00,2.640569313953440655e+02,1.187804714668386765e+02,8.752835807699442228e+01,3.949189393082838961e+01,1.029373742624655961e+02,6.038464652824736589e+01,1.817839219166703799e+02,5.079267855438534873e+00,7.936807911537046323e+01,2.480012937964179542e+01,4.838166769665789246e+01,1.416866000282189759e+02,1.072366763981352591e+02,3.163617443710023167e+02,8.695813016827686681e+01,2.655619193880482598e+01,1.796830751654284484e+02,1.073316026310006066e+02,7.543203231854532476e+01,9.723095051724845916e+01,7.083708095666013094e+01,1.389016423470979760e+02,8.282273987663982950e+01,1.657400703157538047e+01,8.256327373651471291e+00,2.392636676547887475e+01,1.154841846022218306e+02,1.912361813232720635e+02,4.767458365140915788e+01,1.391891234139775513e+01,1.980433846261232489e+01,1.370812169805532221e+02,4.780124134062275942e+01,1.780721462015537782e+02,2.675278971985946086e+01,1.185906420257993119e+02,1.104181532700867479e+02,2.127859712393295055e+01,4.253702658538622359e+02,1.261698154125178633e+02,4.958642560673880695e+01,4.482625978973362635e+01,4.333615568880131974e+01,3.712449961091852515e+02,1.532609750283546930e+02,7.634991151406857135e+00,9.058100290294139256e+01,2.919034401609805940e+01,6.475399164333887825e+01,7.281278592273433325e+00,4.304662624572977734e+02,5.677588156241545114e+00,5.298718502156845744e+01,1.075878097107236613e+02,2.395689917831430871e-01,8.199576451276277567e+01,1.059036952285786981e+01,1.285343862034225708e+02,3.014263409231573121e+01,8.685639956414149765e+01,1.940466565664850123e+02,1.885724526008839632e+02,1.579408109686903856e+02,1.218667041366812782e+02,3.823616224597219571e+01,2.745379454311724743e+01,7.820065025811368287e+01,4.196924773261619066e+02,3.223603004603440780e+01,4.022206730835349475e+01,3.266612641874964851e+01,1.853962074498663126e+00,2.048203417963703714e+02,2.579735187839791024e+02,1.407139938110143191e+02,1.446672379391580137e+02,8.781655729389096621e+01,2.240094812121655821e+01,4.109878503154265950e+00,1.563443706137844629e+02,1.185321253384784086e+02,3.116778600697744537e+02,2.770737420988203894e+02,1.042195239447506161e+01,9.887428337672281486e+01,6.029081055067905481e+01,1.096895799192333101e+02,3.190555479652735471e+01,2.054891474786341803e+02,2.623704455016651238e+01,1.232174525196414692e+02,2.549927676152213678e+02,2.628788833445593696e+02,2.302736269875461801e+02,2.410841336070569696e+01,2.443380777568910389e+02,3.622079273766735241e+02,2.537298831040632763e+02,6.366089948809289467e+00,2.932376570646031837e+02,1.051959831463013018e+01,1.129008523213730371e+02,4.928129421851793524e+01,5.454625363129680160e+00,6.901087951594757186e+00,4.406867708750012724e+01,1.272785269901927130e+01,3.673267489625451958e+02,2.701666160729666899e+02,4.085883331972102610e+02,3.378107206254343851e+02,2.423719758492371170e+02,2.555967434066906208e+02,7.700986179496665329e+01,2.938837755288079165e+02,8.388792534104534582e+01,3.003656672228175353e+02,2.577098699026191184e+02,2.116253287417407876e+02,8.295139131086942541e+01,1.483487727207762248e+02,6.007408696368940326e+01,1.468110234095528277e+01,5.002449215606074517e+01,1.435920292025295737e+02,3.001187390773899892e+02,1.000556396316235350e+02,1.344846234952374857e+02,3.296265941409509281e+01,3.860585267542113002e+02,2.647630865586102686e+02,7.309734011877034732e+01,3.899033814103358964e+01,5.021407195726418138e+01,4.173963513499180777e+01,3.359350101347968121e+01,1.140784189328458069e+02,1.465062191701850054e+02,1.391208441975945505e+02,1.502275116480579129e+02,2.827977260863576703e+01,3.718911607231203220e+01,4.681187876863078401e+01,8.171474817752685738e+01,9.435426667970705950e+00,2.687509070967859657e+02,5.070135589011996124e+00,6.380106793140385690e+01,1.583122947905564892e+01,3.020728621637416822e+01,1.096920397694354854e+01,3.169381309609079267e+01,7.283338606787721403e+01,1.948814179126589252e+01,3.820544399244112554e+01,5.316599366552883765e+01,1.252724659101579761e+02,1.363113018939570793e+02,2.485250229277108076e+02,1.895328316996291278e+02,1.939599157139301511e+01,2.546497765700075604e+02,6.571450432540744657e+01,1.555615975415801984e+02,6.637998752499774469e+01,1.243195268145684622e+02,1.671019821773885639e+01,2.724321679015031350e+02,4.173105605782325966e+01,9.841173673252745857e+01,6.819646509641630416e+01,7.135404683339942267e+00,5.195896614190189666e+02,1.915487647877787651e+02,9.735127877018598497e+01,3.023836040727852605e+02,5.034289721986844057e+01,3.655315170330404584e+01,1.919486700098843590e-01,3.570296366920963038e+01,3.102601623404826015e+01,4.692904673010935568e+01,4.970927016030976375e+01,2.911769283989871724e+02,6.195934341967045178e+00,9.382889383616610957e+00,1.188763181644916926e+02,9.579942694049515239e+01,4.469841900170837334e+01,1.164434467116454641e+02,1.109978830296858554e+01,2.934502448604263236e+01,9.967542853760606647e+01,4.603916262057921216e+01,2.215506108171911421e+02,4.843798921881478492e+01,1.127854985980006290e+02,9.907938135963046022e+01,7.746089834614431879e+01,6.991818346056129485e+01,1.524159436280708917e+02,7.447835457752747246e+00,8.887900072437248866e+01,4.059789607557087265e+02,2.297315623093478507e+02,1.035445031069735791e+02,4.135367830348738494e+01,4.066614932204559096e+01,2.015737256130504704e+02,1.173819053606881511e+02,2.751821315725482009e+02,1.052899318665549941e+02,3.612844574695223798e+01,7.264503781930811499e+01,1.016015610040024768e+02,1.467012350575257962e+01,2.329683349202548754e+02,1.008265128354004680e+01,1.640714906880265289e+02,1.572190294119454563e+02,9.995557208786935632e+01,3.604736694335285279e+02,6.261763604393954807e+01,1.263644614809351339e+02,1.522119325986557925e+01,5.751733608912579854e+01,9.107741524534596067e+00,4.174378986221227450e+01,3.773161603883141879e+01,1.534822336526211757e+02,1.052335077648105681e+02,1.701771547944983638e+02,2.547601253547868438e+01,4.466404383869942762e+01,7.818210147106573693e+00,4.993954612826720485e+00,1.111312580955393656e+02,3.805317300073798492e+01,1.221187834856086027e+02,1.667977276272969505e+02,2.257911063594455570e+01,8.402656932158789971e+01,9.509627166523002018e+01,3.520823426329214811e+01,1.084314995448420547e+02,7.514929957998008092e+01,2.510122448627820120e+02,1.303765352700309847e+02,3.634754588435515643e+01,2.732144117116764050e+02,6.277220453592236016e-01,2.417496052160935278e+02,2.122593692631991402e+01,4.465661028746102943e+02,8.149967866492242763e+01,1.994453544194666605e+01,1.823620320017591041e+02,1.223881729377889229e+02,8.500637830453550592e+00,7.669497351906811389e+01,1.928199456095736863e+01,6.256091760669335144e+01,1.064767118361223055e+02,4.238112572840871728e+00,4.746381220666032874e+01,5.370265076174431051e+00,2.491426709592176891e+01,1.215129484566317331e+02,4.444121273979886411e+01,1.567808945278194983e+02,4.429177944104787201e+01,5.955054171965051069e+01,2.306328732721874530e+02,7.143083432680468547e+01,1.723336619043393796e+02,1.935217884629591367e+02,3.251415031814421752e+01,2.184106935518038028e+01,1.549960933364988307e+02,2.561302586012112101e+02,1.376062962613366381e+01,2.289662470817410451e+02,1.510728930991391650e+01,1.368302392412205526e+00,1.136960004461423352e+02,1.649824511065678507e+02,3.555488951117249599e+02,2.415293727759209119e+01,9.785272729362883837e+00,7.904535670096477418e+01,3.850120161507825145e+01,2.004583776260506767e+00,6.522688484352011073e+01,4.538629500710408706e+02,1.827925090488804756e+02,7.984334445433381688e+01,4.288277846876248134e+01,1.025896962582989573e+02,5.950497664517070007e+01,8.779797796118505460e+01,1.438442838149707654e+02,1.822135847613502904e+02,4.368921854770360369e+01,2.774716996465559191e+02,3.748938148027634298e+01,2.079201913273780633e+02,1.976684046658157285e+02,2.996320234063728662e+02,1.367540258471749155e+02,6.927394803371056753e+01,1.004488693891958917e+02,2.151145635129819311e+02,1.871521168896869014e+01,2.970954439883448117e+01,1.569882237731917769e+02,2.051091624397182329e+02,8.026870620661297551e+01,1.663217986579584817e+02,1.223294903760466781e+02,2.836774859464384591e+01,1.043378008329029996e+02,2.498185147316673067e+02,1.049309284418774126e+02,9.847980143343268367e+01,8.609013659578367594e+01,3.986817340660293780e+02,4.784243936166109279e+01,1.203637530631399812e+02,5.928131814264339283e+01,1.893607238005085662e+02,9.854820068331903826e+01,1.390756941767915293e+02,4.383884058151932273e+00,4.722481192393791360e+01,1.682826500683103887e+01,3.210157648001991504e+01,7.894244164331149705e+01,3.842137748341276904e+01,7.448626095784086942e+01,3.988114725188682996e+01,1.619923132212571488e+02,9.810568300810642484e+01,1.326944400746783685e+02,3.560666476437069718e+02,7.031533084085913821e+00,2.045137234350824826e+02,2.210528916677337747e+02,4.980361728744952643e+01,1.520289299119195903e+02,7.097664921917569814e+01,6.454465301357365092e+01,1.006267958369135300e+02,1.145826074431857649e+02,5.906452779058853686e+00,2.029339967220752783e+02,4.649354729536458422e+02,2.376544424675304583e+02,3.308107307941326525e+01,9.467686149980578136e+01,1.931425728419777670e+02,3.778939208705509714e+02,4.909678623582581025e+01,2.163152910482114351e+02,4.185848779895813010e+01,7.859423698609860764e+01,8.917036418156261846e+01,6.150131787591148935e+01,5.530497056512413856e+00,1.753533810864153395e+02,1.350136597271631445e+02,1.526673641489383115e+01,2.126694513315344466e+02,2.925716109754810077e+02,1.341634159974541518e+01,1.842982104688525453e+02,4.837996914033879658e-01,8.281356605888949218e+01,1.650206188045227975e+02,1.256562619811390391e+02,9.955015234513737710e+01,8.031788324088905995e+01,4.964252995540606861e+01,1.539606635725597528e+01,4.162446038231027501e+01,2.312385463448066147e+01,3.089108692134220746e+02,2.785795699400092076e+02,8.423997643014756420e+01,1.062951319485266133e+01,1.239781876913710512e+01,7.971739233578047390e+01,1.186684215095119157e+02,1.107332897546144324e+01,1.439098852374397950e+02,4.636310239555697166e+01,2.194715841614886358e+02,1.299059417767166451e+02,1.411288467181394957e+01,1.733286469873018376e+01,8.452410312899915823e+01,2.452616436614863460e+02,8.676147929499080647e+01,6.436155513239278037e+01,8.677149641171126859e+01,3.391403381626805214e+01,2.598392658463813518e+02,1.242379528002148277e+02,1.862750292961035825e+02,5.305083891862281575e+01,3.120782918414949947e+01,1.177268603284808677e+02,1.429674783383927128e+01,1.883827259908642588e+02,2.138188627741561447e+02,2.015857621115984273e+02,2.266933231116749710e+02,1.400575788634307628e+02,1.827090501839902288e+02,6.786847614105640503e+01,4.437727737006810713e+01,5.153398536924208351e+00,2.243528698346244710e+02,9.800327934109585470e+00,8.787341658052910986e+01,1.750826257317862940e+02,8.010025389761655390e+01,8.268582690571973615e+01,1.286827215676882759e+02,4.854235113562512538e+01,1.154841610943549455e+02,2.935997586997099518e+01,6.235449572072811009e+01,1.010946289909951048e+02,1.042450359063622614e+02,1.280972301214749791e+02,5.181236724615558131e+01,8.062376648967031656e+01,8.577460737746106645e+01,2.181728413624048812e+01,1.296982123705242600e+02,4.824426684489004913e+01,9.181168056651722509e+01,9.645959761447889136e+00,1.994427563110096102e+01,3.105270234557330014e+02,1.964767284226777733e+01,1.854414642515398981e+01,2.148703567402796182e+02,7.579619905001868574e+01,1.387139843051814303e+01,4.879214900359186657e+01,2.470789964895375306e+02,8.964218069271439049e+01,1.047422158229822315e+02,7.988402784964528713e+00,1.146753944454687826e+02,2.439175347487219483e+02,1.898114308053382331e+02,4.104811272551835941e+02,7.347390882296694770e+01,7.586989235346828764e+01,1.002682992973914651e+02,2.062660939835302827e+02,7.880838858403366487e+01,1.165584411764618125e+02,2.846301469266978188e+02,1.878587815938676329e+02,1.135862745384767578e+02,2.041720353371289320e+02,1.444178131887553320e+02,7.126712637783684556e+01,1.269372358683551454e+02,1.103416232739269418e+02,1.784268980585576614e+01,1.151824946965284191e+01,1.044407335660810077e+02,8.110586065659004973e+00,1.309246262038991233e+02,1.718431904374409953e+02,2.415151420892705758e+01,3.702762234923623552e+00,5.314492304888382535e+01,2.100269002009517010e+02,5.773685036053230846e+01,4.716529457064479658e+01,2.298288438089745256e+01,3.264478019047437840e+01,6.831530610603502396e+01,2.365653048076989151e+01,5.607556410885806741e+01,9.086513694872111557e+01,9.300606931933288024e+01,2.089064820984467872e+02,8.615718370153287253e+01,1.880070463485526204e+02,1.309376490143560829e+02,1.310959722081468897e+02,9.081582819070290213e+01,2.414479232405785183e+02,4.895224765295906622e+01,1.089474962389294745e+02,1.483142069083098136e+01,2.945174879987643521e+02,3.533147678549592285e+01,1.393129170479978711e+02,3.960281061935760505e+01,1.416120382058388145e+02,1.022099473767488007e+02,1.871595249914377916e+02,1.123426724973141546e+02,1.343461893955441440e+02,3.326464008544949991e+01,1.107673139850761990e+00,6.227148024609996213e+01,1.361974983937291483e+02,2.153069926376572312e+02,3.752717332161989248e+02,8.118689356314882843e+01,1.486092410673301174e+02,4.755744962345436733e+01,6.679130537100297715e+01,8.572756977983713966e+01,8.785101698475797605e+01,7.740201612744826321e+00,1.470526207309630138e+02,2.469195131156107266e+02,6.847791432844728376e+01,8.678688615898010994e+00,1.184487031494327347e+01,3.597136045398250559e+01,1.004676481098206722e+02,2.452666247264275157e+01,1.626291856083034588e+02,1.067536539177373243e+02,2.567380837297984044e+02,1.073471282582619182e+02,8.129233813124704966e+01,1.228085725772007919e-01,5.255707722887822086e+01,1.305880653634691839e+02,2.600675055452580153e+01,7.557710265292259066e+01,2.310247326552029961e+02,1.967071686247868456e+01,2.023113678744041977e+02,1.367142696581439232e+01,1.991846641768754296e+02,1.360678269974409105e+01,5.591757317151652273e+01,2.283509622622788626e+01,4.115414040205024548e+02,7.569229741662164201e+01,1.794649498454618097e+01,1.844656856782645207e+02
2.256725202672609498e+02,1.229939840349886992e+02,4.481382949121361037e+00,2.577711982808449775e+01,1.282097237530656457e+02,8.152000207151763433e+00,2.076383183332486393e+00,3.817770172708829080e+01,8.836399292780588155e+01,4.236528805228789452e+01,7.550447535639234786e+01,2.002009533906379772e+02,1.165746488777231775e+02,2.155012461758764175e+01,5.714276709663821840e+00,2.182096896826323373e+01,7.201564114264505179e+01,2.428543724181754015e+01,1.695018177037923479e+01,2.276297376812710027e+01,9.106783643600910239e+01,1.439022136057944010e+02,1.040264348530642309e+02,2.412131893898434143e+01,8.434613045554220534e+00,7.569058846003063934e+01,1.732355264319438870e+00,2.682991675712155910e+01,3.936931134542012245e+01,5.942551398887588476e+01,7.818678455484069900e+01,1.237189195955775887e+02,1.408879396866236959e+02,3.280418749523321509e+01,5.629213340791795694e+00,8.697537399301983996e+00,3.070454842032244258e+01,3.346925305085945723e+01,1.621488815587271093e+00,6.124351570111038257e+01,3.751633676793148453e+01,2.197337659139666854e+01,1.359365085435241305e+01,9.069822190180475729e+01,6.761539920919540236e+01,5.873080573629628987e+01,5.245141924042817294e+01,1.295152245982162498e+01,3.971229126496907469e+01,2.209102181305678130e+02,3.373407054755182433e+00,3.597733790610822524e+01,1.889427392732756417e+01,3.245283663311202815e+01,2.567318694157837644e+00,7.344089622644912829e+00,4.878913046741667614e+01,6.834513715730807348e+01,3.809024736889888185e+00,6.217781602237850080e+01,1.744789008270408504e+00,9.044245317361662728e+01,4.606104254080745619e+01,2.239288786705931145e+01,2.380327599029222085e+00,3.704974660007323450e+00,1.710730284096787202e+01,3.787821663352855239e+01,9.029169529875231603e+01,2.052741556413110047e+01,5.701825919359706774e+01,1.988543885311832184e+02,8.062918919309366572e+01,7.144550173813810545e+01,2.205271469160528497e+01,5.316086381442708841e+01,2.298366839040376775e+01,5.592497129318971361e+01,4.133207308793506485e+01,5.100365756884863089e+01,1.368231737788501690e+01,1.022276383861105984e+02,5.868658661958478007e+01,2.041384506849085767e+01,5.848943576370898967e+01,7.254511489751652498e+00,2.074611282871739704e+01,2.425159518096529609e+01,2.273977618114394161e+01,6.914853689541388349e+00,3.595877705194239837e+01,2.592646244253249321e+01,9.413962924504620844e+01,8.795798944437105860e+00,2.643452174016189371e+00,4.341255276785211237e+01,6.888797578885990447e+01,3.721388175906972862e+01,9.668710530481662957e+00,1.533090474246856738e+00,6.497736704595320134e+01,4.397255500676528328e+01,7.929912921722838348e+00,3.830521448885211844e-01,4.510792571757185243e+01,8.794767852697312094e+00,2.446179517199978548e+01,8.996183890317246323e+01,4.850491275681508618e+00,3.715021851316843993e+01,7.207739338532184092e+01,8.951034168731879959e+00,2.792919857833440034e+01,1.248612672337753935e+02,5.454471560501509231e+01,2.172627360541370933e+01,8.256563907554904347e+01,1.389648508823588884e+02,5.914165324035310078e+01,5.272248945992749469e+01,2.307692191979955787e+00,1.557509381571571794e+02,2.244068429024993350e+01,1.152850365815840838e+01,2.733633971921161674e+02,2.923922302960309594e+01,2.276514659777362581e+01,2.024897117798509782e+01,5.503524170479082755e+01,1.348556408660932675e+02,2.596267655111317740e+00,7.773080124473557895e+00,4.957348181538736043e+01,2.708658545473832646e+01,3.372801201266026450e+00,1.536221835451346749e+02,2.953959606762129297e+01,2.222574146722441313e+01,8.324922276326296000e+00,8.253391702693136267e+01,1.844312153749055128e+01,3.717063710689372869e+01,3.560179852088133856e+01,1.852424143927735045e+01,6.951910567561575327e+00,5.663764943154873066e+01,3.600549856609029931e+00,1.364951250347941958e+00,5.178725478256263948e+00,1.506421057580812572e+01,7.943073358635723480e+01,5.893930604868642575e+01,1.288695087885216672e+01,2.194613160058095858e+01,2.650103373242106741e+01,3.358179881926016019e+00,3.352879237243354282e+01,1.423916764543708346e+01,4.613979080453881210e+01,6.143231633534496083e+00,1.968960205614294168e+01,1.414589299551605395e+00,4.582260471752820585e+00,1.847148026950665667e+02,2.964599563535932703e+01,1.364002973658816664e+01,3.169736227213515534e+01,1.027508172326747484e+02,2.974115913899959995e+00,2.812468742205194516e+01,2.624948491358071934e+01,4.015021615834146473e+01,1.025331742773772703e+00,4.923233307515224033e-01,3.195254353813676929e+01,7.660859118276887614e+01,2.733031416036091343e+01,8.730974357786253393e+01,6.082497383531694446e+00,3.493197470447149300e+01,1.395842899335074350e+01,1.368384688562018709e+02,2.018265136027665463e+01,1.565196290377377686e+01,1.010633372700966781e+01,1.416787259885307115e+01,3.414785680296296988e+01,4.737656574896960393e+01,1.046608259421876568e+02,7.995778046174061160e+01,5.599714325351769872e+01,3.946118444418017290e+00,2.212818699512623866e+01,3.403243620221437737e+01,1.221782370807108942e+00,5.694093371651120172e+00,1.386432171231888049e+02,5.283464626773656647e+01,4.755017112408329893e+01,8.860108348677778167e+01,2.801579494144323945e+01,7.442341721887898132e+01,8.727685760323034003e+00,1.931827510793830172e+01,4.433246714237886743e-01,2.926632375707036715e+01,8.083986874264236633e+01,1.097825636989715248e+00,1.744526626776746525e+01,5.403940181981693058e+01,4.075286904795322585e+01,1.005527920824234833e+01,1.859367236769902121e+00,7.713010634202839810e+01,1.926905143576090751e+01,3.357603404364768007e+00,2.728750391568415168e+01,6.291137661230141020e+01,3.646215436752996908e+01,4.323970556514814767e+00,7.534378554979142883e+00,1.971416961317594385e+01,5.735021483666238140e+01,1.016207425958082666e+01,1.255735031972151283e+01,1.132334697299054049e+01,7.781953068441978871e+01,7.921711566232537471e+00,3.816318692867088203e+01,4.510912356660214328e+01,1.836459186014232330e+02,2.061693474902935108e+01,4.698846294946115876e+01,6.459128994444866123e+01,1.354320227802409349e+01,4.717128445306605755e+01,5.299639721898834210e+01,3.083033934781003538e+01,3.565011687212473190e-01,2.005988523024324977e+01,8.345563087678950609e+00,3.481630817733005046e+01,4.883315992443761644e+01,6.737608178237584866e+01,4.635865102413115579e+01,3.928012476503111472e+00,2.280127485969913081e+01,1.468927328358468110e+01,3.969816165959378651e+01,1.409277092117257624e+01,8.248928427311027178e+01,1.245950742990835458e+01,1.202958594035803186e+00,2.057039359192826851e+02,6.715162848648382976e+01,2.286066835392233898e+01,9.046464165692070480e+01,7.981474525219541150e+00,5.343462720732984117e+00,5.245504003240774438e+01,2.745028364440793780e+02,9.143655724286746533e+01,8.539359649016408582e+01,6.310269618636930922e+00,9.794055368752163204e+00,2.274428504002599993e+01,6.717440263783966081e+00,7.032407194473977086e+01,1.106282483501927771e+01,2.141687976352322309e+01,4.597923775724195394e+01,5.249521867521786334e+01,1.307307227852595899e+00,8.623577678550564940e+01,8.684392024015171074e+00,8.740051356825436102e+00,1.331607257654171583e+01,8.314888791521725864e+01,9.417152565268196440e+01,5.153991224551958084e+01,7.214946742725531159e+00,1.099462693762835386e+02,1.057738311829993449e+01,9.465266512066278892e+00,6.280430528563953629e+01,1.761922009963631979e+02,1.474670988505739366e+01,9.661235009073811497e+00,4.936206292643134041e+00,2.180619131957502788e+01,4.658145970602085129e+01,1.245664736283785601e+02,3.344832049899715543e+01,3.760345226743244496e+01,1.376309304811772272e+00,1.092198840085316114e+01,6.099401884413445174e+01,4.173441503553822152e+00,9.757325830252825938e+01,6.628403950539850653e-01,5.900479771310635613e+01,1.265887935812767893e+02,2.526863719898426552e+02,1.257929863217196953e+02,1.615976356982305129e+00,1.285513150399046189e+01,1.422400382793685765e+02,4.944738445397566018e+00,7.416809821275533920e+01,5.079821871879733663e+00,1.043421465564559014e+02,2.276837046942245379e+01,1.561795711643458651e+00,5.458053131377837275e+01,1.595422983473996403e+01,5.122099851664546577e+01,2.573334955676982361e+01,2.741297269464996944e+01,1.222679470925078071e+01,1.185377419242542096e+01,8.696047359978977909e+01,5.960011540274593500e+01,2.659662815670789016e+01,1.913123244910548948e+01,1.291545843251751924e+00,2.679480255772088526e+01,2.490546544005421836e+01,2.500879871496542535e+02,1.180914074770118027e+01,2.393750078094172125e+02,4.548520579804453945e+01,1.069973461635535195e+00,6.992846862042267020e+00,3.507414018095705899e+01,4.538971079688395349e+01,3.143305035236551959e+01,1.155455354409261126e+01,2.773679112142609071e+01,1.341335658032883948e+01,6.725492829231627923e+01,4.487218798358183136e+01,2.003237230977517314e+01,1.982042374482603364e+01,1.755362775265186670e+01,2.546546226103656352e+01,1.886161528145389710e+01,2.406508717020627230e+01,3.519740656529229028e+01,4.176172751945332884e+00,1.547286220746290439e+02,6.473109230277345638e+00,8.156183078873880277e+01,1.001870904930875206e+01,6.632824814525689838e+00,2.975307980934463004e+01,4.147149798390066877e+01,3.609846354635961774e+01,4.463529835342146157e+01,1.310250353097276559e+02,2.789467790742599504e+02,1.351582220334913416e+02,7.164346493198586963e+00,1.544886245354407777e+02,1.382068889834853280e+02,6.444390582217069152e+01,3.982688199115728622e+01,7.336684063628428065e-01,8.632346188067303672e+01,1.440705632764212218e+01,4.972645554020358105e+01,2.180731520605937490e+01,4.320570125134877770e+01,1.238947325623878903e+01,3.063051835855724292e+01,3.270970775848822232e+00,4.113896542838147496e+01,2.378377650154657985e+01,1.034404419316173573e+02,1.392168120244152441e+01,4.161699019919324627e+01,1.794327143557851301e+01,6.031623042983067506e+00,4.422935728939599187e+01,6.026254449332042640e+01,2.803882922722341320e+01,4.244745203751046603e+01,1.046122708401929735e+01,4.660033217054483856e+01,2.943380969984458773e+01,8.355365388209207822e+01,7.630346826425524398e+01,8.387017511795034075e-01,1.947430029222271930e+00,6.071107088159631848e-01,4.255379226040479779e+01,5.670825269001071689e+01,5.507531730796608826e+01,2.769216093550060620e+01,7.019253064285537391e+01,2.963742812356440770e-01,8.386120956118473657e+01,7.383548289373464968e+01,7.032608761998778846e+01,9.369262550911034992e+00,1.093280149915374295e+02,1.198213737024672021e+01,2.330313829622210520e+01,2.820958870373275573e+01,1.156594173444388041e+01,2.259634435670578512e+01,6.486052364895040334e+00,6.132347209062438509e+01,3.026166685857485916e+01,2.314651058306335685e+01,1.124668510955882050e+00,3.276685549557588217e+01,6.524201008325797524e+00,6.601208484234325624e+01,2.318062060300368898e+01,5.612482452725476634e+00,2.949444186512444332e+01,5.632915700200929798e+00,1.142386059649948926e+01,2.125816736485708986e+02,4.709037021127213052e+01,8.769095589213248942e+00,1.966339468716564198e+01,9.866150015917211746e+00,5.717353125569576378e+01,4.302110660422277277e+01,4.261313672716800482e+01,6.965703805941182658e+00,1.029781785110917127e+02,4.815388476761832237e+01,2.886251608722309356e+02,1.129904229299609000e+02,4.495894224458751154e+01,2.133486095458518506e+01,3.945690038585191672e+01,2.535767454645842278e+01,2.344175684672566362e+01,9.101812650627151413e+01,4.824522183198246950e+01,5.022470384034235735e+01,4.825220796461636041e+01,2.464228574814710271e+01,6.983668440943965550e+01,5.325478710669300852e+01,1.043303776701306020e+02,9.231638706147275997e+00,2.636947992799645490e+01,1.188997012024744571e+01,8.624313334915983376e+01,9.292107163269947989e+01,1.248816475539009430e+00,3.508143709526241594e+01,7.675965544512744998e+01,1.132174454635888772e+01,8.995259276226211398e+01,6.569225982778629458e+00,2.582377346244091765e+00,3.661579190082569113e+01,8.004253769530909324e+01,6.211444390755155354e+01,2.059591532066932906e+00,1.222295443305418416e+02,1.854979290440123307e+01,4.530711906065704397e+00,1.805493133148599583e+01,3.542230717063070955e+01,4.035945503588067140e+01,6.331673283719510437e+01,7.103501723744761875e+01,1.971596176487728869e+01,6.575642725926017818e+01,8.368367861063120472e+01,6.034395518710859108e+00,4.445229597150700585e+01,7.404655402247784934e+01,6.909372894853927916e-01,7.981674963306718773e+00,7.153731494264229696e+01,1.347542067302751434e+01,1.081365570142285470e+01,1.560861194915592831e+00,4.303581289837858748e+01,5.391205947336857918e+01,1.354723165094988957e+01,1.477333814417250153e+02,2.354283579843027141e+01,4.079942175561382101e+01,9.969223332172200358e+00,1.593713543180560244e+00,1.247895704642504278e+01,5.854176875050060680e+00,4.384301623919285618e+01,1.112102622584947476e+01,2.334295589452985098e+01,4.267748012715846784e+01,9.298047189545657432e+01,6.631425883221787387e+01,1.183467631143704146e+01,1.148990742534752485e+02,6.201943194086032562e+00,2.453233185191990344e+02,1.023939550620896597e+02,1.596522579664303976e+01,1.772367798278984026e+02,2.319051717429308113e+01,7.302616295815692382e+00,5.246500211281258430e+01,4.001957265791986629e+01,8.915945077533578456e+01,3.929910166259545434e+01,1.106104514769678815e+02,1.748325179692135691e+02,2.232957556076948080e+01,1.256859798519336522e+02,2.384104992191866756e+01,1.468870214467397162e+01,1.892318961268774302e+01,3.221404637428278050e+01,1.117607599597587331e+01,2.497370501155302236e+01,6.764267731594733490e+00,1.316605939871649689e+01,1.549097244525685868e+00,2.336269573867180682e+01,2.784030483348388785e+01,1.548443816010911860e+02,1.380623333242578532e+01,8.161148235719267063e+00,1.171940631615237010e+02,7.848488301554449720e+01,7.384003615722276948e+01,9.601870892797207091e+01,5.484640564546862151e+01,1.857468648779004923e+02,4.347733820591189868e+01,8.723142294344643943e+00,1.837352028365422330e+00,8.099491479550992779e+01,4.146174134946340217e+01,8.819510338739789290e+00,1.486485128070661403e+02,6.400807096574511945e+01,6.716974234474471928e+01,3.922688371296871424e+01,2.146250939522849421e+01,1.263010126018824195e+02,5.435160138766624982e+01,1.231496630445256635e+01,6.673712972262222820e+01,6.359083981310617162e+01,1.344404863293215442e+02,2.869035842661662983e+01,1.115265819284975777e+02,1.613013502585918602e+01,3.898033560238778961e+01,4.847924164397646507e+00,7.815266735326521541e+01,4.095766762061311539e+01,3.458856690849704929e+00,8.063796289421757990e+01,2.099300143863260075e+02,3.603408651889758119e+01,9.825070365441426645e+00,7.369772162054063358e+01,5.130665410495820478e-01,7.850534435683493939e+01,2.684607770253495573e+01,2.225928626466844751e+00,5.636876507366947919e+01,3.245499424603104188e+01,5.393004267755593162e+01,3.379319684109632504e+01,8.898435024309695507e+01,3.879725084370739552e+01,6.655036018636990036e+01,1.144477611827573504e+01,1.305280237010123967e+00,2.576615753390797749e+02,5.791669806974659451e+01,5.796745500233370763e+01,7.216768794929766528e+00,8.734624896150249007e-02,5.132409878845709272e+01,9.415661661077681543e+00,4.721663553170036387e+00,2.073755250399490890e+01,2.210438845336798463e-01,1.305469070113570496e+01,1.638033572991940900e+02,7.227101112991007881e-01,1.228129754590334386e+02,1.647150255310754119e+01,1.302296053610917603e+00,5.372601669230802202e+01,4.583174664768968398e+01,1.773785748107512461e+01,1.011777057323934201e+02,4.217924865999180639e+01,4.537622362926975228e+01,8.918533504121930022e+00,9.763471869857488628e+01,4.354972249827482322e+00,7.534165795566571955e-01,6.853643756188297687e+01,7.482720366147766811e+00,1.035302138833964669e+01,7.338171231881162271e+01,3.534033340063444228e+01,3.371414524140767099e+01,4.018677379049132803e+00,2.196919964910461331e+01,3.768649454970570645e+01,3.632037394288396115e+00,1.209986835464477650e+01,5.189403435088997441e+01,2.956563641356464345e+01,4.321905921941120710e+01,1.127952465055932265e+02,5.979981627984644055e-01,1.671563320667790364e+01,4.887207261206882691e+01,3.177453418388534701e+01,4.576695640065714343e+01,1.066401780625482303e+02,5.394663613021933912e+01,2.651700799562330602e+01,5.367739251820441382e+01,7.982349943959610528e+01,1.959165804486321250e+01,1.407478888138331001e+02,2.591634031568276342e+01,5.488302336119087244e+00,9.497826568719361262e+00,4.137621183458029606e+01,2.798362402787408243e+01,5.750904164951035114e+01,1.968201433131740430e+01,2.930598153697346220e+01,3.480846865248427235e+01,3.332488133598243252e+01,4.826528363193530957e+00,2.925019183258896316e+00,1.466681098363278046e+01,1.776889694057709335e+01,1.866796592569917257e+00,1.262254284436007445e+01,9.648938776846928533e+01,3.119641976147586959e+01,3.685489355168787995e+01,1.225531805921664983e+02,7.122940042277993200e+01,9.373328603655205882e+01,3.536564509598199635e+01,1.432991240107599218e+01,1.250440806510399625e+02,1.875565909048575008e+01,2.018677942961330629e+00,6.491314577624402204e+01,2.735454448537493022e+01,4.562054304517530312e+01,3.974296941741321376e+01,1.279191660242425002e+02,1.224732608658382027e+01,1.118669734553847128e+01,2.860826842092374989e+01,1.339599896896532094e+01,1.334329165400942863e+01,4.008095427124563770e+01,7.434033746864239234e+00,2.492125629177352053e+01,3.038617511901419732e+01,1.178667564663524026e+01,1.003426686973211623e+01,4.085175910322677595e+01,5.280149141303735405e+01,3.101054436501756868e+02,5.397605185864532018e+01,4.951473424964444092e+00,1.150643813123297221e+01,6.366862322131086671e+01,1.928889014946473992e+02,1.272219361804931594e+02,3.810257722215517617e+01,5.953604688516335131e+01,6.550888983616664518e+01,1.277041322991004932e+02,4.602255908009404806e+01,5.672664449671916032e+01,5.541433334431538782e+01,9.170688563728928955e+01,1.541749467450974009e+01,1.673920517092490101e+01,9.938875565568102033e+00,1.166730672333459182e+02,4.100282412183510417e+00,3.402675759167281200e+01,3.148658631864794089e+01,4.318591136298221045e+01,4.268140370751131485e+01,5.325209892680840795e+01,6.219685073041168266e+01,1.678597286702624558e+01,3.616423407434957937e+00,2.134635725138400986e+01,1.258459978273549638e+02,7.988417180675716622e+01,2.262459487859962337e+01,1.907467996902138552e+01,9.792875268247495057e+01,6.050228231612306828e+00,9.387557355273884241e+01,7.022883473742050242e+00,1.968351501333207354e+00,6.906135895360769439e+00,3.339913677388825874e+01,5.277694580601529850e+00,1.078731112218400909e+02,3.218359165334572936e+01,3.404468345088940140e+01,2.418833183948450838e+01,1.253557245677141729e+01,7.136761294928702171e+01,1.200781982377205139e+02,6.219042893728196297e+00,1.372777045743838853e+00,2.403871629320087244e+00,2.281324469474513705e+01,4.568771915440132858e+01,1.125749329002900190e+01,1.502323197636055774e+01,8.197113156553863078e+00,3.822830969645135024e+00,4.588807947403591925e+01,7.817940745937315583e+00,7.450512478976952480e+01,9.944590494857625806e-01,5.700922269797769104e+01,9.708947665026083484e+01,8.079943477207470082e+00,3.600061494945502716e+01,2.520541242793118641e+01,8.746377423528050699e+00,8.620792315650149362e+01,8.451314614145529447e+01,3.810204067303659059e+01,1.829128561531025241e+02,4.159904424352819063e+01,9.430114720323190625e+01,6.879906887235704005e+01,2.545337329940917215e+01,8.818667393679787025e+00,8.546307924483993190e+01,1.885832043265363822e+01,8.968572597845208350e+01,8.846497141690362298e+01,8.007094298040568958e+01,4.469541912733737909e+00,5.928719924102629335e+01,4.529328317497807888e+01,8.435767231942195110e+01,1.000219488236582954e+01,4.380970947635518797e+01,7.840094380467055757e+00,2.497135165914696309e+00,1.613158924402032213e+01,8.256929543374900504e+01,1.755022663513614134e+01,1.594138908472339800e-01,5.342789100813697445e+01,3.662780045290632724e+00,2.287312907011776630e+01,3.947471408963690198e+00,1.192027793718916939e+01,3.537128202637593688e+01,2.237037674330217740e+01,3.579074854431674169e+01,8.044369580565044586e+00,1.198950581353015643e+01,1.444928973302215809e+02,1.227830892590703797e+02,1.086895126970273111e+02,3.279162768664318151e+01,2.489534827749034491e+02,1.219187904958124022e+02,1.868587456479293394e+02,1.269513125542938248e+01,7.217852429950583826e+01,2.969638434632162571e+01,4.509402506686458167e+01,3.229668871258287766e+01,6.061777693220520291e+01,7.549700461408674457e+00,5.801816570656121286e+01,3.499950121405386483e+01,2.969276447263272800e+01,6.581733797984924195e+00,1.975008724763231882e+01,2.727277960112899535e+01,6.785815992373908090e-01,5.835859133902359730e+01,1.635919345092818133e+01,3.882838410290833053e+01,8.150206611322181161e+00,7.937682615924758522e+01,2.017073752708156587e+00,2.983397989187055899e+00,6.363558260591509530e+00,8.761147964005890287e+01,7.345912673410636273e+01,1.419071471761746928e+01,5.026694772678452949e+01,1.778278329416660197e+00,4.072738301766818836e+01,1.350491441243438828e+01,1.606408535442983876e+01,1.093163847899843510e+01,1.770625534673928669e+01,1.103417184944036222e+01,2.707743712965047322e+01,1.280023091222504945e+02,1.304704332347140223e+02,2.555342087680812213e+01,6.778968030677710033e+01,6.963748383360098160e+00,1.135658609954425202e+01,2.447613588579930166e+01,4.153474208599946138e+01,8.043837148367599355e+01,2.912655457898558709e+01,1.268074250248850632e+01,1.420732608357871385e+01,4.511403645021029085e+00,1.335432138967574067e+00,9.141013968011563406e+01,1.354236382185935099e+02,1.448166524799841284e+02,1.544344385560605382e+00,8.353062867041050765e+01,1.364510849917740813e+02,1.456731872763615776e+01,9.004290651200881257e+01,3.156270730618762741e+02,8.399680419841317303e+00,3.373006639683466545e+01,3.226353342484304676e+01,8.870483819040229889e+01,7.463102113742414190e+01,9.426679258920430016e+00,5.029968879442861152e+01,5.930301147413042706e+00,1.051232319444380359e+01,9.580690069808845521e+00,2.711593179436704304e+01,2.584454553914738550e+00,2.798521467236838589e+01,1.919978107920138655e+01,9.406864158858006419e+00,6.027546917675800842e+01,7.648714688741009127e+00,1.713853062573436148e+01,8.224556481426476751e+01,1.623808945082062394e+01,8.009844515052336078e+00,6.376014820246010117e+01,4.252845616838246201e+01,1.551842151303965878e+01,1.053161301654323410e+02,2.435567891175806210e+01,3.925108025795229594e+01,1.821241234567409961e+01,1.265951604267806374e+02,5.310403939326420186e+01,6.451224105167680989e+01,2.715023153959087310e+01,6.402900914457256931e+01,3.099759953979081573e+01,1.281168469891781747e+01,7.303946620409186608e+01,1.724580369550656300e+01,3.802786231944401862e+01,1.012308143950242680e+02,6.894591175375522596e+01,9.194951171716708416e+01,3.965809439767109268e+01,3.416397981276869444e+01,2.756875492773930603e+01,1.658553929814539458e+02,7.749948679015518849e+01,4.057398168342637668e+00,5.123934227380431849e+01,1.196286057122189561e+02,4.578846074662488519e+01,3.935708438441916002e+01,9.593928771571110303e+01,6.013010936947488716e+01,4.987166805322940633e+01,6.792434693169014714e+00,5.740474879646350281e+00,5.495660005725214603e+01,3.954683912593927886e+01,1.175637302147329599e+01,1.024564565447636966e+01,4.892362254117276166e+01,9.879189314308476355e+00,1.441384146960226360e+02,3.408034739961014736e+01,1.375509670942489926e+01,6.035547977394514874e+01,8.468830721579355014e+00,5.139933549067116303e+00,7.406074444849303440e+00,4.896770601513954269e+00,1.011237334106594865e+01,1.889745816834426861e+01,1.957830277088620363e+01,1.286510039728122763e+02,2.114892252995353328e+00,6.194150970225074992e+00,5.228972002980619926e+00,9.628676681371642587e+01,1.643843460941554113e+01,9.562824150722677885e+00,4.074337366971692376e+01,8.028663528855092579e+01,6.802645071452622005e+01,7.398707145640921112e+01,1.661328892485979480e+01,4.806502409789168695e+01,5.482978924630359785e+01,1.518882206701584181e+01,1.947270712032803530e+01,1.032035419284735234e+01,1.092593448918077428e+02,5.125962740983974975e+00,9.123709714192273168e+01,4.314153383190613766e+01,1.670074103562879131e+01,1.825036631079415494e+00,2.027344479245306630e+01,4.199857411616366676e+01,7.243478666495573925e+00,3.514024319510003380e+01,7.450192989290611933e+01,8.331534587462566321e+01,2.777350089395313404e+01,3.180907219223021229e+02,3.019244029376640270e+01,2.587504308042408141e+01,2.708326121891687777e+01,8.586960578248710618e+00,1.589041700152988135e+01,7.448304669864340610e+01,4.933745297091881810e+01,4.323925552228723035e+01,1.409343378387277035e+01,3.257260775943088760e+01,4.631760278150756527e+00,1.503637023911906390e+01,5.454487018066330961e+01,7.175938929154229129e+01,2.210230091110794959e+01,3.390465930507435388e+01,4.451431275658220699e+01,2.615898965172643287e+01,4.197495953266905944e-01,6.887929694885492893e+01,4.430238309881956837e+01,8.723823800702323439e+00,1.368001428116629903e+01,1.989415848010661705e+02,1.340236458924158036e+01,2.496011517581256456e+01,4.637727328619454426e+01,5.901575574361421772e+00,4.728075376994353718e+01,3.576466778151373660e+01,6.140532383541823691e+01,1.082490860606893035e+00,1.536056966004655910e+00,8.353373267095184929e+01,4.380656739934280175e+00,1.368332673358883937e+02,3.802528108378816540e+01,6.988939351516732756e+01,6.515294501919791514e+01,7.402977128770976378e+01,1.272519501013128540e+01,2.985026115049187112e+01,1.881998310801096697e+00,4.158232216780532298e+01,8.745996230707795860e+00,1.172967908325236230e+00,4.197593281426295420e+01,1.584467571316146284e+01,3.036137941549589048e+00,7.614542421149702811e+00
3.865961597256990956e+01,7.241138741529429268e+00,1.810031370895167768e+01,1.243039587906743293e+00,8.290761621457859576e+01,2.962695116755362434e+01,4.424730728137639346e+01,4.694550147148923713e+01,1.401704993503829222e+01,9.212491316276311792e+00,5.103701651386433014e+01,5.405789792035487373e+00,8.730307873196329638e+01,1.201575008325116016e+02,1.147215365811167658e+02,9.805386948302617256e+00,5.998767732877018366e-01,1.459030430954448150e+02,1.199865175740767285e+02,3.965814279232996853e+01,1.964153649178150474e+01,6.814930145313853416e+01,3.798306359896819373e+01,1.206151434563830366e-01,1.440734723012636493e+02,2.238874281631855112e+01,3.572014832440667931e+01,1.605933688827061800e+01,3.309974368342032136e+01,2.745554825611204208e+01,3.774994083684141088e+01,2.350888226210742360e+01,4.621233422164186067e+01,1.182953803419701977e+01,1.288085981138175562e+01,6.508124476884310639e+01,8.935528092947208734e+00,1.581296041096706695e+01,1.173184760896515542e+02,2.248047044433469921e+01,1.289670494766918978e+02,2.033027759442905591e+01,7.512266090220749959e+01,2.110190933328689766e+01,7.105323071192189843e+01,3.164217033104944790e+02,1.385371670758505402e+01,6.334656777081078616e+01,7.697927986866710626e+01,2.908402894486605916e+01,1.531113633608351066e+01,1.448828163564618343e+01,2.940880606337874426e+01,3.094322133775353478e+01,4.385277464741873388e+01,4.290448478296192292e+01,3.522941517358929531e+01,1.415056832186992892e+02,2.245481482795670729e+02,1.064863584094332793e+02,3.209188733988143127e+01,5.532998588074526225e+01,2.096834102084696028e+01,3.268049990176325537e+01,4.135438738868650432e+01,2.075114175637359537e+01,4.733650469542559591e+01,1.630616822961858148e+01,1.135073457111721318e+01,3.792189864064290816e+01,3.611205046219659920e+01,1.443104744101146935e+02,3.005309653987074512e+02,3.342234825386399422e+01,4.997498425224994634e+01,1.195275378059324822e+01,3.918186924169522456e+01,4.017993990945101501e+01,1.937065254181871055e+01,3.951507587601162896e+01,5.734038290142538585e+01,1.377706540247704892e+00,4.699723648861641401e+00,4.210983441401890737e+00,9.558040914829952328e+00,3.292489742221710713e+01,3.036957759432404202e+01,3.843003940578213928e+01,1.805892841575996854e+01,2.045743595430605239e+02,5.987491125468842768e+01,1.332164774392987461e+01,1.768631882729983928e+01,8.378380948946357876e+01,8.561297494202619873e+00,1.594292820447847525e+01,1.552142127739891109e+01,3.140910226916404113e+01,2.356584562307149255e+01,4.216814952829687435e+00,5.227349574374630770e+00,8.359661021820310012e+00,6.369151597846878232e+00,2.417418841320681722e+01,1.814260939142136309e+01,1.249343687543495385e+01,9.417681066935027445e+01,1.447253012930872096e+01,4.419927764636085499e+01,9.726512573073291890e+01,2.989929166992194354e+01,1.008424664216733078e+02,4.636718998367962996e+01,2.242938106524994168e+01,8.038785186170728991e+01,5.156172310578817530e+01,7.716364599605496366e+00,4.473705150483468884e+01,6.050609156296127367e+01,1.123146828184608204e+00,4.447496743303616284e+01,1.431364772133218537e+02,5.774843834382306795e+01,9.407602621006071475e-01,1.173387542446476495e+01,2.735935107901619290e+01,5.624888366151196095e+01,2.839249213401819816e+01,2.598228573791938700e+01,1.739947587561474904e+02,8.841096799185764610e+01,2.700837419043290311e+01,4.132854598342027508e+00,2.349112379860909705e+00,3.353746717416229473e+01,1.810301676376052527e+01,1.783796848570305826e+01,1.065275741562947687e+01,7.795111847682790085e+01,2.925673476875389056e+01,4.231125953199431677e+01,3.695576651336471485e+01,3.864305848737399174e+01,1.101226822599971022e+01,2.434518582166168699e+01,8.552368018689732310e+01,3.020824113935555033e+01,2.682791007066890998e+00,4.165202974203432262e+01,8.070796037177724713e+01,1.080466596138364963e+02,3.278643771071248381e+01,4.287285100988377451e+01,1.363809610187348937e+02,3.084125960947900680e+01,1.356817222367976328e+01,4.281933153322548691e+01,5.138614004579168615e+00,1.227871104909209521e+01,1.991073832988971759e+01,6.319915079842114203e+00,8.549959026684430086e+00,7.344824129449599504e+00,7.498910870332009893e+01,2.841027195245773385e+01,1.391977259313543991e+00,3.943898674378903024e+01,3.671947040757778069e+01,1.250330462605786508e+00,2.043572091550904091e+01,2.450204179635168700e+01,2.659040491517011162e+01,1.338298518814922033e+01,7.382635232674863346e+01,7.964762379554998972e+01,6.053830707782437592e+00,5.167529071116380379e+00,9.558414470557218934e+00,4.472692087115672877e+01,4.085594460963894647e+01,1.552672636269576678e+01,2.243745532642544838e+00,3.411667845946506361e+01,7.714523564696701641e+00,5.124286776781883646e+01,7.057522101306518891e+01,3.416163462275792995e+01,4.072119097444313951e+01,1.958965644072364753e+01,6.737326155230462632e+01,6.135364227942502247e+00,1.833683473603528213e+01,3.530549786915322130e+01,2.712992715862778326e+01,7.211858506925440615e+00,5.271271950787991756e+01,3.789078401950615671e+01,1.448665931594264578e+01,7.656857113516744562e+01,1.272719994336661244e+02,1.190331456854998038e+01,1.623600933016835413e+01,3.311825469518729648e+01,2.161955883319744132e+01,1.097123162804869736e+02,6.131153905805518889e+01,2.135166162018403568e+01,8.951454959223006824e+00,2.554164351229917784e+01,4.618289262882584900e+00,1.895046596754419355e+01,2.815268176824731228e+01,6.053694006120370119e+00,5.075783447802661108e+00,1.257346292692931122e+01,3.796633113279987271e+01,1.692462855112578524e+01,2.717107352025642797e+01,3.636554936524194659e+01,3.366762146386687693e+00,7.782813355577360426e+01,4.118036144149094469e+01,4.358162099277932811e+01,2.444939539383970484e+01,1.288379180244792543e+01,3.408311094417819476e+01,4.553696192477517668e-01,2.731191981234055177e+01,1.180786964629179003e+01,1.219136306656595679e+02,4.130101134210248937e+00,6.196462085588703417e+01,1.395900829068923166e+01,1.394165443423376871e+01,3.214029741191151857e+01,1.047809148071308805e+01,2.782972928978183713e+00,1.098022789729186997e+02,3.493107668409678723e+01,5.317270789233401462e-01,5.368953219275895528e+00,4.744448044872780201e+01,2.002833097844678534e+01,2.489819197129140704e+01,3.827388538478735569e+01,1.691670037053444986e+01,6.644614536767211588e-01,4.242028321711809014e+01,2.915052662954363072e+01,1.872710662372458401e+01,5.244561701070713511e+00,2.359442643145741059e+01,1.025670887882654227e+02,1.775677708754871986e+01,2.088021232162740759e+01,4.683181272125653294e+01,2.461519673277081210e+01,3.568256477768623824e+01,3.503300574829183489e+01,1.132251702845908738e+02,1.121656652382041308e+01,6.188231055876318720e+00,2.559603003902437024e+01,1.233515926299819832e+01,6.915126132181063667e+01,1.455470034341412884e+02,5.406152815289517122e+01,1.673001803213893268e+01,5.453366013806388679e+01,1.025156421595578990e+02,5.318850765578991258e+01,2.053455513932401644e+01,2.105136000195304646e+01,1.409642109455940373e+00,7.782373537336527924e+00,1.095952527628505102e+01,1.876587342712205597e+01,2.594278398000882291e+01,3.350130808291795215e-01,1.021899630153093739e+02,4.667611749314502845e+01,6.148151969122730520e+01,2.577121331706823639e+02,1.464399557289661402e+02,5.200308029015317857e+00,2.359472208436116887e+02,4.937674218463052256e+01,8.033589072504710771e+01,2.191875344624297739e+01,3.733160167482228076e+01,1.183234398986901681e+02,1.084942441845241348e+02,1.388710357635334525e+01,1.487721744072867125e+01,1.353837758563668103e+01,6.414016962181928072e+00,2.715941703952337605e+01,1.950539960247452598e+01,9.904300482390164362e+00,1.074817451186863195e+02,1.347814514063090208e+01,1.478288980752251724e+01,2.604720077030756329e+02,5.902441029330510247e+01,1.336164590310835010e+01,4.296801173292281106e+01,3.718205644566032930e+01,9.318698836357251380e+00,4.654549687205680897e+01,7.520653748111793391e+01,2.564738593908575481e+01,1.976841650809375572e+00,1.527189673565324135e+01,2.387679964693596002e+00,7.155828937178127092e+01,1.032149933973346236e+02,1.647391752450454305e+01,1.026831672887176836e+02,2.894380142148625623e+01,2.094829582366078924e+01,2.469506064090494668e+00,3.148871374153317415e+00,4.553335498436491768e+00,6.459392625128658949e+01,2.932770429188376227e+01,6.423703427336798200e+01,5.754124232635883907e+00,1.663692300708310512e+01,4.386349153922483879e+01,1.412614128313360951e+01,2.932757690397251427e+00,8.863076950578514968e+00,6.842787168736448677e+01,9.153220778341792929e-01,7.657071053539814542e+00,1.886097490397491194e+00,2.969535647327760230e+01,2.067879449620062644e+02,1.083206033072204910e+01,7.624775774340777446e+01,1.293009656211287961e+02,5.072629559375193331e+00,7.611678043943889138e-01,1.279756204721383561e+01,3.524129974258038089e+01,3.046735737839562574e+01,7.273331653338109826e-01,4.603153267901718237e+01,5.728134591534691289e+00,5.833737922180051783e+01,7.342699360508545681e+01,2.217733662640721448e+01,1.989502594701651006e+01,2.336795550389462051e+01,3.163104044268219539e+01,3.948701698815455785e+01,1.910229974725254909e+00,2.072774273728850503e+01,1.319118461581578288e+02,3.798583729401502751e+01,1.529048187673050734e+02,1.310781543890989376e+01,2.205173133990791996e+02,2.248053106223465747e+01,2.727935136398129856e+01,3.115118471737855188e+01,3.166605061685491762e+01,4.224974950465578871e+01,4.974122524699442494e+00,1.071955674490978367e+02,7.768901562366394842e+00,3.557226036200054153e+01,1.005656583070462773e+02,7.103030265355285167e+01,3.800956915394557001e+01,4.479316254554642995e+00,1.867929792453528393e+01,6.622223527473381921e+01,1.225618068004721373e+01,1.472192282474024978e+02,8.085207384609590520e+01,2.666561779236183227e+01,2.182827678048298381e+01,6.843996452439525058e+01,1.728599144508410035e+01,2.679210116075413595e+01,1.530394180678138483e+01,3.366887528454569178e+01,3.345986786367817700e+01,1.932266035509119106e+01,8.948222526261687904e+01,1.320019800227341307e+02,1.993107907511513588e+01,3.604368327423590923e+00,9.791955796759607722e+01,1.663873503115412689e+01,4.370088153596056912e+01,6.434957288083096749e+00,1.510604539061223228e+01,1.092062888100998386e+00,7.879547692397243175e+00,2.122407260311718247e+01,1.357911043690042447e+02,1.594337997335312629e+01,2.391358216330507958e+02,6.638125459039628140e+01,8.797533028796269861e+00,5.821241759466438026e+01,6.813563525493621320e+00,6.302577272998777858e+01,4.979715741504605830e+00,3.047653497359598118e-01,1.244369521937713996e+00,2.309575709786651221e-01,5.638705831007325742e+01,2.862033271522200195e+01,5.589155649649099722e+00,2.024591442446879697e+01,3.786498502669633126e+01,4.783049538582552884e+01,1.699422363974578332e+01,6.580148073231838168e+01,1.302405027941122784e+00,1.764945912974962638e+01,3.511958104801539093e+01,6.074148667065990281e+01,2.893224222991715777e+01,3.663077592613279254e+00,1.780898228628476261e+02,2.124193730639163036e+01,9.582942011261390292e+01,3.690304931589628024e-01,5.311772937123074456e+01,9.909227150953812568e+00,8.312455568820267615e+01,8.802404555946755238e+01,1.139297420093908997e+01,1.294989358678788882e+01,1.820998670285367327e+00,8.464371513255724011e+00,1.810026244131389106e+01,1.060312245200184122e+01,1.023813351184492459e+00,6.280927693125504874e+01,3.491148502040950774e+01,9.845829859523449912e+00,3.394591832084796756e+00,3.076679466481955227e-01,2.448524226433218303e+02,6.586956114441277599e+00,7.296160383937346694e+01,9.400984080665846676e+00,6.585296652856685862e-01,2.282736428842256160e+01,7.641344204941429297e+00,2.103398931805908845e+01,7.195976484449705168e+00,9.976804329282841222e-01,6.236355114752545781e+00,1.009084374064687317e+00,2.163762958421921567e+00,5.423777125012178679e+00,3.161169720838398334e+01,1.654931176528905112e+01,4.953843577765538519e+00,9.947912133033394444e-02,1.479224584186451752e+00,6.446412766443989995e+01,4.040252933988499962e+01,6.775867350204215711e+01,8.105343613644166112e+01,4.226277285012833573e+01,1.148387618497231877e+01,3.324526454374443318e+01,5.839136035241416067e+01,1.516824938557750357e+01,7.687106133973136934e+01,9.591877162350432684e+01,4.334078138587100781e-01,4.905742591651654827e+00,7.178556010239213947e+01,2.187886923259974381e+01,1.486918957539196384e+01,6.126345488746230927e+01,6.296225103198003126e+01,2.593674746536066422e+01,1.427254038985827833e+02,1.158157918903768957e+00,7.143684701110207591e+00,2.341935315391989292e+01,8.851976572677750710e+01,2.825351588920378276e+01,7.258940242470927728e+01,2.538372440405023767e+01,6.915053593349341554e+00,2.317603522883458211e+01,3.650097592105992561e+01,7.559621133099997614e+00,2.176772741821876966e+00,1.282496492819739053e+01,6.198991441446378303e+01,4.870901373265924761e+00,7.884475342110190965e+00,7.007181173585352951e+01,1.880881171812898955e+01,3.341431482760049931e+01,1.796272510808885414e+01,1.148802572278502510e+02,3.040656386946832601e+00,1.140568923292334613e+00,7.136238566549754125e+01,5.268785990185337909e+01,2.511167070323314121e+01,3.683575994263479814e+00,4.194665587426512410e+00,4.449319308257110350e+01,3.947712697507123281e+00,5.371064604727537528e+01,1.089902572197118502e+01,7.853896032685091200e+01,4.449571074481667665e+01,1.500959840496603022e+02,3.119801003414650964e+01,6.566728750630129063e+00,3.990579332602585083e+01,1.992094860553990188e+01,2.262745167315783235e+00,7.622894375283584623e+01,4.748265466572954807e+01,1.904481142712791808e+01,1.582231185675107277e+01,9.276607233956301712e+00,2.456420990306273566e+01,5.794528006650747898e+01,6.352353015755645771e+01,3.958011871254746694e+01,9.025628939160609931e+00,2.814436224217158156e+02,3.302010736330484519e+01,3.706036425173254933e+00,3.894462860683254313e+00,4.489661891418865025e+01,1.581635486169739835e+01,1.570219020230988427e+01,3.036233061112834619e+01,1.304986821882681092e+01,1.570425776997450784e+00,5.038383277129229754e+01,1.092926985290470121e+01,3.826248497948711957e+01,4.586842339272131852e+01,2.329130612455710647e+01,8.517468860014675158e+01,1.552051679120760319e+01,2.225789931389292065e+01,8.661639440774750653e+01,3.769909478266501424e+01,4.457454078563643662e+01,9.082875233895953215e+01,2.315529865159916412e+01,1.855588961678410840e+02,1.719886330678662389e+01,3.400927323777746381e+01,1.493768116275339075e+01,5.620514541428346433e+01,7.538415088748734227e+00,9.907416389469760531e+01,7.091696823003358929e+01,1.319695803368144311e+02,4.781441263939775865e+01,7.019815828893976573e+01,7.066205505118281849e+01,5.397394506952161919e+01,2.847757528099584690e+01,1.009568676782692087e+01,5.394657443498974203e+01,3.909647469770867634e+00,6.141985737550379554e+01,1.327159529817886074e+01,8.156214269390293481e+00,8.975237300787314609e+01,1.321560450744415860e+01,2.838614419670811628e+01,2.575057336750806414e+01,5.503594607420226659e+00,5.277012321473392120e+01,2.777210551413206474e+01,1.466468782969730711e+01,3.841288440182331954e+01,4.292508906247476119e+01,5.178503859523192254e+00,3.427180373134923030e+01,2.822635743743810366e+01,8.355129443799940603e+00,4.848557878812706434e+01,5.618265445957789694e+01,1.620551502477759342e+01,2.061460655976576106e+01,1.137120072947199922e+01,4.650135731838496866e+01,2.487695132407559484e+01,7.880729575494696348e+01,8.075776266416704985e+00,1.008660479199235738e+01,2.061545742057699826e+01,3.907384699720561905e+00,1.819787673183927623e+01,7.815843364495113121e+01,1.316402238712575112e+01,4.225935007787216335e+01,6.636079508804776594e+00,8.219522055537098026e+00,5.046474700746531283e+01,7.892709918956628101e+00,4.011656705521598809e+00,5.062181377281816452e+01,8.945957900926694961e+00,9.563462630904473016e+00,3.107349218511196653e+01,2.319867040231976674e+01,5.986716550923105018e+01,2.586960944891073755e+00,7.006478931443824365e+01,1.758774361753673077e+01,3.934953068455740066e+01,1.044056157713202460e+01,1.016258776224228342e+02,1.669967958515357864e+01,9.546888082490715988e+01,1.238775028581654958e+01,9.107527358179329724e+01,2.607039186607188697e+01,4.251405889550277095e+01,2.674605293696478725e+01,1.592507444908927994e+01,3.316558814318509008e+01,5.793796488570768233e+00,7.293977446819748423e+01,2.291665259096451379e+01,1.778272480610316464e+01,1.779098290226275836e+01,8.696627934260352077e+00,3.003106301965527969e+00,5.924419689555854518e+01,6.324560650245238236e+01,1.431544212725812493e+01,1.697897973105157021e+01,2.566696581920630749e+01,1.067712739833890545e+01,3.497586865459388861e+01,6.592151654220777424e+00,3.419146329074337842e+01,1.109022732050302018e+01,1.218528336871983555e+02,5.543122876021904943e+01,1.239526780692216192e+02,3.599176993951007208e+00,9.572184575957914277e+00,1.124217410957958805e+02,6.473921660929404709e+01,6.618333884450055216e+00,7.276641154234017961e+01,2.152540866043143986e+00,6.859421614374491272e-01,9.867794380811433896e+00,2.929712015696974348e+01,1.126493316102388746e+02,1.763341691815346834e+01,1.638223741702495317e+01,7.365264857300972778e+01,7.187153344163096591e+00,5.910440764658417123e+01,2.580616912009763197e+01,7.796754797212598476e+01,1.395938705037837053e+02,9.359271511965786772e+01,3.198049332472722828e+00,6.401403377846527576e+00,2.266005550865092033e+01,1.137421927388638743e+01,3.508606650025856766e+01,3.078418653345714162e+01,1.471141081925327398e+01,5.863654807056626339e+01,6.704750441894228175e+01,3.919197529941991665e+00,6.977170565094742649e+00,4.022216595139034467e+01,3.914830349095510797e+01,3.058248680220302518e+01,4.390644247367595732e+00,7.723479526404800843e+00,2.289551906822264282e+00,3.167166103595551618e+00,9.651539061366207761e+01,3.983443037864752956e+00,2.562577255266262810e+01,1.424307190123167004e+02,1.148642874227617767e+02,1.417365495677445786e+01,1.268513050831228526e+02,2.167688538186311575e+01,3.391226621645611061e+01,1.358484883669872545e+01,3.810510724627758350e+01,8.648617672747176854e+00,2.219473738635684867e+01,9.186497195180281494e+01,2.347586922314932067e+01,2.247087244656423266e+01,3.079720089390514204e+01,4.020111966786631186e+00,6.439396859173739607e+00,3.194249174323505258e+01,7.287865599632493918e+00,2.942214853673710717e+00,6.816476060430856521e+00,4.895599806407045840e+00,1.499185636688612178e+01,2.574205035600851588e+01,3.742964989070612347e+01,3.909068690036006188e+01,2.974693039441199005e+01,7.215999963888105606e-01,4.618906408086332505e+01,1.103803318335961592e+02,1.311385112806661652e+02,5.556375091615893780e+01,4.445579767966067131e+00,2.019565016334415120e+01,1.120305744630492626e+02,1.028125102763838896e+02,2.697872533142677298e+01,1.290707000961206141e+01,1.952754095163902832e+02,3.199313094071144192e+01,1.834376477552726570e+01,7.213771201057439519e-01,9.988473315487668813e+00,2.508539510365065794e+01,1.832304164292209805e+02,5.268513223394072753e+01,1.246368164334794493e+01,9.791255028880076594e+00,1.439605958013219045e+01,2.646248377784314343e+01,4.305770592815034803e+01,1.885745569468708993e+01,1.067530885959080145e+01,1.481834066498899460e+02,3.832416841186710599e+01,1.515846543865411000e+01,2.018353975066419537e+01,2.792744473530990756e+00,1.155542028014275644e+02,3.117553283348830107e+01,1.902753979611723523e+01,7.970575043765099288e+00,3.343776163487611797e+01,9.384678639803495059e+01,7.038574901761266744e+01,7.047939904798822397e+01,2.851285981751487508e+00,2.029586598676192821e+01,5.143011143150730646e+01,2.734575247118484853e+01,2.586974552574875830e+01,2.549403572082190195e+01,1.050923991872638119e+01,1.747066370843367267e+01,2.309275174453428559e+00,4.343465222445650653e+01,5.272738814736642077e+00,8.058270216852071144e+01,5.019800122487821881e+01,2.521861562417033653e+01,4.869739558815503955e+01,4.158598652132911155e+01,1.234098537741720847e+01,1.033725725807201599e+02,4.657352326249591101e+01,8.209702678234178208e+00,7.491515317763771975e+01,1.198006790648484632e+01,8.767790081117031775e+01,2.888209431928541093e+01,4.730041620656235324e+01,8.265926581368438519e+01,6.383078094380425682e+01,8.263894877850854925e+01,9.973567126947614270e+01,2.009854453140253183e-01,6.857693744669761671e+00,4.139574086707619394e+00,1.162670497119658286e+01,2.023281576468849430e+00,2.317251341846485602e+01,1.380947435338899787e+01,1.870570504673277767e+01,4.879398301455393039e+01,1.233492689092871508e+01,2.607397726276709804e+01,4.860914364007985711e+00,3.782401936273138432e+01,1.011654714243996001e+00,2.693675669714469834e+01,4.942053765602666004e+01,2.443933785190263830e+00,2.774834099363197382e+01,2.658747368847311421e+01,6.876440384593012212e+00,2.795564074939889920e+01,2.211111912475780628e+01,7.569611186808340619e+01,1.087254984722433306e+02,6.938955420502081495e+01,1.433209514537529401e+02,2.404552127309785092e+01,5.602275567733301642e+01,8.258176061902111087e+01,1.040824757412257817e+01,4.111693497172813849e+00,9.083879168918967295e+00,1.757157506059517615e+01,2.909335845144426003e+01,1.080323078739318454e+01,6.137803658290857101e+01,4.477461871955807027e+00,5.593908028333138560e+01,3.627246676348694621e+01,8.658075829901241249e+00,4.991718226171526140e+01,1.032439389281576467e+02,1.498308604405233950e+02,3.901862619944917299e+01,1.203084463811616303e+02,9.294272059859782331e+00,3.189909245155413409e+00,8.866042338730350991e+01,1.041481976056569181e+01,3.656398317598441849e+01,4.911439083054198562e+01,7.581996544390382731e+00,1.523007490020913623e+00,5.171837541262124205e+01,3.647654692162362977e+01,7.980862701028923922e+00,1.181932864144353204e+02,1.275681201646463370e+00,7.851674516348064792e+00,1.475558544894899571e+00,2.585249664786454016e+00,1.348044554751209922e+01,5.155421803683264415e+00,4.252704176870013342e+00,2.651720244150710570e+01,2.180468940055760996e+01,3.544571328951870726e+01,7.461383020383385656e+01,3.585250381177979051e+01,7.815327121499358931e+00,2.527405459403173182e+01,4.980754601909604418e+01,3.400506061321664930e+01,1.880983940398689569e+01,1.825647039423580154e+01,4.206582586515875910e+00,1.573532355189529675e+01,2.274872478217653704e+00,7.928791123601046209e+00,3.756360240051548516e+01,2.980970527374875445e+01,3.725959693153506436e+01,4.186202865720724020e+01,9.806737534853139948e+01,1.243560439766746306e+01,7.156880484908276330e+00,1.406342251421406075e+01,6.251705624635815184e+01,4.685665091219845380e+01,1.265154967075969381e+02,1.131982570086664985e+01,9.436002016962142136e+00,3.069073029039771416e+00,5.951950155982370916e+01,8.782988443368343612e-01,1.863318380033962640e+01,1.364545886895079718e+01,2.120566449466859282e+01,5.619199631694667119e+01,2.371371404320944976e+02,5.508798211177955295e+01,3.172955967946174951e+02,1.714272502815223476e+01,7.761687836561524989e+01,5.516442163804418097e-01,4.344213462586174757e+01,7.776497564869985979e+01,3.827605421838453026e+01,3.886325785349074913e+00,1.057176714880650259e+01,2.569074103182982682e+00,2.051618231034663253e+01,7.001068830754137196e+01,2.293780982195094520e+00,1.034492691878752026e+02,3.643721480504148502e+01,3.491887371318475886e+01,5.938100040898730470e+01,4.342707187741621055e+01,2.308694899343218410e+01,3.637464381936248259e+01,5.664176939334177519e+01,5.884147804321948882e+01,6.179002545816437930e+00,1.666374338945428946e+01,6.449772463973878267e+00,7.004960876945391135e+01,4.991835254113281195e+01,4.395518171781792915e+01,4.743866466011680671e+01,1.400270072132959776e+01,1.390333074794581236e+01,4.960326960217445702e+01,2.947119247470435965e+01,1.670692524114853938e+01,5.656985551598029360e+01,1.309022674213815947e+02,2.362750554113399559e+01,2.721604286158965547e+00,5.937477059921149447e+01,3.298269860888147065e+01,3.467785376171132583e+01,5.690359206750585486e+01,3.480378477944906512e-01,9.832745100466018684e+00,2.784159053197384281e+01,5.623115237223952345e-01,3.530845607436577893e+01,1.549200139502214313e+01,7.577132538665972561e+01,2.773533151117689854e+01,3.670106967012780785e+01,5.043227292690043662e+00,9.440842846464680971e-01,1.657105743258423303e+01,2.003300187039532554e-01,7.778773642329097981e+01,1.329913192897681107e+01,1.384905002468389590e+01,6.288060797774733857e+01,3.135595878864297958e+01,2.049318451872143143e+01,9.989341523676358747e+01,4.698317088228946226e+00,2.972167745767188052e+01,1.709541833165859259e+01,5.661463996112082731e-01,5.115238377146492432e+00,8.181302143019921402e+01,1.182988636800757689e+02,4.009682802746313968e+01,1.126773647047637752e+02,5.914024573136390472e+01,3.891583777504683983e+00,3.929696984770228596e+01,1.225782358375590917e+02,5.939759549657041049e+01,4.970090540221210063e+01,3.648447881817418192e+01,2.582177066459528092e+01,4.949268943773322604e+00,7.661047657181176085e+00,2.484669655455110515e+01,7.736989125580349125e+00,2.539042696331469529e+01,4.752046895711174557e+01,1.520180669876322987e+01,1.976463163922433353e+01,1.378040263128992748e+01,1.506255501570994637e+00,1.268944894816419300e+01,6.342198869144509921e+00,2.127902838182837186e+01,6.794765851122994249e+00,9.776407095477465248e+01,5.317708214009337020e+00,1.796770845243620940e+01,1.098158741804516580e+02,6.863159104264900634e+01,7.721119237739047492e+01,3.655558996962248131e+01,1.964709852788736200e+01,6.025049754406884972e+01,2.821500174124555826e+01,2.966790649785338463e+00,8.663582386322288187e+01,1.452770770153291302e+01,3.239921131726277537e+01,4.104820819636857010e+01
6.938822654524769007e+01,1.019824534798313067e+02,1.813501053637664029e+01,3.531951597114191710e+00,8.375628593529313548e+01,2.358472864918762752e+02,3.706105070505923038e+01,1.694311192079243611e+01,7.601259195519402567e+01,1.113045353352702982e+01,6.988826291498108390e+01,2.713546099441959925e+01,2.947930555695304022e+01,5.159995488989624590e+01,4.642362811939457146e+01,8.134410955186178072e+00,1.208429485537517678e+01,1.634330712019337000e+02,6.929608557497502375e+01,6.583835546318438503e+01,6.318780183042663623e+01,5.299853497750958553e+01,3.126306507056480299e+01,3.421126715888912884e+01,2.189319972938090331e+01,8.259956023913603929e+01,5.903784309347144443e+01,2.865150650336985549e+01,6.858918962878256309e+01,2.526838716785758550e+02,2.644357783128391404e+01,6.044375663836207480e+01,1.067357052058840026e+02,1.058214715039133047e+01,2.866470988244791585e+01,1.957242929394547843e+02,1.031891446136799431e+02,1.286136249800877041e+00,2.410898382876814310e+02,5.004439266505121253e+01,7.643499002918295870e-01,9.727990774714550426e+00,5.290900945689002555e+01,2.209864044824914586e+01,1.818191851768517893e+02,2.519762452138913478e+00,9.227205357298645083e+01,6.616516279742326390e+01,1.198850926725395851e+02,5.732819243817702670e+01,7.912877546301963605e+00,5.054738284839466900e+01,1.276110506313163739e+01,1.718571047719987348e+02,1.037128052750668772e+01,4.178432301475533350e+00,2.353369719634954649e+01,8.487862758309844935e+01,9.195019778049793047e+01,3.379996364794830299e+01,1.967242721458987660e+02,6.438786461941114680e+01,3.497340077997175456e+01,6.581090953387267461e+01,1.453666080214544643e+01,1.031296180726721303e+02,5.956657115561993976e+01,8.445664493895820613e+01,9.239380610470470856e+01,2.385590715137855611e+01,3.389909852598233186e+01,1.103179576849018986e+02,5.760022903904279445e+01,6.056945681701284911e+01,1.176240273484596202e+02,1.126766711462930317e+02,3.830443464994311142e+01,7.404583007575681108e+01,8.460337402031312237e+00,9.848871799686865813e+01,4.736597372201650558e+00,3.807587481037600696e+01,1.944281637470741373e+02,4.887275270896474666e+01,2.610119312766609667e+01,2.309023921273581692e+01,2.504495713234767251e+01,2.887943373388996537e+00,1.723053731599433434e+02,5.760807526739021256e+01,3.520051790498115452e+02,1.688501256073390877e+01,1.803932509230873222e+02,2.619050563241023255e-01,1.694280993569999509e+02,2.199175943548796397e+01,7.191160783893536745e+01,5.035176396285498157e+01,4.670063494715442687e+01,3.286572764912074831e+02,1.609701760181734471e+02,2.262992540506708750e+01,5.171278210784698359e+01,6.602071952762548790e+01,3.354038493364160445e+01,3.196997915324198516e+02,1.374546422301999904e+01,2.766580094762524089e-01,1.747010693591557811e+02,1.090279558739705266e+02,5.953832518012524133e+01,1.192268251992133656e+02,1.676981513317486758e+02,7.577449618967379763e+01,5.003142307811484812e+01,4.223868392358561863e+01,1.271718022308235021e+02,2.508855332918524894e+01,6.413715258673539665e+01,2.890532267469779981e+01,3.064308999944639922e+01,9.339997358325698329e+00,2.008430245585019520e+02,4.678293692864796682e-01,1.373911851259983052e+01,6.448411800358685753e+01,1.217983429985729593e+01,2.498781610582475139e+02,1.108461442047621119e+02,1.226500495209636057e+02,1.084870856932077565e+01,2.936178426403659500e+02,1.234058375647384906e+02,1.013179968939024462e+02,2.008619688462754596e+02,2.519879186541093574e+01,1.409528007818300637e+02,1.786447840012614563e+01,3.333550313100793261e+01,1.941788699195938932e+02,7.254558629101065748e+00,8.665164442874556983e+01,5.884550688714732303e+01,1.767702303679904574e+01,3.954804567985257080e+01,1.830397742558990259e+01,2.923307659459385945e+02,1.882085815897127929e+02,9.678199974832220676e+01,2.912757247790707282e+01,1.814387116947007144e+02,1.403720275401297357e+01,4.739145790317858342e+01,7.712024536961153842e+01,6.621620910056229548e+01,1.283456311183281251e+01,1.527603896605135603e+01,9.109661141799863060e+01,7.646250977448831065e+01,4.669356535746151593e+01,1.484661417523176681e+02,1.554508936674623385e+02,1.960850531735701168e+02,2.135000875747920475e+02,1.309888315438660982e+02,1.000531619296666150e+02,1.013112682967029201e+02,2.710486013770967872e+01,2.023784610918605953e+00,1.308383310753779938e+02,9.724943703797619321e+01,1.367405315963776502e+01,1.316556283013237589e+02,6.142497730493580121e+01,9.094408886948600923e+01,2.804279873749179330e+01,1.266179889116071990e+02,5.747290830384087457e+01,4.509262491424750152e+01,1.872709858824043039e+01,3.241182096905174603e+01,7.994666295881319940e+00,2.611894208149186625e+01,2.132772031832717730e+01,3.165977078036821624e+01,3.014975868607329801e+01,1.279303156738921210e+01,1.927231232855152143e+02,6.591705628136419470e-01,2.679773231884038509e+01,9.935795912217143666e+01,2.653126507841050241e+01,3.351481838603395147e+01,2.526406719937026253e+02,1.595785148732213372e+02,3.197669307235411651e+01,8.197710314733226866e+00,1.515034385840790776e+01,1.224411315113914611e+02,3.714346526689261907e+01,1.912344136859249204e+02,1.110297478032941996e+02,3.528536904915781491e+01,3.467244690105858496e+01,1.436131572544553414e+01,3.581772653898661218e+01,7.052744448201288208e+01,4.984305873393849851e+01,2.449343175664361354e+02,9.907878109126944821e+01,1.350593157103947988e+02,9.254644431563094997e+01,1.102570647721569230e+02,1.309337437229564216e+02,7.261306865472589323e+01,1.282515267464487962e+01,2.992223945652256134e+02,9.927371083316107558e+01,3.181514597108992959e+01,1.268080898550245728e+01,2.109613624364008544e+01,1.798962195036674672e+01,1.517245764081320374e+02,6.575198088069461733e+01,5.832430529280649978e+01,1.256743834432283649e+02,1.661677540641332200e+02,9.676477323899997884e+01,1.934000106568568071e+02,1.674575476823383724e+01,9.453414658750512345e+00,7.316534550478772303e+01,8.564470309768083212e+01,1.130320165937475174e+01,8.921178018148657429e+01,9.373381995621883789e+01,1.471711696475289273e+02,2.010899509649507877e+02,1.033643671893478988e+01,1.889798897611731121e+01,8.965395375511168652e+01,1.032105972141851993e+02,9.228105890930942223e+01,2.540596043953385959e+02,1.781520025268049778e+01,1.638402703661148507e+01,1.255209194566439947e+02,1.050127032626390111e+01,2.958013673606384373e+02,8.134356027173922143e+01,1.208239422893479400e+02,1.462308514692427330e+01,1.103388199352635013e+02,8.408169862123296312e+00,5.327248700584280527e+01,3.196291937514039887e+02,1.063045540692334434e+01,9.669285592680067509e+01,3.207136984581879346e+01,2.915667625662518603e+01,1.360607910446893527e+02,6.129650486497460093e+01,1.776226985150222148e+00,4.212770804069693753e+01,2.431211064057822924e+01,2.047970767495630540e+01,5.364178594343957229e+01,8.559923699372371519e-01,3.131980200670736849e+02,1.036719220996345001e+02,5.239227330200835553e+01,5.688007026619721529e+01,1.240141612365463999e+02,1.099914030983637758e+02,1.711894528571706653e+00,1.046113108208299849e+02,7.489448800049113508e+00,2.688456030626401017e+01,2.751552997864184036e+01,8.272889841818430057e+01,8.541583849328205247e+01,3.605196507823262664e+01,5.288891199250645059e+01,3.468904831683716594e+01,7.521934441285881512e+00,8.450264445039861982e+01,1.692725817129117072e+00,5.912933831272987817e+01,8.347481774589651593e+01,1.277788514342778114e+01,6.707359827648281225e+01,1.125058279806924588e+02,1.969807031914518802e+02,4.153039786226754515e+00,1.619156391430780388e+02,1.001056505432260337e+02,2.196435853390892419e+02,9.410211208749162282e+00,1.016304606095322924e+02,2.174237856005953429e+00,3.446186001225449758e+01,7.588287151675156395e+01,4.920672617032136742e+01,3.373142821583910944e+01,1.647875313958641641e+02,6.736070605405346612e+01,4.991836059345789067e+01,1.012442925304817720e+02,1.262903434880564078e+02,2.915139956706820712e+01,1.692189858847623540e+01,2.115370301977984013e+01,4.949276733461865518e+01,3.703132027658326564e+01,2.194137594619229219e+02,2.080029950967025343e+01,8.153198101080808158e+01,1.116160525088889983e+02,8.201820458998652441e+01,3.720185291476110478e+01,3.602447150171262535e+01,1.530088250007287343e+02,3.765818957128715283e+01,6.045604596059867930e+01,2.740705751235282861e+01,4.260562056240658535e+00,7.155724375346926536e+01,5.317051378521910010e+01,1.035642719372902087e+00,1.428787213084046925e+02,5.294673908256910266e+01,3.701398833825407308e+01,5.432295764050827103e+01,1.162394347828623467e+02,1.303102266991498652e+02,3.867589851440242654e+01,1.867037774388183209e+02,3.384664414171246705e+01,6.408190362482683611e+01,4.453094663106539741e+01,4.836130998505815626e+00,1.837027822299921809e+01,1.028669475731768124e+01,5.755247065112983762e+01,2.943518293690598497e+01,3.273590935352820708e+01,2.013824976843951831e+01,5.179064740557523550e+01,1.019019388520844061e+00,4.316694899935591678e+01,1.060015880795974823e+02,1.921533591078167191e+01,2.594351944337696523e+02,1.190225399776490036e+02,2.533685853157078895e+02,7.168152119052590088e+00,2.736983145537609463e+00,2.453899204118478750e+01,6.335300007941201272e+01,2.088734279496708268e+02,9.741995418257987538e+00,8.834059412510031351e+00,7.455337777269035371e+01,1.609227673725533521e+02,5.767052869998479991e+01,1.292553406458078484e+02,8.008450669246690268e+01,1.238712230876191143e+02,4.294640293256215102e+01,7.651024483813456811e+01,1.310456261394159867e+02,4.555246347658996342e+01,4.102354800583497507e+01,5.539402690936931606e+01,5.346765727066532747e+01,5.668425121072245787e+01,4.403400660162638758e+01,4.433150668958739260e+01,2.286597517612855768e+01,9.757619306456429342e+01,4.118235362878012396e+00,1.283407078445532363e+02,5.699310907588299102e+01,3.013558288308118094e+01,5.969075040272883825e+01,1.176820835628089412e+02,5.059576531170370828e+01,1.750055762175602680e+01,5.143182960839930473e+01,1.651361143494759460e+02,6.800995904923985336e+01,6.329788929133150788e+01,2.403457347169997504e+01,4.336713952250974558e+00,6.708310986315347613e+00,1.465004266331019096e+02,2.754024337236462117e+01,1.339797340191598778e+02,5.769651025630284380e+01,2.633861854254947730e+02,4.531209689980752842e+01,2.117137506576732520e+01,3.686408309295159569e+01,2.277224039082080083e+02,1.501509167801375177e+01,2.794095483285261139e+01,4.658361627707247976e+01,1.233193893515525588e+02,3.350316052856616977e+01,2.774662760514883075e+01,1.571385334110314318e+02,3.603263509993723090e+01,3.860261300054026634e+01,8.965572264303018812e+01,3.182141627464566227e+02,1.373767356779340787e+02,1.415244991773218146e+02,3.071064617027520285e+02,1.954738299894601639e+01,4.477195786467405725e+01,8.952557809402777877e+01,7.870577454149990437e+00,2.158337698974105194e+02,7.026665749263506200e+01,2.282956326276081782e+01,3.549766234596287973e+01,3.775669408048202769e+01,8.791319338526876948e+01,7.165626042710017884e+01,6.775888394177898988e+01,7.552052452530192284e+01,2.710022081577827535e+00,6.629033207043077880e+01,2.746376334809825437e+01,1.722141446343190552e+01,8.583833558357657978e+01,1.479691178363411908e+01,2.663570730062932768e+01,5.689959638685954246e+01,2.556810713659725565e+01,1.346260852211964050e+02,7.704865427633252750e+01,1.854521349249161588e+01,1.096042532987683238e+01,6.354489138907834445e+01,4.256657668680827555e+01,2.388130110669001454e+02,7.177522838260267690e+01,6.227470550840151731e+01,2.368082119997382406e+01,3.461051888225289019e+01,3.480238982709224160e+01,3.583677775779108998e+01,9.659083057234431635e+01,1.517579660148571996e+01,7.525302965671541244e+01,9.468389878561036710e+01,2.774749680237182048e+01,8.561622360337891280e+01,8.916949951369362282e+01,1.625152746867777864e+02,1.624454577777282793e+02,1.336516076695798176e+02,1.360994790422914136e+01,4.404256450239713416e+01,2.261093668335862450e+00,7.104573305690485086e+01,5.866302666157067591e+01,1.060687024209800597e+02,8.669372373325927583e+01,4.452896670623204045e+01,4.491600482689882767e+01,6.602311988793282183e+00,4.483620566264308849e+01,3.659797414291453777e+01,2.299313840163770806e+01,3.575972736019701159e+01,3.514280078027105105e+02,9.211347946688705690e+01,5.224299039179522453e+01,6.154320896960073561e+00,1.369691323313554392e+02,7.407456905530240832e+00,1.798086864451517215e+02,4.966458496781975640e+01,7.343923817888162375e+01,1.441666718267768204e+02,5.877770121879444076e+01,2.017376598139958048e+02,4.576911424009998797e+01,3.751448633288114110e+01,2.185634356039539838e+01,5.337265133446386756e+01,2.795665601213411264e+02,3.188622879634967830e+02,6.766484506126112741e+00,5.154687740464341772e+01,5.447820627173043562e+01,1.020931063579799911e+02,5.129520347975989836e+01,8.850858595849445010e+01,2.454178292795034011e+01,1.386746121115331505e+02,1.581292131206558338e+02,3.427112102534724869e+01,4.176762832285995586e+01,1.068485462671739761e+01,3.584510129952064972e+01,2.213086697225134358e+01,1.998180354960510101e+02,1.270149291054485152e+00,1.877136458036328648e+01,3.753581127593517408e+01,5.218992229118655679e+00,9.081519594107477644e+01,9.207724699677130786e+01,6.470610849223161765e-01,3.295804607215439432e+02,1.855641549624293674e-01,1.501518672025916885e+02,2.756296674218422140e+02,7.748325580221694509e+01,1.416979647795491530e+02,2.752310672336424346e+01,4.701183706152378505e+01,6.767427065727380864e+01,1.577050771201722323e+00,2.230500491421667562e+02,1.000428138559863633e+01,9.962228839787485413e+01,3.327479834123359126e+01,1.805574690802757516e+02,2.239717177880783652e+02,1.993561881848539770e+02,1.466028084208767268e+01,1.666726301230176261e+02,5.223560523242752396e+01,5.657709264563636253e+01,8.178261834181514978e-01,8.157139416610901606e+01,6.429260781561494298e+01,1.017662709964831578e+02,1.389579699983982835e+02,1.916072332999204093e+02,1.337860988486607710e+02,5.146923790427525347e+00,7.239406255240707821e+01,1.023483355353648960e+02,2.135596990643579929e+01,2.064425725977178061e+01,4.676743036694915645e+01,1.696362122155024821e+01,1.854212559593358378e+01,7.104266281746953737e+00,1.564152120018590324e+02,2.139425643999907223e+01,7.178955332894035735e+01,1.349490534428001638e+02,6.788287687648823976e+01,1.057248946876833173e+01,4.350506346511991040e+01,6.567474164052654828e+01,6.511317307547636801e+01,1.450885745230756818e+01,6.167363847696102397e+01,1.802120982139874172e+02,1.824970030473489757e+01,1.649717071362204379e+01,6.990027846326549366e+01,7.466364538164179976e+01,8.762797531971101250e+01,2.773890200819618101e+01,1.268832797982223859e+01,8.712835253878664332e+01,4.920163754097047359e+01,3.890921098817085522e+01,1.770074317149607452e+02,1.830849078744756753e+01,1.307086406112997850e+02,1.764232812906868375e+01,1.168637003487353212e+02,2.212432478327783869e+01,1.657233845714444271e+02,8.349521859487167319e+01,6.464252337389293501e+00,3.492957520112560843e+01,5.956622975850575585e+01,6.971182656998054483e+01,9.263969050824726992e+01,1.609262838506325366e+01,7.085905995534717761e+01,2.307170235504749556e+01,4.475833853508056848e+01,3.295099683482818165e+01,4.345234933353015094e+01,1.239856956391865737e+02,1.101513002435952302e+02,7.115402059538587309e+01,9.567259770582320755e+01,1.431580273608169591e+02,5.246584687763331090e+01,2.493794467394796044e+00,5.225882730214500782e+01,1.733482721405492200e+01,2.758860834855209418e+02,2.051196834630922083e+01,1.495943188464784441e+02,8.467151979909364456e+01,2.307126377126968748e+02,2.793919266304403592e+01,5.894205602333230587e+01,1.798115768283822717e+02,2.598272609037993561e+02,1.254662311550130482e+02,9.459718614616538446e+01,2.026803948210434214e+01,8.041390861924757871e+01,1.843661534527091561e+01,4.968492794404613733e+01,4.205827761053215141e+01,1.066225148750969680e+02,4.275156270445189755e+00,4.188490063278244691e+01,1.604094285574200569e+02,1.859518908250742868e+02,7.867010069843837528e+01,1.043136891912172786e+02,9.973717547024280350e+01,5.968053792400911561e+01,9.725662369468695445e+00,6.556073286083785945e+01,1.426961923450838121e+01,1.977416028588925485e+02,1.217454188542470774e+02,1.127411687516010517e+02,7.762705912972699407e-01,4.988036652768364831e+01,1.122989491152097798e+02,3.902051373654827415e+01,2.699734985028601386e+01,2.522675591762353875e+01,1.648745399598303436e+02,1.009564378483605509e+02,1.315189978453312563e+02,1.300017915438175748e+02,5.955921919698290878e+01,2.140969213474699302e+02,1.505259276440790188e+02,8.925527272201323115e+01,5.840867568392993547e+01,6.877660219495885485e+01,1.195299509799144744e+02,1.155158124045792079e+02,1.780857938487608578e+02,6.761076913160258606e+00,7.785758807155788475e+01,7.001249495222567987e+01,8.631108980521632645e+01,1.608791301544943053e+02,7.967051428797412349e+00,1.556519643310545860e+02,3.749835134577117657e+01,2.512793872332793610e-01,1.581397718320964714e+02,9.554222528715128249e+01,3.105971202886976457e+01,1.941791889637674373e+01,1.247959177335636696e+02,2.627368344852786208e+02,1.508882877299302905e+01,2.772336620057088652e+01,2.113217037673525454e+02,6.452169161281248932e+01,1.774891803561976644e+02,1.652324307630597033e+01,1.100364824815563338e+02,3.370955797062608728e+00,1.738502575243237231e+02,1.489161658485055000e+02,4.709620869922539299e+01,1.066976583042716840e+02,3.438125652000793231e+00,7.305646772136179834e+01,1.008129125178828112e+01,8.148815670864779293e+01,3.858165810696738873e+01,5.593886864422146488e+01,1.439250743162000674e+02,7.768200223678221050e+01,4.534579755296797288e+01,2.415459317014202441e+02,2.962715105215949407e+01,7.049849642029535346e+01,4.863233006621462806e+01,1.142864559664574955e+02,1.034084119962401047e+02,5.096320027407500675e+01,2.269557668984635086e+02,2.216730006285338277e+02,3.237983525013023609e+02,4.508334640702160101e+01,8.001758261674724793e+01,6.434764314276732478e+01,1.018526736201177556e+02,6.213025709147615316e+01,1.950762946191386220e+02,9.510801129304890367e+01,1.983406360325570827e-01,1.059142312521131970e+02,1.064371176107206907e+02,5.005549930456187013e+00,4.075469394340634466e+01,1.618786315049484870e+02,6.616302257903440420e+01,2.924035509950358005e+02,4.384447288808514287e+01,7.638321811709319320e+01,7.792103106530413470e+01,5.327703158120420568e+01,1.220116725472504413e+02,4.446882038047591124e+01,1.867929900620179495e+01,1.046270188608326492e+02,4.434593132419622208e+01,1.120980979765379359e+01,1.305092343537413342e+02,1.433135903217894054e+02,5.305013795971966317e+01,1.498964673277973532e+02,1.047508502678557960e+02,1.000007854809288155e+01,6.751593361086621314e+01,1.458378570737185420e+01,2.190307180939581428e+02,2.142711294269110738e+02,2.036557169125640243e+01,6.100344548357125518e+01,1.801435608653136811e+01,4.634866926310618851e+01,1.670460461529345082e+02,4.380343761010276005e+00,5.658492546050774052e+01,1.222413841371884615e+02,1.544365469689146408e+01,1.993052652476042041e+01,1.524847367805935221e+02,1.659142866420522751e+02,8.931836011129901465e+01,6.087678402225690633e+01,1.229273510838769567e+01,9.727931779661525979e+01,3.305324231369412047e+01,6.976811661601162484e+01,1.397360217175303205e+02,6.450422718663487842e+01,1.702436938611847097e+02,1.162718007827644158e+02,1.292094259214584895e+02,2.050121887069945359e+01,1.791367609428283174e+02,1.033965306007029454e+02,3.146426928111097610e+01,1.318485071936429875e+01,3.417179923004854913e+01,7.780458690003727895e+01,5.059610708298604465e+01,9.928927590642543066e+01,1.086238112397030875e+02,1.849694153510882018e+02,1.080035285831499294e+02,7.861163709114984499e+01,8.551952616043830346e+01,2.565157150094453442e+01,3.260964711067397559e+01,1.876318621081192717e+01,9.862484209940573976e+01,4.025152574339996931e+02,9.790738510245405735e+01,5.504285998111477340e+01,8.028632444744322072e+01,2.397861754503557563e+02,1.491641353087585564e+01,3.553364211398094596e+01,4.205351337306047554e+01,2.978437384919238795e+01,2.184006471151164135e+02,9.431666140942643040e+01,3.515523581709227869e+02,1.530849267686562314e+02,9.774388262308647768e+01,7.189814980272680600e+01,3.932777507752191326e+01,3.693916841943406126e+01,8.492788153614528213e+00,2.370592154297618492e+01,1.118290059710037632e+01,5.459830593822352540e+01,1.176117821985968703e+02,4.763252812823751725e+01,8.541871155655086056e+01,1.310000793398379244e+02,1.526865322626649117e+02,4.137933196807465919e+01,4.056843052961739460e+01,4.476219238213136009e+01,4.865818519693782918e+01,1.523031649404060595e+01,1.175060700951167405e+02,1.097639276431282518e+01,5.734799187224815142e+01,7.572031198529815299e+01,2.492195381560889800e+01,3.270998586760754847e+02,5.687824026850535120e+01,1.481175513467168230e+02,2.719222371797247106e+01,3.082846589280660510e+01,1.327707307310751332e+02,6.848807744338661685e+00,1.224352027709069688e+02,2.682241987745427991e+02,1.227325209759777778e+02,1.348253462132839502e+02,7.706858996028152831e+00,2.696625140302451840e+01,4.067185248565496636e+01,1.909415582718741078e+01,1.003459727463266091e+02,8.979127384530015377e+01,3.626375615306520928e+01,6.900027915782393961e+01,1.366779856911935838e+02,3.028062687984146706e+01,7.149298619491956686e+01,9.127358853863288823e-01,5.566974370184239973e+01,9.767729830763810739e+00,9.209880572454595438e+01,5.322961346925581694e+01,3.664654946646149369e+01,1.449755986156115455e+02,2.491448641693320809e+01,7.451126794398906839e+01,1.670266730685815304e+01,3.721223578779493124e+01,3.720987399872808510e+01,2.402130619133081879e+01,4.011904000500746292e+01,1.673858985355662554e+01,9.420969290705779997e+01,1.478260617711107550e+01,2.605556279784355311e+01,8.257540060791933456e+01,1.059875971397444339e+01,4.086014620085435922e+01,4.141521637847546344e+01,1.163942901357409880e+02,1.333455477916593956e+01,8.763523857658370275e+01,3.321022944100832319e+01,2.658497639832351656e+00,8.842803882063365961e+01,5.645937601346475532e+01,5.558933259126187743e+00,1.327628400750044335e+01,7.401742075408924038e+00,1.520928862035802069e+02,1.339043970225057194e+02,9.338616147444151139e+00,1.406332866243976980e+02,5.861332075554265231e+01,5.184602069851741390e+01,2.402359978726263705e+02,1.154514725465527469e-01,6.281300023932161025e+01,9.430896605740130667e+01,5.451966834659459238e+01,1.184834409851426074e+02,2.717943636038245927e+02,3.287703940287752147e+01,2.168788522250660478e+01,3.947202550585534198e+01,9.835851257556001315e+00,2.968357171426469563e+02,2.903355754642168449e+02,5.214727389380903588e+01,1.286163106111086485e+01,1.137528291794518651e+02,2.041442722832786671e+02,6.301020810505696801e+01,1.647202515590628593e+02,2.223388326224073808e+01,1.683873934395666367e+02,1.122866349826070120e+02,7.909997511232759848e+01,2.716867335466219515e+02,1.841625221912803738e+02,6.458926282519256290e+01,9.549084777031667670e+01,1.929388018741377664e+02,6.300868560860428857e+01,1.778797991623723007e+01,1.017911131165589609e+02,1.373225201022490012e+02,2.231281064226638833e+01,8.769881959714014386e+01,3.049340022914162418e+01,5.040676610109122890e+01,5.296761511321141036e+00,1.253728608126216493e+01,8.597154343499855855e+00,1.185423479916272527e+02,1.262904177122545093e+02,1.094379185372314964e+02,1.164927066092965333e+02,7.526419574962633696e+00,2.512604125646980080e+01,4.202118309439597255e+01,8.365901786882984936e+01,3.722662401644085435e+02,1.009599870755941708e+01,4.008260135936140500e+01,5.555457857837758695e+01,4.587300952840656265e+01,6.100227446924812114e+01,1.090010962160580590e+02,8.490857790352150936e-01,2.381933586309549185e+02,2.403046374713213496e+01,2.358222192655085792e+01,2.889049938056317401e+01,1.780134946376367395e+02,3.296835893403027740e+01,2.792629217240846984e+01,1.357230840587963172e+01,4.271433179638759725e+01,5.868037112025624680e+01,4.972372150410641467e+01,2.236374093438519424e+02,1.364842352706517659e+02,2.336389545106176229e+02,3.669705234287455653e+01,2.662449178317873688e+01,2.060190066799389186e+01,3.162045464851254817e+00,1.684259167917598461e+02,8.315590452912113051e+01,4.862331718593579666e+01,3.617832124141050087e+01,2.594179971975143530e+02,1.092028450553216459e+02,2.108682275912027038e+01,1.710620512967542766e+02,6.558341683326580096e+01,1.787522713926572493e+01,2.121739834136487701e+01,2.712536106736146735e+01,2.184062336597611136e+02,1.349971723666828005e+01,2.613304587638856447e+01,9.835548322733663085e+00,3.713756786399392809e+02,2.784634979109218875e+02,2.993471811299528795e+01,6.200007658360923557e+01,2.481421038979682336e+01,3.790640362637375205e+01,3.709858713890228188e+01,2.759206841188945347e+01,3.513713399090357115e+01,9.172784474224381768e+01,5.892143575734198002e+00,1.662819479759502883e+02,6.609160079331742566e+01,2.381224291377394309e+01,5.421222801165613703e+01,1.170977823044720481e+02,1.640609308466443927e+00,6.982318351822559777e+00,4.642645661922893652e+01,1.437414670376490911e+01,6.857829735053256570e+01,1.747095153842155923e+02,1.399870580120440593e+02,1.059825541707015049e+02,2.695587054962019025e+01,3.478263014773787631e+01,1.627055213748460716e+01,8.247589651275644940e+01,1.169591497017199941e+02,2.473818615245232593e+02,5.436039047972527527e+01,3.473793588921665219e+02,5.800403785656151001e+01,4.974411123311028149e+01,2.245559281647121352e+01,1.919679660145655475e+01,6.141832736171770790e+01,3.288501022176270538e+01,3.269292704039103370e+01
8.307701300456511007e+00,1.683912391837370492e+01,3.537617008295274701e+01,9.855311395325490764e+01,8.747969547757948305e+01,1.100212124884016696e+01,8.481873283056869184e+01,1.207539134498193647e+02,5.724388631810072070e+00,8.365578594768747678e+01,3.730605339824830935e+01,6.205146203317860198e+01,1.230971730424707857e+02,1.669526866109973184e+02,1.187730846633388779e+02,3.382206824749161456e+01,4.352371721373743441e+01,8.936154978126319293e+01,8.146158976193584067e+01,1.681713726094077117e+02,7.382151018374437967e+01,2.071874799367335029e+01,3.868019799833212602e+01,1.809210705272270658e+01,6.869209070889768043e+01,7.746476990329877310e+01,2.350093726775479581e+02,8.408662413996130169e+01,3.142743949279365268e+01,6.524894564109756345e+01,1.028021326783049147e+02,1.010071331275326543e+02,3.293529169475882412e+01,7.350256077058939752e+01,3.093891559751028808e+01,1.091235915009191082e+01,2.507727184544213017e+01,1.583870736562829222e+02,8.273624354154993199e+00,2.374805156339925247e+02,3.100893584745200116e+01,7.864295197304693374e+01,1.008806827236804224e+02,2.478370675865009432e+01,1.009612841512354606e+02,4.564805564932176907e+01,1.970377749742556546e+02,1.466698946700650907e+01,8.558924576579069310e+01,3.116044954509909104e+01,1.234238216806578379e+02,5.597036114198448331e+01,2.244284971738355594e+01,1.366154312030834994e+01,4.291559889694205054e+01,2.846772166670689774e+00,1.245355698340681272e+02,2.359328228466604926e+01,1.464169313937277934e+02,6.056870517122226971e+01,6.688082498726635094e+01,2.023305569148183825e+00,6.726705121490576289e+01,4.715287528133166539e+00,1.949075287703481933e+02,2.111281447461800269e+02,7.825451768232771776e-01,1.597883439766891200e+01,2.224812514239524219e+01,9.594826939251238684e+01,5.883867557525118741e+01,6.338741828307431270e+00,7.181330300077468110e+01,2.120254360594184817e+01,1.298553381758395346e+02,6.710619237193613174e+01,4.010559128395961892e+01,1.686640435272014216e+01,6.096513308655389807e+01,4.362290758442750871e+01,2.039066022388324839e+01,6.707388934481329557e+00,1.244120769588681696e+02,1.557901189382997131e+02,7.358251242201504283e+01,2.160234267715562240e+01,7.450833397373904177e+01,1.046796761572377790e+02,6.417438947650440184e+01,2.980267548148910262e+00,4.087672898930883747e+01,9.014186800102636710e+01,1.840157439788522140e+02,6.002208084058435134e+01,8.997139697827295279e+00,6.092113551248854719e+01,3.138058904360526071e+02,9.156663645564090359e+01,1.851732103901365534e+01,4.382607256434666709e+01,7.166962148166228985e+01,5.708956241530594866e+01,6.301721060399400187e+01,2.429183210122598524e+01,3.453166858291097441e+01,2.016045510363791209e+02,3.035185781116790338e+01,2.666839104911053369e+02,1.626730390587296142e+02,4.021234932868242140e+01,7.655449410610682293e+00,7.980490188000318597e+01,1.267746592248222726e+01,9.992150247856377732e+00,2.659442013040610675e+01,9.033444556483885890e+01,2.407485438843742998e+01,2.858036562344956977e+01,4.877203461528211648e+01,1.810321657555132617e+02,1.799752043523409029e+01,2.090638175885676375e+01,1.464348856237519954e+02,5.513514529151309773e+01,1.226171848217359042e+02,1.433043874943247147e+02,1.099873220082952052e+01,6.463437073755686413e+01,7.492117678251135260e+01,2.108807947300550438e+02,1.363623861934838466e+01,1.329489783037957125e+02,8.838264603448146772e+01,1.899544075919029922e+02,1.687415571958118221e+02,5.264520584310803386e+00,9.445657049348882595e+01,1.098637339888396092e+01,2.535186707809831930e+01,3.552135377352747980e+00,9.313400517133406709e+01,9.876829740301643312e+01,3.255770316894444960e+01,1.343537434798188990e+00,1.699088305353311341e+02,2.130233995899161314e+01,8.739469380395277653e+01,1.732433991501054393e+01,3.990314842729719658e+01,4.902273505938077136e+01,2.515683604737258960e+01,8.787186262580250684e+01,2.593586017440818523e+02,1.261507016088225583e+02,3.185333879698734805e+01,2.468071168849498420e+01,1.951600469023281903e+01,2.852939657978676564e+02,5.359053171352086586e+00,7.475223608666902919e+01,2.789086127177881380e+01,9.618395905906030885e-01,4.248321269884212370e+01,3.081032965243054633e+01,2.716658795036414062e+02,1.777966678888307284e+00,1.164322180833653988e+02,4.210311524168201913e+01,4.533748999027449855e+01,6.976905055819644019e+01,1.287243029928821558e+00,2.113806402449824873e+02,1.783754716992896476e+02,1.693827315820632862e+01,2.085905298134909742e+02,3.654964868870930861e+00,8.413621434608118932e+01,4.557564222153502698e+01,7.446067379924851792e+00,9.582743113233998145e+01,4.995314780263532128e+01,7.414801735034579622e+00,4.831460544472387042e+00,3.024682603245536683e+01,1.761741422336908443e+02,1.217086787312658487e+02,1.727164268613963429e+02,7.265006414663703538e+01,1.609293297397198330e+02,1.913879280633303281e+01,1.780239574881601641e+02,2.699115213399203981e+02,4.679229853174865283e+00,6.753198396228194156e+01,3.552148777848780696e+02,1.493518787453018319e+02,1.296442312689726180e+02,5.128079746066499212e+01,5.405248168982837598e+01,8.705092718321809286e+01,1.494427918485785938e+02,5.235044306592762098e+01,4.046426610102076182e+01,4.616627613643839823e+01,5.556394678325106185e+01,1.198949384294198381e+02,6.874862091903798955e+01,8.468852847159007524e+01,1.706109714471517407e+02,2.373936555782649194e+01,3.873217470892931402e+01,7.793561860373132788e+01,5.115203776471722819e+01,8.577502387497643710e+00,4.802555189294550928e+02,9.365014646117192854e+01,4.593528322586804080e+01,1.408617089967529239e+02,8.334158466567382462e+00,4.355125878763870872e+01,6.750219491627147761e+01,7.855857683241664802e+01,1.286322114216816033e+02,2.742148201776836203e+01,7.545402869119635625e+01,5.828480067345098803e+01,3.101605637853224806e+01,2.466393111604525856e+01,3.246001312963186933e+02,6.541998922748675227e+01,5.879231551611758988e+01,2.380211810470371958e+01,1.730699517578859457e+02,4.159526278359329154e+01,1.108699298034313188e+02,8.472506351880889497e+01,1.781979369455907758e+01,7.827002423870317216e+01,8.957309793398378872e+01,4.240450956377605252e+01,7.174420769265145736e+01,2.722917272714742509e+01,9.449858854358738824e+01,3.622242200135406165e+01,8.172978162773373967e+00,5.143969493095334578e+00,4.947153800427842185e+01,5.821067226938780692e+01,1.009320513206060497e+02,6.332069187982520475e+01,1.583788182982042088e+02,1.149971170762955666e+02,2.650168319852543419e+01,5.348087416396947447e+01,2.826095811782968781e+01,1.688742054470535692e+01,1.007994123819131183e+01,5.860094436013716290e+01,8.606425022738510222e+01,5.677197872679152546e+00,5.873695929776808811e+01,1.598897261182248108e+01,4.440153867785994635e+01,4.828714049301527780e+02,6.949425327673138497e+01,5.940684836561445081e+00,1.591035154245824579e+01,3.036877568101391844e+01,4.414237792309811681e+01,1.356433285261090305e+01,1.417869612003160000e+02,3.014150083520956613e+01,6.134738919355462627e+01,5.672229043817758765e+01,6.331156427567813161e+00,1.815910462169526056e+02,1.583300463312771171e+02,4.174652495021005194e+01,4.900227711097767269e+01,1.147317744529414654e+02,1.078828974771773233e+02,5.426672770124442025e+01,2.402093735142449660e+01,7.307316606723462371e+01,1.678205871552424071e+02,6.425859205300048416e+01,1.064871788674195301e+02,2.073569144886750948e+01,7.982027044563322704e+01,4.408171830956618464e+00,2.747556503970613448e+02,5.885483472813000816e+01,1.455646201683068170e+02,5.342949479028909820e+01,3.775462353322863152e+01,2.193882529735935805e+01,1.478317131539396030e+02,1.307088000766333380e+02,3.057272689869158810e+01,7.688043230157940222e+00,3.775143963797841895e+00,4.367358148247084415e+01,1.612865590731008680e+01,1.225046317928229200e+01,4.898845153752744608e+01,4.123498538439320669e+02,1.234641584258708313e+01,1.293499367299225185e+02,1.491365302625593614e+01,1.617338755112754711e+02,3.256046999995308511e+01,4.900860209791728295e+01,1.457386378293016378e+02,8.873943165682264578e+01,1.270437708600458215e+01,3.135133626638822193e+02,3.990461803737697721e+01,1.182559454018114167e+02,1.292001830168669869e+02,1.309236193334061227e+01,6.719149563253489532e+01,3.218743099932505913e+01,2.408841362111000350e+01,7.829669346980296041e+00,5.490666766599628268e+00,6.393505972149745986e+01,7.719359290511419225e+00,4.864147034349010568e+01,2.388520501094606274e+01,3.211470838112443271e+00,2.663881240397163310e+02,2.643314145070320009e+01,9.041565818150615996e+01,2.689067257400159292e+02,3.301888557187133415e+02,8.086533594850619977e+01,1.522764504071549396e+01,8.286866637382244960e+01,8.738703724179213594e+00,2.390776335512251478e+02,8.040672188490981398e+01,1.884338820276070692e+01,2.701030261819400380e+01,1.830799732192054705e+02,1.528137159884346952e+00,4.054729590961706975e+01,1.844211168286102804e+02,3.929794657448606188e+01,3.941609022678704122e+01,1.754549365049486909e+01,1.344372433406789646e+01,5.604593940001287677e+01,1.985972035379375029e+02,6.354732536060606840e+00,1.484874679259997095e+02,2.185703947679451460e+02,8.689423579274405540e+01,2.540301811751706396e+02,8.727553208508309979e+01,6.470036875300026225e+01,5.825261705405437596e+01,8.941388554159448887e+00,8.132779879941325873e+01,5.338634574790618315e-01,1.888464951491906296e+00,4.597793994300082687e+01,5.248875519353069841e+00,6.540331507809951006e+01,2.731059602852759838e+01,1.648565571852799678e+02,1.520196802418652071e+00,3.733027264311211297e+02,8.264916969457733842e+01,9.544064375047797810e+00,3.064322667807606990e+02,5.828535786923580986e+01,8.572579390667245036e+01,1.968300468969858059e+02,4.930959977499161795e+01,7.378332205426679025e+01,1.050861478856225375e+02,2.280326962932126111e+00,8.003335499870467551e-01,9.811302693084765281e+01,1.210720282064586399e+02,7.862732877052890501e+01,1.636291255316484339e+01,9.617110506140905102e+01,1.943570837702733627e+02,9.140188020214090159e+00,9.815157803041712370e+00,1.855954529889612274e+02,3.411424440450802109e+01,3.430792203533173534e+01,8.195614648547581282e+01,1.907993391334195792e+02,8.890345532510549731e+01,8.536595975902862676e+00,3.799056711591259727e+01,1.783007847173620348e+02,1.475925115284566971e+02,5.752425942585064433e+01,1.004971045275672594e+02,1.101630000823671196e+02,3.973209661997072928e+00,2.076763021328092975e+02,8.444187309357610971e+00,5.726062701781381037e+01,5.935508600763387221e+01,7.022962550606805188e+00,8.293583952408795312e+01,3.405745320881542426e+01,1.744726213799501124e+01,7.086346982323865973e+01,7.898576960728094676e+00,4.618767066296459234e+02,1.521963898467523961e+02,3.869408765601662026e+01,1.178309725734045941e+02,2.730285497587345489e+01,2.170472455225691704e+02,1.156323884182142905e+02,1.970862567291743161e+01,3.597754714822374211e+01,8.694549032856565418e+01,1.553863910420689081e+02,1.324596278094644042e+01,6.117128060187391014e+01,3.430083712011819497e+00,2.896733706213329356e+02,1.887515545831378461e+01,9.167499081416929485e+00,5.470043092071457380e+01,1.966178478552319220e+01,6.791897059801881653e+01,1.042594467552097282e+00,8.587123558190059214e+01,2.825532816428465708e+02,9.664024309618127972e+01,4.284635257379287765e+01,3.077132236166946200e+01,4.097967949144245381e+01,9.924926487321472734e+01,6.363841561230920263e+01,1.249652953707496152e+02,3.887807243598756912e+01,5.184038706613791447e+01,2.759411526126882919e+01,5.222167052853800584e+01,1.164683856264173016e+02,3.038261225663993628e+02,2.135045790791970788e+01,1.589737938529821122e+02,7.248500234407052289e+01,9.399256693869290302e+01,1.636857517770938273e+02,8.392199310640718224e+00,1.644443558208763312e+00,2.086345238395642809e+01,9.932556530673404893e+01,3.177154345911972655e+01,9.353883182713701672e+01,1.139971234123400876e+02,1.099030382790745541e+01,5.268558883117819391e+01,4.895375024955684040e+01,2.363211001853301241e+01,4.248663472686925680e+00,2.740909803619393301e+02,1.205810700478670441e+02,1.005990309792050574e+01,1.432922965867459197e+02,3.200888235112198288e+01,5.595048304134418338e+00,2.046503160643668480e+02,1.092199727857689595e+01,5.292492745389167652e+01,6.915495523847213555e+00,1.274944875215366977e+02,8.417527230490507861e+01,2.256788682556137644e+02,3.730603546293172368e+00,9.998229846509657648e+01,2.259872967999559634e+01,8.299962758451684408e+00,2.966286497123755908e+02,3.774694660750854069e+01,2.010338551569421384e+02,1.417544662408226657e+02,2.061098584177915711e+02,1.006721735647722795e+02,1.742849166277239021e+02,1.221690921471723499e+02,1.478974666953548223e+01,2.990503882091464050e+01,4.279482272980404645e+01,1.456639097183847582e+02,3.732014346637807023e+01,1.471501594996979811e+01,3.492276186146222585e+02,4.811370705642570300e+00,3.702737202590271437e+01,2.627832022784486412e+02,4.796128530007450763e+00,1.956896562734722878e+01,2.520545957974244633e+00,3.115016094001753544e+01,2.574561149407099592e+01,2.003289673050097690e+02,4.850879040540303322e+01,9.832817555997492320e+01,3.043751417154684802e+01,2.510113569881425803e+02,4.316406222727110986e+01,9.584357274680598948e+01,9.630449056503822192e+01,3.339743868907454072e+01,1.645375390217101241e+01,5.645743166748622599e+01,1.351437057935291648e+02,3.429425521546783528e+01,4.226074853008644254e+02,8.795348926737729300e+01,1.133540495514600224e+02,1.492071868272990542e+01,1.808400121474752780e+02,3.490495135646759906e+01,3.066069388322575406e+01,3.754038453538267106e+01,1.029160511548081587e+02,2.039223187859232382e+02,6.866351095191246534e-01,7.181786628225273716e+01,1.305389971332196097e+01,2.076227050866009165e+02,7.218354802314883045e+01,2.463539084371816728e+02,2.892244832720671255e+01,2.194407504467408998e+01,8.342286245081913876e+01,6.436210464201961301e+00,3.567131039641871553e+02,1.910963079824188071e+02,7.830695683478660740e+00,4.991679826855928326e+01,1.001515283152647271e+02,2.310160632356524246e+01,3.379200300385881661e+01,1.156408427198394548e+02,1.158574372238122550e+02,3.071247814944662835e+01,1.675668250467796554e+02,2.227151208752967548e+01,6.983043564505928202e+01,2.565206857469568646e+01,4.652934763015721131e+01,8.253318823333390952e+00,1.512011433644969998e+02,2.271499657256074727e+02,6.668390006171200923e+00,1.663067241361479320e+00,1.638045237334175752e+01,2.755058966241641727e+01,5.633117440184648217e+01,6.900349100566042893e+00,1.876192511452798897e+02,1.947017991574757545e+01,5.582742085812613198e+01,6.420596507635659123e+01,1.885920440680905941e+01,4.197530741626122364e+01,9.840602296249263858e+00,1.014098848192365132e+01,1.138734498496248371e+01,3.868289073962011937e+00,2.372562629230847620e+01,1.112551365080378787e+02,4.104959927089154803e+00,5.395497369640381180e+01,1.709355196612493728e+02,6.196963304100550118e+01,4.150967417062785358e+01,5.884090699062585372e+01,4.993925303450637188e+01,3.823451686012837314e+01,4.305151189829722824e+01,3.258075840488196917e+01,6.023600092517725813e+01,6.059833487545610353e+01,3.380289186203437879e+01,4.801803564120469048e+01,6.394385325712611490e+01,7.239262384816542806e+01,1.482029591849981287e+01,4.303892988012426031e+02,2.807314363172599414e+00,1.589838565618433108e+01,3.506926322002011034e+02,7.175002305826973270e+01,2.034720525442655248e+00,6.447754832336961783e+01,8.153605288702104881e-01,6.685918869793090380e+01,1.440481269559921600e+02,2.127449336829489113e+01,8.174023612792164784e+01,3.882770056033279360e+01,3.532300992812587879e+02,7.230757227811167809e+00,2.348736106676280997e+02,2.572794412052210191e+02,3.705959169524972907e+01,3.462690172499240759e+01,3.947004679211709544e+01,1.857158537043123943e+02,7.361676286586776996e+01,7.643020789310418195e+01,1.008152721446240641e+01,1.327023735202162698e+02,2.586270357933436159e+01,2.138391919771831624e+02,1.645263491065958021e+02,7.189303493880483842e+00,3.797235112857757500e-01,1.162931094874114137e+02,1.405470317849246520e+01,2.089254768017151491e+02,6.448063173718331598e+00,1.131120995034257817e+02,7.022497078715007035e+01,8.103676617760284273e+01,8.351619274481306832e+01,3.444776020966607888e+01,2.331338922400510683e+01,5.058603756008075436e+01,2.976018149708417582e+01,1.624210559637290530e+01,9.201264840218358998e+00,7.473360504481208011e+01,4.949862791915164095e+00,4.544963552094188941e+01,3.526807663083050670e+01,6.111119396435042983e-01,2.476106922796211336e+02,4.048120262841067785e+01,1.006213765204229560e+02,1.224604497515108505e+02,6.743372410330380262e+01,5.969897191080172405e+01,5.415695830697983837e+01,1.661728759948312018e+01,2.123778994711209123e+01,1.744283091956944176e+01,1.145368552958680830e+01,1.865615393349341389e+02,8.971653856692817897e+00,1.562107252500704035e+01,1.122258454596903476e+01,1.853886578069587543e+01,7.757446698206292979e+01,4.348533864962426065e+01,1.159899458392276301e+02,1.261790211036191209e+02,1.440076818019342682e+02,2.956446198635652056e+00,1.357611704979611034e+02,3.560532515972890621e+01,4.995508953907195959e+00,2.081888746264581513e+01,2.008168226199131823e+02,5.463192859016086800e+01,1.188746160005981665e+02,8.619308012478182235e+00,3.291968137368173331e+01,6.255236745084928174e+01,3.253284635152424897e+01,6.994892955923678102e+00,1.531353642656578984e+01,4.661115540689399239e+01,7.336122573438358074e+01,1.931135545543179433e+01,8.191682264003530634e+01,1.146692734666139160e+02,2.270385831992633996e+01,6.124070246741746359e+01,9.227338414984215831e+01,7.117895976730329721e+01,9.532617520570882164e+01,7.518651889487841800e+01,1.088723856421647973e+01,4.953756108010686177e+01,1.478320573847053936e+02,3.073808712324496639e+01,2.132280115305781010e+01,1.940799282123842033e+02,2.313363051626947708e+02,3.927695394731753709e+01,3.904128553607940688e+01,6.472041417919817263e+01,1.018653538415721194e+01,6.787919697597865820e+01,2.890778990515602800e+02,3.640375575473186842e+01,1.689602708585431401e+01,2.915526407933806752e+01,1.714537570470070023e+02,3.341126480956062750e+01,1.152769551806889865e+02,2.743982072930637983e+01,4.847590670316241557e+01,1.206387565242941520e+02,4.988526708052810221e+01,2.299118309667815367e+02,1.134622365386366205e+01,2.173799104007002825e+01,1.330697912442534232e+02,6.629081242724643630e+01,1.729734417859825513e+01,3.365671911423134475e+02,4.701167396395447184e+01,3.504592160036429926e-01,6.113268855985055694e+01,1.670205978617299252e+02,1.414763511444295148e+02,1.296222693776685446e+02,2.760247371568502217e+02,7.955272482258007649e+00,3.220419073271899180e+01,7.785977016493193048e+01,4.042021754156457547e+01,5.609772168998708253e+01,3.761692999098699630e+01,4.261672694419794283e+01,1.012045710205635274e+01,1.742249626270382379e+01,9.792377123929179561e+01,2.153766886754089853e+02,7.428151875729379405e+00,1.089866691170522159e+02,1.397089438665359218e+01,1.330899589797256688e+01,1.618967767403156399e+00,9.114824658215256648e+01,1.252621805209228434e+01,6.262940327955704589e+01,9.869155713003307184e+00,1.643910239775138677e+02,1.979815686521770957e+01,5.013982220828972203e+01,9.834984769753528155e+01,1.866114558378009463e+02,4.982174373563325531e+01,2.214575425349391651e+02,8.364061862963840355e+00,4.345501262732653203e+01,7.028208088131515296e+01,1.644000047524015429e+01,4.729206036534073121e+01,1.101215483566586926e+02,3.459424754747008990e+01,1.203011832571833537e+02,7.050652666078777031e+01,9.372903600024386606e+01,1.124862070515183454e+01,1.096072304365935111e+02,1.419971363552241739e+00,1.526635050086568768e+01,2.698342727069182843e+02,9.020852069138874185e+01,6.906365621331816840e+01,2.832095421062882110e+02,1.054610171771277827e+01,1.234036515457271399e+01,5.038414957767971547e-01,8.018609175653386600e+00,4.742518525105595906e+00,7.054031640109526791e+01,8.355381226619728352e+01,1.750382032160474921e+01,2.699298803646357783e+02,3.698593352420937452e-01,6.758959967198740060e+01,1.683704312315587686e+02,8.426837334533958668e+00,9.740524481607616281e+01,4.371959856954234169e+01,9.730775220644177637e+01,7.665507465392464326e+01,7.472321883758640126e+01,3.141752052887933999e+01,2.365612512559438052e+00,1.506575959980464496e+01,7.125941042101969458e+01,6.641821842391447461e+00,9.494765006961102927e+00,1.755935686894898424e+02,6.604327391329165664e+01,1.538495735122419283e+01,3.085691303712678391e+01,6.605727147848425318e+01,6.645207357896813960e+01,2.033429997242133069e+01,3.584636104364204989e+00,3.944016744192406065e+01,1.479415635722329014e+01,1.079563305397242168e+01,2.257304427605130925e+01,6.051461883483099058e+01,5.600324801316987333e+01,1.344617416728952435e+02,1.221485051054430926e+02,3.955312209756109354e+01,6.132915248033947364e+01,3.205979875562565251e+00,1.172212694698316682e+01,2.127682622446853031e+02,3.778958906935964137e+02,2.243987882131088440e+02,1.879671091218366712e+02,5.012198965176373378e+01,1.124537399875016916e+02,1.642988527707629203e+02,3.140959407591622821e+01,4.992942451831722650e+01,2.184835451634902483e+02,3.726201649405820149e+01,2.975575952944847913e+01,5.332413181857901208e+01,1.635402089386829161e+01,1.724485940729593025e+01,2.585765763200606671e+02,1.988204469861073846e+02,1.363675812866821602e+01,5.460311565832415504e+00,7.358481510190939900e+01,2.290938231596231560e+02,5.105414876421200177e+01,1.523366364845113878e+02,2.852584821738275309e+02,1.411438089752260510e+02,4.052228704816443638e+01,1.385202262438539833e+02,1.235689242926707578e+02,9.324884165074962539e+00,3.359120191681071077e+01,2.647519035195744550e+02,2.026785727953028697e+02,2.342222860159946762e+01,2.276210428607010954e+02,6.953387057184619380e+01,6.391685772742746252e+01,1.430829796992346132e+02,1.769214008336398436e+01,1.478452376115070699e+01,9.176936574718949657e+01,8.449056926147710556e+01,9.533319291116757466e-01,3.129373348867691220e+02,1.368533928839171665e+02,5.406179574400446342e+01,2.022543009173482460e+02,2.201486996796515143e+02,1.021393400369284308e+02,5.182303471564060970e+01,7.247930156508904709e+00,7.003230724684277675e+01,3.788442361715999684e+00,1.116585685004741535e+01,8.527364320289494515e+01,5.095634228126315435e+01,1.436041382385099219e+01,1.186082779603580967e-01,1.257590709655726187e+02,1.921256414233713201e+02,2.089635975780350634e+02,4.014484268199329797e+00,2.091167938077850579e+02,1.616521209927169309e+02,9.518245549952111162e+01,4.952718626524318069e+01,5.875475444012047177e+01,1.348210609999715075e+02,1.175808888518562867e+01,6.235914872109775331e+01,2.950555741439118052e+01,3.042899676045368551e+01,2.202284862991973924e+01,2.540583167673412390e+01,4.155637071368972357e+01,2.783388122309111878e+01,2.763730989266829283e+02,8.596906323782364723e+01,1.040181560932900773e+01,5.977665612080911473e+01,5.893480387882760141e+01,1.078311896368569620e+02,1.014469862141773007e+02,6.621881230873134427e+01,5.599440790985099881e+01,3.697397988903335175e+01,2.431938511775229372e+01,2.911527444969323852e+01,1.000641768589873806e+02,6.288981216626282134e+01,1.057554491155217988e+02,1.016182629514883615e+02,1.271951557364046295e+02,1.208112211454563401e+01,2.019229231910570732e+01,3.687234105283315699e+01,1.152143561931368367e+02,1.928574726395166694e+00,1.192313105810851113e+02,8.411701819048498407e+01,7.675760358740048162e+01,2.333191926305694324e+02,2.661079754486504712e+01,1.004867846547537766e+02,4.844618345842238227e+01,1.260528729370903767e+00,1.407000918098796660e+01,2.051767685341414449e+02,9.190116347926279161e+01,2.833352320651880163e+01,5.267952238123762498e+01,1.122109500584817887e+01,7.432568803225143483e+01,9.732901776225587298e+01,2.552625029776742771e+00,1.319175047756287995e+02,3.125612719295117525e+00,8.692463018333386060e+01,3.647412918651762226e+01,1.654917099665240343e+01,7.658975353112977302e+01,1.552583581425505770e+02,1.782920041064741952e+02,3.035934545084554870e+01,6.549543298379275313e+01,7.511503151414784440e+01,6.909194046990849358e+01,2.598680011588601246e+02,3.170458690036157634e+01,2.131158721941891443e+01,4.129629172193932618e+01,1.204575598892448340e+02,1.175898908032999941e+02,8.761285946236165501e+01,3.427120388305542065e+01,1.491325919136104972e+02,6.947232940970703652e+00,2.598165275658697126e+01,2.265570862534211471e+01,4.521979735280795154e+01,5.331351311414768901e+01,9.216312655207217119e+01,6.247307848932111085e+01,5.352040690050682770e+01,7.515048964786751640e+01,2.566731666485921792e+01,2.458621863125955258e+02,1.408473615125400897e+02,3.447184331158045012e+01,5.700986038414324053e-01,5.394029062221687809e+01,5.344993550542560712e+01,9.838813910503418469e+00,2.140596422521987918e+01,5.993840831621540133e+01,4.381535800476590481e+01,4.157098050444623283e+01,1.347258894859470217e+02,3.720155533424775740e+01,1.663603801212775295e+02,1.910716727062677123e+01,4.708165163022415833e-01,2.232602826454709444e+01,6.801243943137657766e+01,1.877595637154009012e+01,3.540331592416755058e+01,8.838727248994614172e+01,3.135932547360415512e+01,2.872654691050236409e+01,6.409748136519206696e+01,2.876789070141773550e+02,1.051811445950074244e+02,2.065553557716514206e+02,6.094334736613106429e+01,5.492250215273839054e+00,7.635577338504761258e+01,1.394569563855890522e+02,4.548637883159671702e+01,1.330352703087445150e+02,9.461493914328447374e+01,7.310599714019890882e+01,3.681556678474537847e+01,3.178314381431118818e+01,9.648843308857517798e+01,3.753389666308257944e+01,1.059216925080739173e+02
4.469673914856770693e+02,3.577409433417647620e+02,1.650931985982561656e+01,1.445347498861656561e+02,4.482685313619669643e+01,3.649303903193533074e+02,4.208339899606016274e+02,1.009298004395759705e+02,2.981192135140606680e+01,3.216563831549371457e+02,2.606493674220945991e+02,2.627476312512999357e+02,1.752371490098156244e+02,5.477597517591901806e+02,9.357148725668905342e+01,2.201150262501409145e+02,1.509143105226183934e+02,3.436672248545824573e+02,1.051636836644450881e+02,8.640922188029753670e+01,2.077991995993290857e+02,2.295017726071874904e+02,1.289747342964024028e+02,5.674119110760216245e+01,2.566564252074308570e+02,3.074976718030742351e+00,2.319604201442561475e+02,2.759602062813095813e+02,3.342910600042584406e+02,1.423495638522295508e+02,1.144305397643151991e+02,3.187882810903935820e+02,1.999613717761997975e+02,1.136752715242178766e+02,8.086079400344662815e+01,2.438833945557285006e+02,1.080040594999200891e+02,7.905784745610350051e+00,9.027397424993621300e+00,2.268710957493382523e+02,2.506718908037728681e+02,4.930005388926691126e+02,3.588104521553282780e+02,5.466437801394887401e+02,1.003362004066707982e+02,2.553587897504643820e+02,1.479609355417565268e+02,2.212049821763235684e+02,3.673430784169926824e+02,3.541438183383605178e+02,2.093223289177867912e+02,2.147126623371859466e+01,1.693561072875069442e+02,3.949414182980391956e+02,3.572981278275711503e+01,8.174335069749904648e+00,5.179865353291689871e+02,2.723464998303469429e+02,2.592987903075257350e+02,1.070290714337411373e+02,2.674728122488306212e+02,3.268540770612867732e+02,2.645557233445001657e+02,6.855272916095829316e+01,5.551708662056562389e+02,5.778505888908603794e+01,2.269125381531074481e+02,1.323856158283421109e+02,1.394321348441986004e+02,6.799187565148068657e+00,2.026572243878125619e+02,4.777440302769334579e+01,1.915161721967418487e+02,1.519933836599736026e+02,3.993019548724286665e+02,3.109305356176994337e+02,1.861840343952325156e+02,3.935880009158754547e+02,2.021534544737593535e+02,1.696538759202337303e+02,2.302209502473484690e+02,2.227680629839935591e+02,1.824699974061573755e+02,1.747608650683922917e+02,6.114874554065136181e+02,1.365718075547011949e+02,5.207857456188534684e+01,5.340819224261319960e+02,1.202906520970299340e+02,3.562264187799632396e+02,2.568617673037482518e+02,8.159961041343601451e+00,1.001769835407292106e+02,3.535922518044650928e+02,1.864120063883192131e+02,3.972217969775380766e+02,1.074251974340093483e+02,3.802484420629587589e+02,2.144861600551896856e+02,3.320804153068929168e+02,2.638375103510849726e+02,3.638148944905776716e+02,1.654099076185968542e+01,8.555203042736140162e+01,5.318332400569470337e+02,4.967553999268585017e+02,7.461898896219240385e+01,2.807969574919035836e+02,1.477331793039791137e+02,3.550196617872404090e+02,4.771967190950419990e+02,1.603762175230562548e+02,3.097211117226447072e+02,2.499951677436266380e+02,3.882104312588262474e+02,8.120342967323198025e+01,8.270520876357005591e+01,1.555415660524799364e+02,1.356055789906330915e+02,3.014872178670955236e+02,2.196017671397896720e+02,1.623537135775140428e+02,3.072380840001749291e+01,3.765788367782170099e+02,3.569304628123348380e+02,2.210999682712375147e+02,4.932545848956474543e+01,3.517086806099569571e+02,8.762343323479429102e+01,2.408087970941963718e+01,3.342859783479793236e+02,4.464344510123607535e+01,4.954152550834652970e+02,3.825818449828729513e+02,1.644043584002708087e+02,5.155416059236934956e+01,2.089204635003123300e+01,9.630699301838276938e+01,4.248707186832776728e+01,2.632200990039256681e+02,1.722342300335874086e+02,7.857790598328227816e+01,9.127558948492406898e+01,4.829470936578319424e+02,2.090920027691406631e+02,3.205779594470590155e+02,5.603094432091468207e+02,4.757867963045912916e+02,3.883274467545084576e+02,2.105190939515937600e+02,4.097288356504420221e+02,7.717466767110746417e+00,1.166312530324493757e+01,2.016183290667146650e+02,4.140539053182425278e+02,3.334618919528270453e+02,3.297022260132809492e+02,4.540887295822744250e+02,9.473002059406441688e+00,9.200684332868549120e+01,4.144289758927670277e+02,3.583568704526419992e+02,1.943719692538935533e+02,6.867513760894202051e+02,2.187514134971746387e+02,3.954020616365158958e+02,4.499122529255974996e+02,3.488559274624831232e+02,9.964585546188800436e+01,2.690065464607571357e+02,8.269524411673501163e+00,1.161471423128456593e+02,1.859273573739170331e+02,3.473253668258998914e+02,2.349870231494417538e+01,7.607296682236552954e+01,3.166796183891747205e+02,2.177487850160236178e+02,1.113447501018457331e+02,2.704765483713766230e+02,1.716126754970110539e+02,2.197162872551434134e+02,2.084933434095460996e+02,1.180381026251933463e+02,3.653916222255327853e+02,1.275890126220548666e+02,1.924468612738693594e+02,3.668294052404223180e+02,3.121047627939935865e+02,8.810196824382101966e+01,1.761428563066641857e+02,1.927300442597067160e+02,2.414669361258804656e+02,4.244006748480684905e+02,6.343641925433448137e+01,5.924674541856549581e+01,1.260527739374702492e+02,4.714774245557928012e+00,2.117189657631886064e+02,5.229544570099973271e+02,8.240587332776628671e+01,9.824144803122016878e-01,2.756110363427407339e+00,4.324138259925223906e+02,2.840801775095371440e+01,2.735636332141695561e+02,4.521396360358387483e+02,3.288031188156549547e+02,1.476027066114896797e+02,1.919159155799542589e+02,3.895536234173275716e+02,1.569009788352047110e+02,3.158714157292405389e+01,2.622088563747860803e+02,1.440819032233683856e+02,3.361851046804216026e+01,5.443628214231195983e+01,1.075594811914559834e+01,2.741485713040979135e+02,5.469915686969408597e+01,1.175920024895881966e+02,4.473088360596494226e+02,4.092998803614768377e+01,3.071434666391538713e+02,2.166015989379846189e+02,4.382230947983196501e+01,4.393039334750038272e+00,1.737396587696347012e+02,2.871349465082861911e+02,5.812514942638200637e+02,7.328681032488564995e+01,4.363645693726282815e+01,1.422188600146757409e+01,4.274618644586607843e+02,2.438099908738086867e+02,1.027397808599913986e+01,3.579002944225498482e+02,3.017058147776838837e+02,5.620002252136399079e+01,6.415057450764148825e+02,3.122367933358970618e+02,2.530624247022108193e+02,2.522604600136637600e+02,2.646746278070329481e+02,2.473448351936559959e+02,3.024733031525653928e+02,4.795259743529947372e+01,2.508777883834941846e+01,1.354612330000948273e+00,4.182714371666959892e+02,1.235633671115866719e+02,1.175200557580763103e+02,3.075307525438587675e+01,3.026246755736490357e+01,7.561811243804414744e+02,3.660820384922273547e+02,5.854225896866013272e+02,2.586879201627032785e+02,1.883069383325797119e+01,3.493392107095889543e+01,3.378453784650918692e+02,3.610022886208084856e+02,1.198399426286111833e+02,4.439821436246656958e+02,1.223306344131087258e+02,1.013443053331028523e+02,4.653242754495074678e+02,1.020259085412705247e+02,3.412163851143514393e+01,2.509293976470736425e+02,5.680528993900953765e+02,1.300692513356299003e+02,4.021409590102894072e+02,2.038788115263600957e+02,6.125599786197029317e+01,1.715676885328406627e+02,5.775023269760020384e+01,2.546285513480890756e+02,2.821414531668819450e+02,2.432682448887115072e+02,2.692737312042796702e+02,4.987671533199139873e+01,1.924039404582355530e+02,2.431966906210004709e+02,2.872038758052485150e+02,2.156766087043607456e+02,5.155984439686115905e+01,1.937906870611157899e+02,4.084475442452235683e+01,1.018329191568443406e+02,6.172148073258657064e+01,3.573674428672574663e+02,8.980912618707128559e+01,6.075685536152404893e+02,3.907694115396834178e+01,2.507384338098020748e+02,1.542815969395819877e+02,1.569877877306000435e+01,2.454244594460981261e+02,3.748679620669742008e+02,3.989920705820321700e+02,1.443460833239509782e+02,1.390495168899595342e+02,3.138274840867217677e+02,1.649744401005170857e+02,2.055166979537604577e-01,1.593257891283824961e+02,2.257918777539040320e+02,1.424859118096604220e+02,1.397285551008608024e+02,1.950730370100029347e+02,5.870598422891577002e+02,2.174686244336545542e+02,1.296549835401908979e+01,1.545968622923452642e+02,2.121521991600228674e+01,1.993438478087465739e+02,1.290350409828235456e+02,5.304093331694123208e+02,7.364145099805061534e+01,1.615211110507948717e+02,1.928692247734101954e+02,8.313267166884861581e+01,7.412226014176040678e+01,2.753090631763755027e+02,1.696964366341962034e+02,1.334319356551462192e+02,1.725454473310486776e+02,4.616661069993325555e+02,1.289872304527374354e+02,9.242654941305771388e+01,1.654995804125411496e+02,1.202950816003616126e+02,3.288428185765155263e+02,6.603633034864849094e+01,4.010794160433796947e+02,3.332465257155811287e+02,1.396393187144736032e+02,3.450834035761478731e+02,2.455424001973412018e+01,1.675422124994782109e+02,8.287065650758647450e+01,3.729488643614042189e+02,4.117177612091007290e+02,1.951279060257801063e+02,2.664850541358973146e+02,1.569468902744995660e+02,1.631587849289281564e+02,8.400606317634629505e+00,4.697117467112207692e+02,1.126071320819091994e+02,5.655542266281748880e+02,3.394589558821336936e+02,3.406537530254996113e+02,1.246807764126386076e+02,3.381087774184231165e+01,1.331442051442280388e+02,1.382267381198306282e+02,1.214623476507347561e+02,2.751157630899041919e+02,2.571582745149293601e+02,4.540453186429331112e+01,3.912810462057819905e+01,1.367808168358183423e+02,3.828421939488304702e+02,2.546086982703152444e+02,8.231674254490199871e+01,4.119131067859473205e+02,1.571025597963472080e+02,4.570193494744430751e+01,7.500274663026344513e+01,1.321261220723305314e+02,2.462336174026160336e+02,8.356732254414333738e+01,3.601351125160863944e+02,4.852978832100574778e+02,5.820219758364815021e+01,2.931281809935359774e+02,2.072373902089996420e+02,3.125840343041771234e+02,1.045997871971193973e+02,1.181332437947926906e+02,3.438442395542087127e+01,2.241176256610125392e+02,4.690341413113094973e+02,1.527225349866499755e+02,3.299247015380794892e+02,1.852068305796110508e+02,3.208586363173426435e+02,2.594005717547253766e+02,4.129490756011659300e+02,9.122789329461107855e+01,2.828143883368926481e+02,2.395989335502685265e+02,7.970890918141263626e+01,3.917462977455390387e+02,3.242436609385222255e+02,5.127105937330317147e+02,3.943639526718944239e+02,3.234331445890925352e+02,1.962965424698906816e+02,4.667243659435599312e+01,3.253093186084191757e+02,4.822590753987108059e+01,1.857277170865608298e+02,8.483990462879690142e+01,3.234099329697958751e+02,5.862299606131862362e+01,3.192342112923221862e+02,5.366360265650080663e+01,8.617115731527690059e+01,1.477038115455070795e+02,5.705221790245808933e+01,8.543310124312284870e+01,3.036569437390033386e+02,4.758835527393457454e+01,2.469150559614255371e+02,6.162684200656804023e+01,2.566543425627955344e+01,2.555768131439208446e+02,9.748980202206040246e+01,6.950327610647632071e+01,2.240108080887298740e+02,2.421041470732455423e+02,2.616553311439087679e+02,3.665847932766064901e+02,1.026149531883695403e+02,6.668491854871648172e+01,3.184402806242974862e+02,1.722085366301897409e+02,7.109185376630252051e+01,1.683494154554387023e+02,2.777467219283806230e+02,3.420328109904613711e+01,3.999409014804019193e+02,1.818971100300415173e+02,2.241189139853604217e+01,3.601381591433428184e+02,8.128090346025588531e+01,2.164179913522959851e+02,2.958250323204297274e+02,2.002632468602312485e+02,3.090343980364675645e+02,1.491054112677393277e+02,4.090410934034069328e+02,1.233549027444969823e+02,1.005664897655821619e+02,1.709067115769440477e+02,1.327499565193897979e+02,2.720175870080489631e+02,3.769373076044973345e+02,2.185856677170334876e+02,3.941219050981267742e+02,1.670672502306530660e+01,5.955103949931127545e+02,4.368947406312849466e+02,4.582798283115420759e+02,1.780416651056927151e+02,1.089545248094075021e+02,2.286151640004070487e+02,1.166399250372383420e+02,3.462489748464374770e+02,3.899096698831655772e+01,1.986079905036634443e+02,2.916386724207581551e+02,6.823453272461854624e+01,4.172883346781120508e+02,1.337413546879922137e+02,5.397020335568009131e+01,5.057741761209530864e+02,2.104895469484625607e+02,3.697196454442041045e+02,1.852396217250089023e+02,3.484478241029169112e+02,2.540101512565698272e+02,4.681361445259369134e+02,2.092170700156218857e+02,2.952141628576079597e+02,5.851959192460191872e+01,1.317951368032922232e+00,3.222325809749556242e+02,4.974981434618542409e+01,2.576994116912350705e+02,1.233425906532407339e+02,1.042244899084174534e+02,2.035781384521893926e+02,4.551219328863694500e+02,5.658186269379183386e+01,1.312110295154661976e+01,1.423894807634170263e+02,2.674668018006962598e+02,3.005665452220084148e+02,2.978632520622216973e+01,4.066044847080321034e+01,3.225519889906322391e+01,4.720707958821021748e+02,2.892440655759212476e+01,1.179740901967508648e+02,1.404503496553143975e+02,4.057073510392245339e+02,5.203094247635280567e+01,8.244108422288020677e+01,3.728285251627568755e+02,4.771864819849425743e+01,1.048373965244284847e+02,2.788570401317969640e+02,2.782898268671081610e+02,6.688805083488945513e+01,6.146620921508188218e+01,1.284064039325911040e+02,2.895063898982772344e+02,1.229928878979173277e+02,5.401039382967844915e+01,6.556120783521200224e+01,1.440931838187612835e+00,5.804407211049482385e+01,3.005649179164825000e+02,1.516304289779484975e+02,1.179184723906939922e+02,1.338052322351288410e+02,3.435496663656368241e+02,3.354686640943718317e+02,2.642883512803595991e+01,1.701122278022058936e+02,1.706471521671147400e+02,2.416747163671180658e+02,3.387283976325006165e+02,1.974153547405198026e+02,2.658572793413089244e+02,2.934878782988669741e+02,2.795721903013139809e+02,2.745919539689589897e+02,2.574175833520677656e+02,3.705651235312199674e+02,2.799488287011058318e+01,4.376806503140201698e+01,9.579062236451748902e+01,1.067303293079035456e+02,3.294154500779833228e+01,3.206988040118261551e+02,9.147044837609290369e+01,1.705109968602451715e+02,3.669758125577002374e+02,5.847351658542947916e+01,2.933018805527810855e+02,4.333489457436090220e+01,2.324137842637682638e+02,4.927002656675960566e+02,1.385166059737397575e+02,9.646012460341169970e+01,6.221114467691910477e+01,3.616914606280716384e+02,3.712610310061286896e+02,6.970443691703158606e+01,1.346733875151795417e+02,1.925201293490139562e+02,2.199837041694941036e+02,2.303621841700961852e+02,2.222541484796670375e+02,4.941580114786403897e+02,2.049174847353071698e+02,4.149379221127298365e+02,4.056567172283700415e+02,3.569912519949272678e+01,3.217226973289866123e+02,2.044571091515947785e+02,1.431617250938751624e+02,1.972245244154374575e+02,3.314061901185564238e+02,5.723996712806468850e+02,1.307801987602423139e+02,3.025641933652011630e+02,2.943020381942155836e+02,1.734371969286944477e+02,2.643304023013369033e+02,1.125111161184875499e+02,1.111376841416026195e+02,1.752590596432922894e+02,6.386107833463020711e+01,1.490716727493167193e+00,2.535213456332459998e+02,2.689074913303233529e+02,1.000032339025082138e+02,1.835514879679968487e+02,4.007451955867473430e+02,7.667814783708466564e+01,1.796066198416912130e+02,1.047477917269954304e+02,2.621799822455785645e+01,1.027527462567120331e+01,4.053459305355265663e+00,2.446763850694653684e+02,5.374756800098126774e+01,4.044714641354830178e+02,4.712493915139045839e+02,1.979660382952701170e+01,1.702650978109985829e+02,5.097482290209314328e+02,1.949313193223769360e+02,2.489840474696108856e+02,2.537305904570115160e+02,9.361340762393156467e+01,5.058809588971506344e+01,1.249948588736761081e+02,2.183148332579398243e+02,2.232127681246579414e+02,2.951717077235482520e+02,6.871139666204933860e+01,9.272717090958495589e+01,1.299688272296848197e+02,2.877797404503312464e+02,1.935753668413073854e+02,2.205581919232957659e+02,1.765009566677061628e+02,2.071692519995441444e+02,1.186769639636299623e+01,1.247863659771735456e+02,3.047173457395428500e+02,1.754142351447924568e+02,2.812747005617446305e+01,1.485962722717611051e+01,1.271839968687064015e+02,6.697435483408343089e+02,4.170929076148105992e+02,2.176301686271550579e+02,1.227894538654665411e+02,7.356593748833874713e+01,2.128816776657333776e+02,4.712064702304439265e+02,2.575339799882923444e+02,3.204273352317676995e+02,5.803463926188368305e+01,1.770044921194727294e+02,6.696129991239943990e+01,2.351076648863320315e+02,5.408578536717344605e+02,1.286095733941290291e+02,1.585495547266355914e+02,1.421215139621780281e+02,2.535033454106280715e+02,1.051624529751627648e+02,3.054813498147728410e+02,5.339541437856999551e+01,5.559670001989990062e+00,5.559469167485837033e+02,1.403694873905819236e+02,2.502735869140659304e+02,3.475024002520871704e+02,3.256937096735341015e+02,3.108458832692623375e+01,2.833442852262339215e+02,3.596749388873077464e+02,1.911015992031790631e+02,1.558809373152274986e+02,1.029018321546320607e+02,4.536740752344093863e+01,2.614945840151545440e+02,6.383254719489833917e+01,1.712436580827609305e+02,4.893363476529518152e+01,2.675455841033741322e+01,8.716544245930771240e+01,4.416825053565031567e+02,1.865602920461460883e+02,1.027217240866552430e+02,3.958756862889885610e+02,7.326536740927674884e+01,3.370140503225662201e+02,1.468952353833474263e+02,1.302028845713631995e+02,1.084027515341004566e+01,1.804780765482621803e+02,2.415990291614013756e+02,1.290995285157010812e+02,4.063201218740555873e+02,3.544202798554399578e+02,2.195334902713481142e+02,4.061098667454882616e+02,2.762883441129565085e+02,2.299319371724425594e+02,4.898306469677009289e+01,2.828071764773562222e+02,1.219828563769994076e+02,4.157057569229706928e+01,1.243116596541732122e+01,4.554435298396324470e+02,4.545557313300531064e+02,3.025357650807459322e+02,5.623144068513404363e+02,2.296256431729314045e+02,3.600538535157130013e+02,2.008126824212579038e+02,1.912678571355777706e+02,1.323347684959613275e+02,1.067595761393517364e+02,6.385156644783194935e+01,4.815780689824105707e+02,1.878470374216415166e+02,1.342841586234811935e+01,2.620627997140142043e+02,2.299508922671710991e+02,2.633990641140064213e+02,5.654543505635808032e+01,3.816896217464289975e+02,6.182137722241925815e+01,2.829796358920938246e+02,6.598426930784516919e+00,2.455790265573637043e+02,2.683806763453716258e+02,1.259220759109440593e+02,1.218813085584324227e+02,4.196359058429798097e+02,3.392271542681243659e+02,4.196004058977041495e+02,4.718285554588181299e+02,2.499196633005599040e+02,3.266257506653119425e+00,3.157203205810072291e+02,1.868663499372509529e+00,4.388088294061089556e+01,3.848806704087809294e+01,1.276311839230596803e+02,1.254201642524876092e+02,8.089411921466387412e+01,3.601987803265941324e+01,4.251886749925910749e+02,2.240872251678542000e+02,1.522476878688680983e+02,4.820409603703705557e+02,1.964789488512372770e+02,4.696428145346083625e+02,3.527960723884589811e+00,1.074943954995078030e+02,5.317733322627385633e+02,1.133693642547855802e+02,4.616019049128418095e-01,3.337357002123106042e+01,2.463727981955289579e+02,4.797402925546123811e+02,1.395428967442022667e+02,1.767994949876404291e+02,7.084122627223473501e+01,2.180824993327513823e+02,2.464025092753404920e+02,1.879461047823602087e+02,3.190410893395815606e+01,3.035274448435188219e+02,2.248838710117832136e+02,2.068450932823730284e+02,4.544651018003083323e+02,1.908303439606283973e+02,1.423186621908182019e+02,1.398321187559226360e+02,5.000480427337881792e+02,2.386228085050415757e+02,8.576625471333424855e+01,1.281956628189545881e+02,4.364290357954495221e+02,1.755552854890227081e+02,2.219832192365093988e+02,3.492511485597501633e+02,2.889836100329991950e+02,3.919923229689339337e+02,7.639881243584540016e+01,6.598664472485170336e+02,3.054184374781498832e+02,4.532100375883129004e+02,1.359343500090699024e+02,1.717594640292840893e+02,3.911524987516409055e+02,3.082273290787287578e+02,3.531646044304215479e+02,5.560295798853922378e+01,9.430284452435385845e+01,3.390300662465272694e+02,3.251079076871715188e+02,2.079506680621971171e+01,1.833269898206843607e+01,4.154704798823213991e+02,3.821381215184788402e+02,1.215374789482319500e+02,3.284786926625237697e+02,1.616040289098695268e+02,2.405484947442948567e+02,4.914451283348393531e+02,2.005534482151222164e+02,2.185639660802616220e+02,8.225933735046594109e+01,4.920932475501496128e+02,7.699578784238335061e+01,1.840667297228268637e+02,2.190428477293386038e+02,3.212669341274827275e+02,3.211190691741825276e+02,2.706880821353354918e+02,2.110720950586383537e+02,4.720612566979689859e+02,1.764965513647836133e+02,3.576700407011767879e+01,1.963383070809630055e+02,3.742422978991516516e+02,2.603061082250791856e+02,2.807841546207214733e+01,1.557436845897154001e+02,3.957208420218136524e+01,1.002248717784923429e+02,9.297664501351596300e+01,1.909950215500095680e+02,2.089294914987929985e+01,1.524444112238740274e+02,2.211769696331444379e+02,1.227215623187289850e+02,4.886212230753176300e+01,2.236229003245576408e+01,4.453303696065154895e+02,2.352890739042141490e+02,4.255399591331711804e+02,2.641243967695498327e+02,4.073689317341671199e+02,1.504492785666708414e+02,1.946012603917842796e+02,2.542384456179056329e+01,2.678227007985601063e+02,5.534576150437914777e+01,2.343580542921946801e+02,7.901194940946993484e+01,1.889883421611837093e+02,1.403129735200655830e+02,4.760395711288771849e+02,1.044429883278713902e+02,3.511265292119903734e+02,9.881511850726651858e+01,2.608638839326150105e+02,4.419971296768670754e+02,2.501469742810531045e+02,6.096158829198608231e+01,3.151166270382979633e+02,6.135980986889712341e+01,1.895161739993482399e+02,7.980915440400208638e+01,4.702915380216078134e+00,2.096266377398087570e+02,3.678356085840022729e+02,8.578421344623752987e+01,2.252935960307593746e+02,2.515040335976403014e+02,1.723757248427757531e+02,4.581866712647224062e+02,1.411961066771580136e+02,3.057995688391582121e+02,2.367743193728591393e+02,2.161046262938328084e+02,3.291554211891263435e+02,3.897607271163996643e+02,8.629546794108789243e+01,1.098819261430622305e+02,3.680341713791415827e+02,1.467650171606762655e+01,4.056485628133330010e+02,2.896985789972269032e+01,6.979793711925948330e+00,1.844014627839243303e+02,2.055002973870803018e+01,6.564306999311808966e+01,1.278294635609402974e+02,4.151002182215598282e+02,3.840476768725022794e+01,1.535141618429323955e+02,3.166006912801382214e+02,4.361837548212148619e+01,1.629623812488196393e+02,2.091489110490277596e+02,1.409339980064817439e+02,4.003493820480503587e+02,5.942633539743607685e+01,2.937135625988311745e+02,1.521649781054127288e+02,2.030824442211655878e+02,5.955181516742469938e+01,9.171261156841082141e+01,2.776319825512934969e+01,3.212603950533010106e+02,4.793860536650772133e+02,4.135592922199534769e+02,8.036864443823499471e+01,1.728860946307218285e+02,2.461738465611560684e+02,3.214400274588013531e+02,2.853641360432292231e+02,3.386816861812972093e+02,1.086846904536063789e+02,9.727106790182995155e+01,3.334418109572258970e+01,1.950226610706735926e+02,4.240497754299951794e+01,6.122161278189766165e+01,3.253959042817394334e+02,2.392335602973691167e+01,3.737117595824897194e+02,4.288537319019575875e+02,1.252584338942129705e+02,3.914816140042790948e+02,2.747151129888254104e+02,2.484734011856602365e+02,1.694678963935788545e+02,1.812641416211348044e+01,3.115870175676266172e+02,2.631420559679283997e+02,1.851892983341109868e+02,5.582672651618764093e+01,6.348981740654777894e+01,1.385790654121725822e+02,1.877348545125798012e+02,4.458538406562163345e+02,4.652926761334225603e+02,3.532579010715892878e+02,1.787125216985838563e+02,2.710192063350206126e+02,5.868516809647770742e+02,8.111429625633192586e+01,2.490891112896164472e+01,3.068870150645244621e+02,4.155213093124501711e+02,2.659922308785058362e+02,2.033978626639420497e+02,4.160055128677814196e+01,4.943395564141255960e+01,1.373235003722292902e+02,2.024404816863954011e+02,1.928516736657812487e+02,4.812655748472877804e+02,1.912230053867073991e+02,3.890929389448820785e+01,5.093120187176762670e+01,4.940496827525806225e+02,2.036856026711757650e+01,2.538985361691719618e+02,5.299419184241015728e+02,2.156246783453670730e+02,4.246570288460640654e+02,7.586263418507481049e+01,2.696526031198516193e+02,1.160214971222208789e+02,8.540985003351082128e+01,5.646391719982376145e+01,4.216220210392632453e+02,1.651438465351400566e+02,2.855829828399705548e+02,3.506452355428961596e+02,1.718303649085091536e+02,1.601138168857336268e+02,3.327091730415845063e+02,2.846008247273437632e+02,5.175056619750374693e+02,1.402570925560111164e+02,2.201742145650854070e+02,2.616177678902153616e+02,1.922321456767730581e+02,3.838162522502464036e+00,3.828067791702465428e+01,2.760629494459123521e+02,1.127989752996252406e+02,9.784388293647340618e+01,1.406179630150745368e+02,1.082344377053606763e+02,6.635936523969974132e+02,3.302524632056922087e+02,2.276663245777257600e+02,1.655939139765612111e+01,6.945925755499624188e+01,7.767340520506044754e+01,2.609404781904244430e+01,2.171320175915770534e+01,3.967047530061400380e+02,3.118228750351796066e+02,8.641503431894335563e+01,3.052906363085372732e+02,3.190768118327718526e+02,5.488734383778331676e+02,3.657610216157553662e+00,1.028947323301086527e+02,3.298650236912026799e+02,5.361019543806968386e+02,2.370391606100978379e+02,8.486093514816890604e+01,2.931264936209947223e+02,1.116505103977870448e+02,1.771361604443467286e+02,6.690115832585883027e+01,2.070422322905329509e+02,1.963278246510849669e+02,3.835693676157137588e+02,2.618008511037977382e+00,3.274931359127401009e+01,2.499160739432925027e+01,1.028407991807394382e+02,5.418324770326451016e+02,5.430611007494384239e+02,4.147512397900703007e+01,2.810518382166360993e+02
1.438372369222412317e+02,2.488983448499866142e+02,1.308360980104176186e+01,2.408914612562742263e+02,5.063349860833647398e+01,1.850552814479002350e+01,3.660730322395792058e+01,4.751075726656552689e+01,2.034650637772344055e+02,3.988970305259329621e+02,1.464465873554448478e+02,2.014438272938185719e+02,2.424370896466002012e+00,3.135870977329213360e+01,4.559593869139171716e+02,2.647265712886230062e+02,3.496339455146461006e+01,2.011957650551810559e+02,9.458145318622088382e+01,1.137133752865465226e+02,9.965657790153200324e+01,1.597386462230808313e+01,4.476810164568384209e+01,1.108042563371073470e+02,2.210596166709780732e+02,1.365322372518546956e+02,3.543516904774190834e+01,1.448815591390408315e+02,1.313414271137087326e+02,2.986339839408333319e+02,2.634548262998134192e+02,5.585885974584157054e+01,2.045010751391785675e+02,9.843613827133013672e+01,1.020549104880112594e+02,1.904227851970946688e+02,1.012046151449499263e+02,1.378182327466187189e+02,2.758590577047516490e+02,2.208543712671103663e+02,2.149740169647219261e+02,2.982251264717330628e+02,7.906996448057897453e+01,3.462279780033720158e+02,1.924205020641812496e+02,6.779144004863013606e-01,8.981029901422819250e+01,2.608051954923495828e+02,2.180117487323931584e+02,1.001327196472334435e+02,6.821456257419549729e+01,1.009324931692724725e+01,3.406748510541589781e+01,1.815976203387509997e+02,2.018819391123924234e+01,1.025110790215229883e+02,4.910408945329109542e+01,1.815732718311999179e+02,3.220881816851835566e+01,2.062767939641074122e+02,8.018065918465752873e+01,7.319706199540874536e+01,9.574774873252873419e+01,4.085426466070273221e+01,1.734270022746125335e+02,6.267316735673927042e+01,2.376781475010982945e+02,1.604178611076147547e+02,3.417497832188190188e+01,1.516556447766840066e+01,1.220439414411035557e+02,1.032760669945579046e+01,1.410998663243303319e+01,1.624453538223582711e+02,1.423315103952072320e+02,2.272300716670450811e+02,1.282588548554563772e+02,9.017621721809859991e+01,8.657255477608259753e+01,1.311677992594113391e+02,2.048168470360796221e+02,1.965413683334145034e+01,1.941991803243278270e+01,1.176589523719776764e+01,2.154548744095036454e+02,4.209259575816630417e+01,1.049852019323808037e+02,5.182507873533310061e+01,1.014044393481026418e+02,1.617695401756691638e+02,7.579150060557667246e+01,2.726296208958777925e+02,5.123446222328160360e+01,5.050191840951328714e+01,1.083866862130162048e+02,4.019527163280069004e+01,8.042833659492212917e+01,1.189238516143692550e+02,6.937234265782441511e+00,2.126550495642501630e+02,1.828640982038004665e+02,2.944831948394581218e+02,9.368963260010531258e+01,3.068615830081137688e+02,8.369831540743733456e+01,1.729201326925071101e+02,1.423451041066471987e+02,1.772767285276319171e+02,5.466313416505669487e+00,7.952496368026623941e+01,2.802307370614407134e+01,9.475414239405168360e+01,2.515801624569854482e+02,1.647703317437617727e+02,5.326277813558365182e+01,2.596489290113339052e+02,9.428550657643029353e+01,2.221205721138129618e+01,4.343958583731579779e+02,2.340652850854832252e+02,4.557659094619111073e+01,8.237177847865262947e+01,2.021695802995830604e+02,3.956206468386022266e+02,5.081980644152900339e+01,9.109642510030050744e+01,7.739342515250589827e+01,2.532044759689077296e+02,1.145759918554762180e+02,3.011681237368212010e+02,2.377996728836439644e+01,6.090571191429616960e+01,2.039281818358496992e+02,1.164661797648655437e+02,1.777295809846385737e+02,2.980510573927455198e+01,1.495868088726210203e+02,1.340732961498577254e+02,5.245059756136187801e+00,3.345971324715385009e+01,2.894264886700358375e+02,1.541528653035378511e+02,7.675079402139716400e+00,1.863015317100177697e+02,3.499572175991798417e+01,3.984323624417089604e+01,7.843380009301712619e+01,5.540570625280316790e+02,7.396407774180141814e+01,1.848623455115273089e+02,4.355423157583324922e+01,2.452239684446176682e+01,3.253488762655088351e+01,3.293453632316753215e+02,1.015411735526607231e+02,7.578441240933439360e+01,2.964942086452830239e+01,4.143741848315388943e+00,8.972314924890953591e+01,9.985003765282513655e+01,2.292089822678806286e+02,2.679236723291280100e+02,4.724214411183132967e+01,1.418373945050453528e+02,6.843062820284075087e+01,1.491033009560262030e+02,4.165155748758581922e+02,2.736146512245140627e+01,1.382805897538324587e+02,2.050668611085788484e+01,8.967706620889201474e+01,1.175680008417483009e+02,2.947064450084488954e+02,9.328126441465455798e+01,2.652810509261129255e+02,1.521674473685797295e+02,1.955233273711310176e+02,7.409669459791832224e+00,2.110751636590332510e+02,3.840348261386140827e+00,9.968926127218799138e+01,1.115104704880236710e+02,1.214400477032171608e+02,1.036442695256261146e+02,3.153188353846911127e+02,5.059216853212643628e+02,2.188398971323131548e+01,2.941717523457277395e+01,1.906131493549313234e+02,3.245706565377652453e+00,4.613486865600253140e+01,2.133952633311366469e+02,7.186414223358292475e+01,1.468517719521807123e+02,1.558198674056256294e+01,2.810144351354626124e+01,4.258635726778644681e+01,4.012263381792575387e+02,3.272482073933750968e+01,6.495738859652805104e+02,1.011352213617560238e+02,1.841814455653084508e+02,2.242661856460458409e+02,3.100859634868867953e+00,3.916147845178214197e+02,1.361964853755600018e+02,4.679729232122547700e+01,3.165580115889711976e+01,1.177793231474311284e+02,2.092257163545261278e+02,3.588750425778912501e+01,2.589417576225590665e+02,1.014763045676845366e+02,8.265545762331534263e+00,1.171409697283054498e+02,2.116568807064335260e+02,1.906776751532315757e+02,5.711826318174616546e+01,3.060885281584154995e+02,6.882524130367598048e+01,7.774365438363970782e+01,4.448645879786823087e+01,2.685661757522947255e+02,2.645236530064298819e+01,5.470097294219854689e+00,8.445133046018456469e+01,1.092517391794588519e+02,2.838837614120607213e+02,1.203687873175432657e+02,3.118683033437422978e+02,1.024765689156154735e+02,3.146598266453800807e+00,1.196416665372211838e+02,2.947924121028972309e+02,6.914912810552156230e+00,2.040979211855421909e+02,1.849862507531857716e+02,2.229816200627965372e+01,5.225169128206899671e+01,2.468589610015941460e+00,6.260835119084653400e+01,4.784439706485893140e+01,9.388301305263938445e+01,2.171838097103719463e+02,6.452845323170556924e+01,2.233114144071037117e+02,2.706966757046430416e+02,2.547673814464875264e+01,3.335479900698396705e+02,6.718425548164601935e+01,1.338538449885467969e+02,7.610296801414504841e+01,1.148304511648183137e+02,1.066447318229079997e+02,2.942117664568528426e+02,1.606742772590120865e+02,2.268724057914966181e+02,7.946691544288229636e+01,1.739832345533073124e+02,2.642080767462010158e+02,1.103069472640899420e+02,2.909722078238856824e+01,1.836800862437700061e+02,3.383625817312794766e+02,1.636130997404039533e+01,2.219324419042400010e+01,1.102367908546318489e+02,7.091022315188480718e+01,2.064335299062935007e+02,9.157896036729898981e+01,6.322491957647777383e+01,6.088426064157631323e+00,6.568154084636687173e+01,4.817776332197957601e+01,3.252879507138457029e+02,1.530481362070422620e+02,6.629707769322567223e+00,5.371278275075842323e+00,2.797413294448739975e+02,2.600594575902948691e+02,3.754834610254946625e+01,1.118015883961662098e+02,4.223905837391539109e+01,7.582980135057142945e+01,1.205508461744510385e+01,3.493960485006903696e+02,1.782869369414945311e+02,2.317127404434597508e+02,1.242547799487681317e+02,2.822716685323973138e+02,1.353430314983926408e+01,6.077144256585179249e+01,2.626560841704659879e+02,4.648416284424447298e+01,2.708260641256514987e+02,7.178565076155449276e+01,1.599464118461244482e+02,1.531707045495608099e+02,1.050733004060367222e+02,8.508652766037073434e+01,2.970287371989556746e+01,1.636012871845789221e+02,4.081890370640515187e+01,4.298404228170781494e+01,6.771003207756136533e+01,5.442024000852572385e+01,1.921877563849583055e+02,3.920324849857071570e+01,4.206802655508579392e+01,1.040763025282399354e+02,4.507986802971515203e+02,1.635414756854764207e+01,4.310767630933924721e+01,4.043383524526546324e+01,3.097381402644035475e+01,8.539101674298530398e+00,3.206271191738871096e+01,2.069400926182408682e+02,8.031390159658899108e+01,1.317176853430183030e+02,4.619586732536388354e+02,2.774079632108368401e+02,2.354836391815254331e+02,1.893998841775983237e+02,1.481015458876499622e+02,1.513955548150180741e+00,2.004071320730695618e+02,4.079543181378898566e+02,5.008695007715518699e+01,3.557510833995371158e+00,7.244721546304633364e+01,6.576298680030609489e+01,2.004400695621263537e+02,1.245943990215096022e+02,9.628763707844014164e+01,1.047686981941544104e+02,3.034440809152358156e+02,3.892350531616666132e+01,2.909766089163260858e+02,9.432447807371815429e+01,9.926485324908155405e+01,6.215187803193997951e+01,2.472496105317491129e+02,2.013327784302730379e+02,2.371802798193212425e+02,2.312470177282685313e+02,2.368172770298219234e+02,2.543337322762413351e+02,6.415695781940861764e+01,4.559898980318472894e+01,1.147294056236538609e+02,1.299287515612076334e+02,2.582437505668905828e+02,6.587806705097393944e+01,5.102657401902888523e+01,3.255468600685480283e+02,1.925866357164436806e+02,1.020828849551757997e+02,8.099287238267011446e+01,2.862476694912724042e+02,4.342841718856761304e+02,3.738861858305544672e+01,2.349962278596437955e+02,6.216970178974386130e+01,2.788218494320778404e+02,2.139345482483388423e+02,1.638345800945702706e+02,2.637205045567161577e+01,1.593190065689210257e+02,7.941501724404838569e+01,1.386974225834876222e+02,1.940903560806890482e+02,1.366588615250583132e+02,1.772773114543365409e+02,1.061280504953982842e+02,1.489431905544705792e+01,3.171414438341094666e+01,3.026873568049783003e+01,1.956900933364548507e+02,3.120279523365586005e+00,2.069549271120638139e+02,2.644267622752551006e+02,5.499085870195062853e+01,2.281167471607198536e+02,2.526602221183516050e+01,3.840609315752713804e-01,1.261005108798387795e+02,1.021199260708285266e+02,9.827817907372269701e+01,1.973829075299363822e+01,8.380902072860961027e+01,1.519721433070220655e+02,2.835525413276899940e+02,2.389391870382067111e+02,1.935960144962196807e+02,8.322658453853449601e+01,4.711464827495313301e+01,4.074941131643497982e+01,1.768763696898141404e+02,4.843543579255992313e+02,2.132512578726361028e+02,1.921034681466934728e+02,1.714402412797310546e+02,8.452572601436700950e+01,3.916722794231574767e+01,1.799248303346152511e+02,9.945030874801645382e+01,1.322225475118044073e+02,6.587328393343712207e+01,8.550845765692427847e+01,2.548379940251532787e+02,1.688295981196052731e+00,1.177098567449492066e+02,1.779118256521420278e+02,2.496925718187597170e+02,1.278980252294537401e+01,5.963367510415912420e+01,2.799347973694281109e+02,2.752299513433866309e+02,5.170634455202403501e+01,1.988012299460571910e+02,5.260285173634166966e+01,3.094814534286197727e+01,2.867915819313772730e+01,2.421684029889921703e+02,5.971131081915181937e+01,8.174581689186542377e+00,1.174421779194636315e+02,3.499772226979984424e+01,3.876312651646905749e+01,8.612061556470306911e+00,1.201156051164757201e+02,1.891606115301286479e+02,7.181826213450874263e+01,1.097171897811065264e+02,2.203905135537010906e+01,9.000706545539411252e+01,6.573013081736993968e+01,3.394834102623728427e+02,7.405457097189152194e+01,3.474151426339562931e+01,2.312446677196791427e+02,3.123921545795135302e+01,1.304416469109087302e+02,1.334888906272365432e+02,3.125674927641603631e+02,1.291031985523483456e+02,1.964312604763935894e+02,3.493242561361672927e+01,1.856765266224224149e+02,1.285501079808058194e+02,4.759625366988793616e+01,1.163560637343012303e+02,1.612490597723870849e+02,3.707203138856220903e+02,1.746186881336451613e+00,5.492980085777333699e+01,1.495444127207254610e+02,3.555194463223131720e+02,2.758610621583673606e+01,1.393786317267972947e+02,1.929296465511015697e+02,7.884438292429152284e+01,1.623459946270262577e+01,6.333228966184080377e+01,3.517117291529243062e+01,2.888687921754638523e+02,1.150757350216000532e+02,8.502339057140814305e+01,1.205810468262035897e+02,3.397334765750915722e+02,1.739993441671002756e+02,6.279066464761213950e+01,3.728091039229634021e+02,2.121228831020229677e+02,7.517453310432999558e+01,1.672913102605232893e+02,1.580117293997038530e+01,1.077130357930954716e+02,2.475754848578160079e+02,2.178809576555892420e+02,4.590055318890974689e+01,4.903193063949104413e+01,4.940905776663898763e+01,3.315998729340235940e+01,5.522059037463413915e+02,2.674978166437794016e+02,1.141188089170350395e+02,4.741816514843620922e+01,7.531268719878211471e+01,1.436334029049509979e+02,1.632659843863089293e+02,5.484527964977127112e+01,5.135350097504267097e+01,1.581194834747313109e+02,1.539965783226369638e+02,1.202552584907513591e+02,2.479270748990944995e+01,2.346760126924735346e+02,2.739746805840118782e+02,2.078893916863961806e+02,1.071591890158328084e+02,1.272264729297358912e+02,1.616536765203844936e+02,6.585065336536621317e+01,2.327450128322629723e+02,2.136492724246355408e+02,5.317033917996183590e+01,1.354113727674510130e+02,1.216103609891690951e+02,2.579631347099445406e+02,2.114024065566507886e+02,7.004773056006170862e+01,9.444781171871353820e+01,1.257620442429736158e+02,1.308454602804769991e+02,4.448984050798444656e+01,1.912325101798330422e+02,1.539028569174525103e+02,1.253245265571584071e+02,2.638476958048021856e+02,1.936788045734238324e+02,2.705067083475508980e+02,2.187713687995244527e+02,9.645194830601797165e+00,2.109544207997284673e+02,2.542516983004282949e+01,1.967176006947199767e+02,2.373548956238021219e+02,7.090681790491258596e+01,7.875548648810713814e+00,1.343966329115818041e+02,1.417994311300388972e+02,1.085168651643437130e+02,1.386887865277616356e+02,4.590904384980803457e+02,9.965347335840847620e+01,2.084474574540482195e+02,1.563081336121374818e+02,1.647908664300931889e+02,8.220315306610767436e+01,1.547940086710041498e+02,4.444644311325117201e+02,6.259264248250580209e+01,3.548674722435907825e+02,7.538767416520740028e+01,2.338687722666261664e+02,1.225219740245362914e+02,7.031326638251394456e+01,1.973428587767385807e+02,1.015074079592589982e+02,1.894613466087816107e+02,1.722218023831454730e+02,1.209628691790504185e+01,8.744876714208209023e+01,1.055586367603832656e+02,1.106001677610720435e+02,1.761906723230982834e+02,2.981590961370768014e+02,2.908511206271964511e+02,1.875753586755324989e+02,1.081946490566039465e+01,4.849309353342587059e+00,2.170135988804204885e+02,4.735479607876840760e+02,4.596086665003617178e+00,4.224849976935338987e+02,9.024012025114809887e+01,2.775784446136906922e+02,1.183680808667172499e+02,5.633254988217409931e+01,9.072128651123649945e+01,3.112717713938968700e+01,4.598887562911257731e+01,5.985399833928256186e+01,6.875042061525133974e+00,8.751675938364078533e+00,3.768834008905873247e+02,1.458721920899760391e+02,3.676796455586188586e+02,8.743675487424097525e+01,1.644217557568677819e+02,9.044584585533277732e+01,1.124262341166828216e+00,1.641849064767626771e+02,1.203011684656311786e+02,5.695821140162785667e+01,1.666099266814978535e+02,1.797769989533938713e+02,1.321492761863612770e+02,3.059032691684652860e+01,3.239706023887737842e+02,2.593149289339788197e+02,1.335904376470607531e+02,2.042723619502828569e+02,3.618859468635640155e+02,1.108314600273429846e+02,1.258364592667480224e+02,1.164667679085754859e+00,5.397093322348973032e+01,1.379504133157486194e+02,3.097651469024314110e+02,5.106256337917109533e+01,1.795861426665084366e+02,2.596131068393503369e+02,2.169924275207035009e+02,8.351247664235562240e+01,9.887496348330655849e+01,1.774815609598706345e+01,1.076223834828460326e+02,1.541456698359254744e+02,1.022734327803592578e+02,1.138504609724298788e+01,6.603280865322666671e+01,9.423150466893970645e+01,1.012352257620294296e+02,2.100679510726538695e+02,1.892630132187360630e+02,2.101536664798470255e+01,3.196953682114863327e+01,1.298898330257523810e+02,2.138138832755405261e+01,1.052083308792808225e+02,4.401667004119727267e+01,1.559931444328577470e+02,3.010396483822044047e+02,1.005642806164201062e+02,3.052883032748337087e+02,5.794310664324727611e+01,3.523404787821402806e+01,2.877037269732834943e+02,4.483912608531347388e+01,1.731044699765808730e+02,1.511050581274767808e+02,9.785062116411738486e+01,1.978238510059690327e+02,4.028119228867377188e+01,7.100771571563099371e+01,8.270774016258731365e+01,1.087187729711594244e+02,1.882468118168250726e+02,2.131630322957103942e+02,1.657710223046339308e+02,3.081979817772605088e+02,1.985656018882306739e+02,1.073146639094244925e+01,8.597143610285017701e+01,7.630529275958551239e+01,2.441304539663734019e+01,7.906517446296676610e+01,1.784162234045001867e+02,1.367942199677389965e+02,3.235971517060174563e+01,6.364263735403128663e+01,2.921941959330520788e+01,2.872169076737423552e+02,1.051537606131294922e+02,7.952262544118588039e+01,4.657388755827546589e+01,1.623753330693509440e+02,2.957495693921351290e+02,7.826915485375617720e+01,4.146203429401679408e+00,1.237565007133782160e+02,1.386486277526822697e+01,1.051346536521454453e+02,2.232899284617843421e+02,2.075601715138953125e+02,1.861404735666269232e+02,1.223978933620458207e+02,1.210201801537715340e+02,9.925546762028280057e+01,8.645010781925365961e+01,2.493670125235211117e+02,4.059147001230155638e+01,1.933007471425165420e+02,1.927323251102159247e+02,4.731401198209635481e+02,2.112026785222244030e+02,2.021465992977329762e+00,9.738497588147463091e+01,9.749545167858714478e+01,3.047645946859441892e+02,1.024197523911334784e+01,4.678052401933027937e+01,1.379191613130890630e+02,1.435835044433414680e+02,2.073771834747525702e+02,5.152595653284407007e+01,2.893101316673259760e+01,1.577727173053906711e+02,4.660486410974166382e+00,1.694084210011712344e+02,9.891172418746053552e+01,2.015736044494197756e+02,1.602956366549139489e+02,2.099565968985840243e+02,8.048367009576807618e+01,1.026121322370694458e+02,7.918285211546317726e+01,7.748605350821725324e+01,2.091342520770593012e+02,2.117874472187068875e+02,9.248254787450382253e+01,9.288104342293569005e+01,5.617444853262031579e+00,1.649674081384261228e+02,2.329951929251347735e+02,6.311387274570506634e+01,3.418087113088033107e+02,1.848609821182957660e+02,3.654048513343724949e+02,5.919028270105445699e+01,2.614661431232017321e+02,1.974500787062559581e+01,1.856524173721566058e+02,1.573576997888293079e+02,4.853505203600644791e+01,4.072735004618778731e+01,8.973515151707751158e+00,2.065415679669687776e+01,3.626864352725454665e+01,1.293722020854723382e+02,9.646338314702192918e+01,8.301053637897111059e+01,3.047476819275164530e+02,1.063275839480511564e+01,2.021745263521318918e+02,3.384941002532779919e+01,8.349129068462345060e+01,2.062565923778433046e+02,2.204138504615093268e+02,1.219878189238409583e+01,6.291967584512727285e+01,3.253559600581596811e+01,3.308025022464526046e+02,5.100639731579780545e+01,6.266083246697596110e+01,9.316986275266975781e+01,1.494953867232480320e+02,2.892029803063570625e+02,8.646308932313077378e+01,9.128123637792795009e+00,1.337262148573712572e+01,4.167185857477437594e+01,1.314846673804862291e+02,6.545054889594224790e+01,2.116021097315707209e+02,1.015753630258886488e+02,7.582227705887697766e+01,1.706529951873811797e+02,1.933968991262075008e+02,2.043688826629921493e+02,3.021690449221904942e+02,1.245865385554885876e+02,8.130373733626628052e+01,8.921625049034309995e+01,2.403733067343738128e+01,2.257621566149199737e+02,1.015295873874452894e+02,2.324851150899156593e+01,1.002382662070659904e+02,9.102417210808857817e+01,1.152945867339445272e+02,1.340155240314914238e+02,3.828773987065972051e+01,1.408733369224386145e+01,1.913298176372168484e+02,1.979140688191911934e+01,1.455070393886582281e+01,2.966630242534819786e+02,4.233918292151229821e+02,3.199164060046184090e+02,1.021882361657134055e+02,2.317989441408549922e+01,5.738860737598430006e+01,2.316133658807763140e+01,9.892379205103070205e+01,3.395962627040197646e+01,2.317353453784756923e+01,1.371845348859477838e+02,1.016442882179396046e+00,3.712714037985382731e+01,6.591939728447482327e-01,2.929670571752732258e+02,2.313929402942989384e+02,3.130064935821423688e+01,1.631346199470619638e+02,1.078310733248160318e+02,1.993963742343541412e+02,1.470039563294173206e+02,2.372268755086063763e+01,2.021854470229590959e+02,1.759226582659715916e+02,6.494172422996820160e+01,1.493161808384309381e+02,2.525501821954330239e+01,1.550563221687282862e+02,4.009283421083900123e+01,4.376364844615699923e+01,4.876883050642322814e+01,8.818230560640567717e+01,8.152304746612666975e+01,7.827468793216000620e+01,3.191767778568610083e+02,8.769378333520336355e+01,2.663249342075932802e+01,2.272371825368089659e+01,5.473436113157380767e+00,1.174965141777503845e+02,5.103290610316659581e+01,3.703047382081266647e+01,1.305034959739553813e+02,1.934623278365336603e+02,3.385009037320418770e+02,2.621688501794844228e+02,3.198155831348663014e+02,2.398969684492485328e+02,2.041076375000062910e+02,3.964771641760268039e+02,1.454807586685450076e+02,1.656555563376273028e+02,1.474371444153353821e+02,2.236014364941155463e+02,1.240514912185863849e+01,3.281507684584177298e+01,9.689266912378286634e+01,1.448447235790128502e+02,1.372878353630381980e+02,1.792974975463815497e+02,6.010302003530313186e+01,1.181209701474247566e+02,2.655138700038998536e+02,1.386751335275459418e+01,2.502849809564531824e+02,1.970042334725968658e+01,1.080871005071717228e+01,5.608306229199233712e+02,1.524185127826015389e+02,4.286380201582936422e+01,2.019624478142904422e+02,2.090636418825816989e+01,1.076097099161671764e+02,1.012980931992123033e+02,3.767711606205245403e+02,1.486702165699545048e+02,4.543889842452720274e+01,3.001608293691422205e+02,3.611373395259212060e+01,4.835195881676505536e+01,2.080501922426931003e+02,1.194631273962967697e+02,6.827701354575984283e+01,1.022091012280870217e+02,3.868183522523827946e+02,2.633377906221600142e+02,1.836485763449728665e+02,3.070190008196777232e+00,1.764764180456646159e+02,1.068737119052363340e+02,3.924168026793213926e+01,1.093830702165501521e+02,6.967358005758859463e+01,1.637926849243729350e+02,4.586220858112653076e+01,1.900681322265510005e+02,3.787042797110611048e+01,7.600378998512900353e+01,1.558668133558842612e+02,4.202431663921088898e+02,2.575715542720263898e+02,1.936710596361999421e+02,1.589832818984826872e+02,2.939459392514771707e+02,2.304088808304078952e+02,8.641769500159112738e+01,5.406220536695143153e+01,4.883690934981029841e+01,2.046783779579981228e+02,2.942064545822683499e+02,5.264671952079731199e+01,3.564846189284128286e+01,1.039113338971869354e+02,3.215186121076150272e+01,8.768769308976574450e+01,1.006634644999955839e+02,1.124807833922824187e+02,8.176075842992277387e+01,4.447794343159037211e+00,1.994931206487295015e+02,3.911335335302259608e+01,3.004785237518369811e+01,3.745804104662988010e+01,8.224559617056831939e+01,1.520290312425804018e+02,3.307302839594296984e+01,1.130343970388488799e+02,1.733439809326254988e+01,7.064258841574249459e+01,2.430137573540998801e+02,1.330975541435387299e+02,1.172321674369764679e+02,1.368960599170473813e+02,1.158831636990588123e+02,1.086574971356574792e+02,1.383542103861625776e+02,5.512676238220165459e+01,3.669748469195616991e+01,6.071992320087008466e+01,2.100197935526225308e+02,2.154181458041599910e+02,3.201247457098467635e+02,9.102784607799721073e+01,5.328687246783908193e+01,1.311718753227389129e+02,2.502663143313264698e+02,1.786284652757763922e+02,2.864172941535411496e+02,1.589064543227575399e+01,1.130547280852143075e+02,1.669909768882829937e+01,1.111212386083385866e+02,1.274018327317671293e+02,3.464311248418437685e+02,1.732468383979502562e+02,3.528368602999738357e+01,2.141990885384416288e+01,2.085013180946715838e+00,5.127078149001862784e+01,2.974068138613228029e+02,2.037792235202522022e+02,2.263200623994666500e+02,4.250952866675287964e+02,1.303111089079399392e+02,4.484449796277665428e+02,4.286442099500948011e+00,3.135396848961775049e+02,8.666060738812039688e+01,9.693309003585028449e+01,7.822441051714264404e+01,3.648697839471732607e+01,3.764431630185278550e+02,1.787962012498403794e+02,1.413793007854556834e+02,1.428979252565079889e+02,3.990761857015171721e+00,6.752529678390173729e+01,4.541281884973492566e+01,1.440657386698421760e+02,3.607401376647956113e+02,2.264762469885107237e+02,7.405403838213084100e+01,1.002866786919362738e+02,2.969499321567695915e+01,6.982077698646050123e+01,2.074966355867754331e+01,1.358095169742810349e+01,1.455176230047460173e+01,5.782302190563851241e+01,1.839925189886212991e+02,2.207578407638708882e+02,2.659860486438824623e+01,3.230633953205123987e+01,3.979317528243547599e+02,4.683136027489654651e+01,4.771239449662551806e+02,1.233677338523556841e+02,2.725232910730394451e+02,2.492109562915987624e+02,6.682962797936269794e+01,5.023573105879745526e+01,1.619722442049157678e+02,1.412022475651200182e+01,2.154941342022874267e+02,1.125960457552977942e+02,3.045321370638823169e+02,1.959194500514481945e+02,7.013548879729230023e-01,5.281135419115877028e+01,8.895260770084911428e+01,3.803287907754975095e+02,1.942925017651916448e+02,1.657689825525986578e+02,5.014831478609735171e+01,2.556729384276596022e+02,7.778175667824271500e+01,1.813581003840358505e+02,1.283595530282217396e+02,7.739287634345136269e+01,2.258503928995370202e+01,7.975254134429548003e+01,3.569855103833653942e+01,2.894713102333471397e+02,1.526300377584661483e+01,1.294877024544660742e+02,6.062143250144132800e+00,6.549986470032978048e+01,4.008791961844622165e+02,2.720582360517101392e+02,1.776968592529412092e+02
3.457346805264762111e+02,2.752400907501662530e+01,2.772392071440119921e+01,3.728948943915394807e+02,4.551356718428922221e+01,1.167485281367609495e+01,1.077277618951700902e+02,4.522934111419098002e+01,3.154538791501277615e+02,4.299094477880638721e+01,2.010203373779791320e+02,2.160924356204646131e+02,1.124087277901582249e+00,6.694421806908864880e+01,2.543136682693477439e+02,1.254749354012841422e+02,3.022349590839401046e+01,1.780177430159750784e+01,1.113910919496371008e+02,1.115379702828713278e+02,7.242081420280466197e-02,1.752821897449096333e+00,2.110949643213583471e+01,1.430881645910554667e+01,9.756769365440122854e+00,9.129822951054705982e+01,2.932867446831357370e+02,3.272220414906986719e+01,1.488291144815329119e+02,4.956162090024015043e+01,1.575850360280781786e+02,1.219170960016075789e+01,6.675325652308293911e+01,3.652831828074231879e+01,4.105042300594339366e+01,2.078933803562357525e+02,2.482182734295490434e+01,3.269633855941575007e+01,3.335492018740978324e+02,3.879504168422226371e+02,1.347485204643257646e+02,1.097716752149449206e+02,9.673313757310992855e+01,1.896696455753639441e+02,5.867117405601064917e+01,1.530550438422136210e+02,5.977505747535757763e+01,5.823239000349806815e+01,1.548155596471628144e+02,1.618832036949168085e+01,2.472343095379264071e+02,8.852016306798559242e+01,2.012090482490937049e+01,5.053509971757901553e+01,1.984326294818022234e+02,4.768681662556429757e+01,3.172600100242788912e+01,1.912153758418474752e+02,2.715151062756428590e+00,2.375825471562431623e+00,1.031859151446961675e+01,1.111447101389392031e+02,1.062880340928978882e+02,2.010623843145200169e+02,1.067152343967588166e+02,1.550820998349543629e+02,1.642655726283791395e+01,4.859919831673273194e+01,2.120113653759506889e+01,4.177931125922480646e+02,5.818836660162978802e+01,1.592991143611850724e+01,1.715925660072894843e+01,9.794016054967372042e+01,1.896703304102180425e+02,1.349398918376100198e+01,2.904850561027366851e+01,5.967466546629123059e+01,1.819799251530202753e+02,8.491351722274831815e+00,6.588202728355824433e+01,3.876923997230540664e+01,8.743912003036955127e+01,5.698530531088684903e+00,9.423980324331010650e+01,3.336778293509225932e+02,6.404003749296016679e+01,1.083132884896446626e+02,1.370775975684340438e+02,2.996792579184928229e+01,6.050482005313889289e+01,2.657632540400916241e+02,1.516384357636539448e+02,7.110069389558475450e+01,5.789098910158267941e+00,1.816457613691607875e+01,2.940098323287358895e+01,9.160290140164345019e+01,2.345572363848289115e+02,4.668892577825965304e+02,1.813483477193597793e+01,2.960525269287586525e+01,6.299459966793016719e+01,1.748473462042703153e+00,9.316529263058763277e+00,1.691525103291002381e+02,2.112472614926767278e+02,1.307996432423124418e+02,2.535017317721664369e+02,1.355585791967787657e+01,9.378448761836388314e+00,8.755154778777891522e+01,4.389922350876125989e+01,1.633700042360870555e+02,5.576253888361819122e+01,2.979940833588621274e+01,1.049552101197656242e+02,7.339229205990265825e+01,1.005184245706760748e+01,1.472058626955838463e+02,2.007920156338410678e+01,5.546618171731686431e+01,7.228612584637090777e+01,2.731389576945901467e+02,2.905942615094545900e+01,1.884336776391430135e+02,3.077773370860021007e+00,7.746390843746924304e+01,1.302754239520611712e+01,1.466535172067427766e+02,1.456055015589392765e+00,8.492759650867300536e+01,8.814912142397909989e+00,2.148803025560075923e+02,8.962778608198958352e+01,2.256564813059284447e+01,5.777910725945173454e+01,2.844823990305901518e+01,1.940480925915008754e+02,5.989800151039032983e+01,1.084427740989365816e+02,7.231473744523919223e+00,5.313207103389246555e+01,3.968740754805342874e+01,6.039571698938424937e+00,5.172410310599025784e+00,2.545322434717174787e+01,2.575194726478619955e+01,8.889500100281610528e+00,1.577929176620231715e+02,5.795569140316206358e+01,4.159591114689441760e+00,3.957500235218270035e+01,2.535354184406037703e+01,7.001774021664673775e+00,2.245465435686843492e+01,1.051776817518103400e+02,4.207410219739066548e+01,4.418721093879930351e+01,2.870880200382690361e+01,1.131605830999012312e+02,1.810983552204465141e+01,1.206003475904351632e+02,2.118008457943504652e+01,1.703549133399769744e+01,1.590966844797192152e+02,2.666825934389426322e+01,6.059315334077263060e+01,2.687047255281822444e+01,1.175345102287275409e+02,3.638894954073163746e+01,6.123608780751822422e+01,1.268590990883393630e+02,9.100276504684130430e+01,7.489151562779369442e+01,1.436144451964923690e+02,5.519819023670727631e+01,1.604910925115307663e+01,2.495136813113452945e+02,1.540287360485827817e+00,1.477945918754221566e+02,1.877638267076345926e+02,2.545205977192381397e+02,1.944722930662114635e+01,1.148972959779533767e+02,4.879786495423409920e-01,1.215414384125344611e+02,2.246375932273366516e+01,1.103919189240951368e+02,1.353409136321336348e+02,1.629316890185922739e+00,1.251209759959619738e+01,3.881581292629614666e+01,1.425498354074682616e+00,2.732339310219699868e+01,6.408043436534327952e+01,1.504296985982601882e+02,3.252947234974791257e+01,2.456833898325090715e+01,6.527358335811440648e-01,1.028779056326962760e+01,2.226141140535676133e+00,1.218872864360024550e+02,9.953305876599671365e+01,3.845337258463614916e+01,1.146126234702462767e+02,1.178469952261609777e+01,2.632007229011844061e+02,3.342627392069549330e+01,1.969454294288319218e+01,7.058698821211906704e+01,4.704644093524530746e+01,2.998809941342490148e+01,2.438463372238327409e+01,1.339035937010086563e+01,1.023141475708433745e+02,3.075968526093053512e+01,9.352392289392753355e+01,4.524811209087389585e+01,7.493663927245385992e+00,5.620415113519668182e+01,9.314933430549643845e+01,3.878044759406953546e+01,4.057647108988674489e+01,2.404524044350001333e+01,1.469358081733820427e+02,1.828039460397267746e+01,1.521864297573797558e+02,8.176830921441809608e+01,9.103126599775224292e+01,1.886417202171072205e+01,9.644598817377642774e+01,3.643283274814329076e+01,2.449028860839105448e+01,4.734150364476829509e+01,4.532101613010994612e+01,5.444653207059504396e+00,5.003928161222908244e+01,1.394608783842933519e+00,7.963960916899848996e+01,2.369820786342554797e+01,1.158442882809290779e+02,7.274540036021519995e+01,1.489511100584020369e+02,1.494465116303771595e+02,1.862810270288730692e+02,3.421248532387937757e+02,2.995430030142408029e+01,1.265695591468967365e+02,7.791363528961268514e+01,1.499051400608142899e+02,1.541934160093019379e+01,4.264070420133759853e+01,1.151692784440548536e+02,2.300872702954867748e+02,2.724351146391523315e+01,6.886014170655501232e+01,2.602323781807051617e+01,1.710936638920123016e+02,2.286426206355880595e+02,1.850027347288137207e+02,8.644575954015409991e+01,1.082906738965824189e+01,1.391444767624845440e+02,9.776768580553623522e+00,1.626329951306612642e+01,1.251204503711716285e+02,4.090731298926788639e+01,9.862112034771987723e+00,5.539244449821205052e+01,4.742014604699825497e+01,1.324825329559124754e+01,2.307686916032570323e+01,1.338731273980715457e+02,1.281436131601634543e+02,2.600391533108020212e+02,6.576966936749029458e+01,3.465620765584328922e+01,9.328039036660781846e+01,8.535351758773471076e+00,1.141616813134773345e+01,3.044571737074430828e+01,2.136309858638129455e+01,8.817676245023803006e+01,4.663552001691378734e+00,7.653741436463459280e+00,8.386065230955642846e+01,1.423984581956207478e+02,1.820202720035374000e+01,2.196710036263567201e-01,7.838012895370086142e+01,4.212980887440352831e+02,8.158173992097539440e+01,2.145130761251440887e+01,2.944120100260768069e+01,8.134380667845069013e+01,1.311673521240651574e+01,5.910202349475746075e+01,2.556935653816867386e+02,5.173513867744489403e+00,5.917175015491525869e+01,1.066872418936904410e+02,2.050361847294881557e+01,3.440763684556891633e+01,8.430884872053185575e+01,6.980507949716651694e+01,5.423714727771430155e+00,2.271890750128118697e+01,7.021808772589039904e+01,4.592334081755155495e+01,2.980104806717918677e+02,4.552258016877895130e+01,5.711847716086658977e+01,1.365563562903215882e+02,1.680482661405725082e+02,1.499063710033661607e+02,1.626492198227740289e+02,7.908321414476172606e+01,1.352519085930797189e+02,3.794734930815363505e+00,1.815712633206407816e+02,1.044985666346212696e+02,3.240318966462356620e+00,8.734080488860649893e+01,6.445600352113184606e+00,4.885985352272975746e+01,6.763722219148382919e+01,1.267800930032680782e+02,1.338486222743007943e+02,4.324207029265554336e-01,2.059733801527777075e+01,9.023206706021957402e+00,2.142196892812066267e+02,2.276327772335997679e+01,1.518483594360129985e+01,9.311521681558698305e+00,2.194424008432500557e+02,2.077363243700871820e+01,2.217488260516262528e+02,3.860947841121119950e+01,2.486378102582934013e-01,2.232384718809063600e+02,2.564214963386595869e+01,2.928974217538351468e+02,2.063995573426053909e+01,1.904136338856832111e+01,2.128936608623893001e+00,4.335690623995575521e+01,2.325748435756653407e+02,5.740225848073550452e+01,1.847517741454984730e+01,1.527831335880387371e+02,2.189177550871551503e+01,1.024603813317994572e+01,6.290970698488457025e+00,3.699893073668289389e+01,8.696177416746975553e+01,6.528791361808812610e+01,9.190894084648705586e+01,9.773310858692288150e+01,7.038409137590642217e+01,5.881635802771263855e+01,2.413841847750029146e+01,9.030809774955660885e+01,7.554053917467528834e+01,1.071819086260215670e+01,3.675244187787433816e+02,1.058311774295515306e+02,3.937032118676764725e+00,1.715148905598757949e+02,8.779023210650750286e+01,1.043812467311445999e+02,1.427889823552105781e+02,1.087867052202336140e+02,7.590798850167489320e+01,1.853172060620784976e+02,1.414321346075493864e+02,2.195440746784690234e+01,8.263878119385135790e+01,1.302187692039101989e+02,1.436282169670218707e+02,1.688006364854896546e+01,1.078424363701479871e+00,1.936431596464931033e+02,4.555806366939887653e+01,5.516099325149085075e+00,4.269526493111385435e+01,7.169120907341410032e+01,2.358791602279895816e+00,1.131686133440153696e+02,9.921683258390531535e+01,3.705929667174212483e+01,2.177385530124385014e+02,1.263661788752639694e+02,2.347974352512442309e+01,1.694532117936956013e+02,2.496314080053646194e+02,2.939700026609150996e+01,5.358407456439700844e+00,1.676759997561879345e+02,1.292641820320572243e+01,4.432573601660543972e+01,1.703818942611084992e+02,7.440313119337787384e+01,3.702095241702240713e+01,4.669913937001431492e+01,1.475171963642047217e+02,2.536054130361493719e+01,1.472719554097154742e+02,2.162014845477925462e+01,1.106745562104815548e+02,2.305958255014063525e+02,2.138193847073712917e+01,1.693452307979916611e+02,2.503011885705388124e+02,1.158778785458964791e+02,4.155174706301863807e+01,8.521552245046763119e+01,6.678056473518479308e+00,1.346186795940202074e+01,2.307357134511811481e+01,1.790264439521845077e+02,3.005653205529600913e-01,8.588487524412708751e+01,2.717755674522893514e+02,1.205640944373277357e+01,6.162524174724487835e+01,4.802135054483716914e+00,1.309861417542553568e+02,9.740855888537983276e+01,1.291939846629476385e+01,8.632163756186713499e+01,9.910966610471939475e+01,1.525430482404365762e+02,8.458384054192669055e+01,5.706415267072890884e+01,2.865148641836748311e+01,1.935646090635561904e+02,5.092538855124956854e+01,1.007405153129841864e+02,1.270433570993396621e+01,2.765011806447642471e+02,1.161199094040697100e+00,2.800468198290109854e+02,6.139221876266319811e+01,3.356519574513665702e+02,5.635849586490425622e+01,6.638117812983202271e+01,4.297045779059497583e+00,3.883697214823798163e+02,1.946428024342086189e+02,5.992120000775526023e+01,6.720313099097302256e+01,1.801546939068616666e+02,3.596879484336798782e+01,4.177528997306688296e+01,2.519360242882629564e+02,2.295601909474868592e+02,2.669536586555636859e+01,7.015767124594283644e+01,7.775738018252526729e+01,8.884041099302535827e+01,1.207016054353165799e+02,3.233596353972561133e+01,6.342366895093047674e+01,1.529144238243823111e+02,1.579143651521758045e+02,3.872577108246820785e+02,6.731718588669605374e+00,5.527114155743810642e+01,2.824267093941771378e+01,8.605651234512114556e+00,1.580756113650887755e+02,1.203963136249610102e+02,5.325050870237637213e+01,1.317210511116536793e+02,2.464807985498903165e+01,2.111843281490656352e+02,2.368747204597528722e+01,8.257338763702038875e+01,3.460292618771975413e+02,4.718528399402096341e+01,2.381628145764602777e+01,8.287159628450064375e+00,2.752921460224349026e+00,2.740440063173087424e+02,1.712382849472741384e+02,2.128130227597211217e+02,2.063947489248261888e+02,2.020237334519235972e+01,1.332274218675317172e+02,4.216144889648280127e+02,1.049004675664902351e+02,1.060756704055183297e+00,7.306235325086154830e+01,1.330537934354174183e+02,9.722138153512298686e+01,5.200685425302503262e+01,5.382624516351923916e+01,2.614469754431080872e+01,7.831049593057817049e+01,3.108507969261228965e+01,7.549058310296311447e+01,8.855053803583393801e+01,5.084194573639364734e+01,1.489751949499407431e+02,1.587751451419865134e+02,2.673864506931522911e+01,5.899299217691407904e+01,4.220311873055137397e+01,2.206078262684138451e+02,4.402246583497372967e+01,1.241928872950967673e+02,3.425411023990426997e+02,1.174947626461924983e+02,1.146081267959918115e+01,1.878483208318314439e+02,4.032795777974173035e+01,3.943304276633338645e+01,2.484489256626776239e+02,1.326876769227337434e+02,6.619843797844238509e+01,1.034199515534181586e+02,3.754400429095228020e+01,2.354838017460725155e+02,6.194139796701768397e+00,2.258537799469402785e+02,7.109645301198829870e+00,9.252383494233685113e+00,9.364203341058596664e+01,2.656152793275629733e+02,3.473819091248501678e+01,8.553266394552177587e+01,7.150572551666897425e+01,1.012079009286486411e+02,2.677311624730982089e+02,7.778512886748488597e+01,1.286299283883326616e+01,8.943346673912648370e+00,5.007280257879287433e-01,1.215844873311599201e+02,7.755731904165504176e+00,4.677131677796035802e+01,5.034624018963733505e+01,1.255783674174575850e+02,3.230571400389550831e+02,1.587680506552496240e+02,1.820063984866159217e+02,1.508384687589935140e+02,4.094644966838814781e+01,8.117329620479937091e+01,1.504119020816516006e+01,5.340970097890394186e+01,2.867069035264066912e+01,2.968949122249719608e+01,2.293017790518487402e+02,8.040442657006023808e+01,1.007918643971459005e+02,1.079141212986715317e+02,3.258653003361931155e+01,1.755465103591919629e+01,6.697502181218501960e+01,2.559419169110030268e+01,1.762304485055595933e+02,6.514008027238213039e+00,2.634637926057725466e+01,3.482971767706087007e+01,3.632008365375731529e+01,5.324038093763952872e+01,5.923256542224874011e+01,9.988838172574757834e+01,9.742574008169938793e+01,3.462172568892846414e+01,3.679228657721064906e+02,2.239836306779130553e+02,5.469385189814684800e+00,1.091574614525289633e+02,8.090201567998144583e+01,8.400997889346051295e+00,3.310781732384246823e+01,7.954714869817097167e+01,7.450471831442183834e+00,7.208830805395946584e+01,1.469781794434150024e+00,2.698023154411245059e+02,3.296344568966893718e+01,9.279828632682706768e+01,4.090616749304445676e+01,8.835675256804265132e+01,1.480668346359542227e+02,2.760930340484750722e+00,3.064418538494881261e+01,3.204433409900940433e+01,1.016861442580424324e+01,2.293685130252164228e+01,1.025603735006703410e+01,1.591855398926002074e+01,6.505333093255000421e+00,1.658860765068928629e+02,9.624074159429348185e+00,1.778037832319327833e+02,4.643189017698744259e+00,5.527401918590575391e+00,9.866967605447429435e+01,7.871046336389484566e+01,1.444945574529741066e+02,8.557755254797228872e+01,9.205392636420198116e+00,7.951039161631535457e+00,5.291234604722738055e+01,1.320400526241698174e+02,9.957869502004263040e+01,6.758410061315431960e+01,8.527396182679481740e+01,5.246998627759473521e+01,1.446135329682533950e+02,4.455540471208647091e+01,5.058753938513553550e+01,1.046978659101996669e+02,8.927050238795588655e+01,3.291485083041602877e+01,8.927633082173214518e+01,1.327503030194306000e+01,4.220791442101813686e+02,2.042904626962691950e+01,7.550826950114820635e-01,7.151400673573108158e+00,9.329615200494453120e+01,3.659532480571886026e+01,9.008380867766794609e+01,1.241540307834715122e+02,5.473953199572763140e+01,8.249134173644803170e+00,2.075788609453560127e+02,6.680606429204993812e-01,1.266759049154660346e+02,1.057485762233342452e+00,1.547035853683203470e+02,2.228343775447751440e+01,1.212926664016196696e+02,6.629501253071565259e+01,5.270080995672649493e+01,5.766195866767198908e+01,2.821748115751375963e+02,2.055479833180294520e+02,5.962054394770638766e+01,5.730548471051324100e+01,1.110495082578589745e+02,2.283564784221921684e+01,5.825126003564911059e+00,3.275268371589006478e+01,9.618905605486050092e+01,5.112748864233564206e+01,2.750196396631664797e+01,6.967332324232344831e+01,5.072800867241542733e+01,1.815494881174997488e+01,4.665255923265232951e+01,4.391283412882294357e+01,1.264804131331443386e+02,9.442989866878041028e+01,2.466178364702438941e+01,7.207197666334784003e+01,2.017879789658843137e+01,1.200923594144180271e+02,3.387673336072399621e+01,9.072388872148861694e+00,5.668931144822212786e+01,1.157267805165306029e+01,2.696959482700353874e+02,5.770114077660747354e-01,9.769473459324568410e+01,4.001556239413318394e+01,9.425558096075505432e+00,6.243049746736942751e+01,2.899480667063492589e+01,3.173391911151437839e+01,2.998911057276736756e+02,4.862871738077885908e+01,1.429823804784794028e+01,3.655553655133410729e+01,3.593411363884325169e+02,5.516545590925412057e+01,2.724655888804974424e+01,1.231712535890863904e+02,9.923822735643172166e+01,4.801261489532032023e+00,1.791577642049376493e+02,3.009452535498947441e+02,1.346913672749808200e+02,2.228219181381720091e+02,1.093575078507227971e+01,8.481592327366072936e+01,1.206238868436871030e+02,1.456531920781458211e+01,9.489222080469260634e-01,7.492806230753268437e+01,1.553837458815569335e+02,1.583476020459666955e+01,1.983726539675990352e+01,4.511349030372440438e+01,1.524201922480006317e+02,1.366765282923376219e+02,1.349848225074120762e+02,1.138679939427422596e+02,2.117881221802486209e+02,6.332227094213600793e+01,6.321834071171785752e+01,3.455160846123099816e+01,5.006777426942598908e+01,3.519126103091845437e+01,1.164542791742678673e+02,5.922259410383155398e+01,2.753865020470690439e+01,1.323140576526154462e+02,3.426669781411825255e+01,8.603955032439154138e+01,3.280737982323569213e+01,7.350946096205410640e+01,6.210456119929986585e+01,5.169203785928851147e+01,1.186129406643487840e+02,9.254243409160464751e+01,2.408405390327962152e+02,1.235331759619850800e+02,2.906349584735419853e+02,4.749273893573731442e+01,5.031430969964259425e+00,3.173181415149581408e+00,1.375595376838116124e+01,5.039714274178516717e+01,1.426422974665866938e+01,3.226353204588713197e+02,8.582114902365647424e+01,7.552741348772771346e+01,2.920842918310488301e+01,1.369963843211342009e+02,6.101222421809190166e+01,1.445616527685973267e+02,2.882327349099046501e+02,3.225364774201220541e+01,2.416391283595995532e+01,1.063092507511445319e+02,6.430252404559750801e+01,1.289583596277666722e+00,4.773182729873494878e+01,6.582352274839725403e+00,2.058788862156617938e+01,6.452489595160740521e+01,1.716417468801895296e+01,8.579916289910853422e+00,6.749986571682102010e+01,1.223100108164230164e+02,4.407511667547981915e+01,1.183194495231820831e+01,1.159389560170243101e+02,7.285519496788850802e+00,9.536595062812716606e+01,3.373379857077090538e+00,1.603104710532399793e+02,2.494636293768966340e+00,2.549004379117846497e+02,7.508677681018782835e+01,2.863918592302775892e+02,5.947405457145478636e+01,1.523139097344207187e+02,6.200521545649849919e+00,1.180351101085528995e+02,6.188117881471421100e+01,2.466667753782420220e+02,1.231079456907300909e+02,9.665605713000944732e+00,2.326680294454206788e+01,4.946251465960856564e+01,1.066681968006754602e+02,1.946264715061472117e+01,1.592972590220614926e+01,4.452052391946349275e+00,3.329084465467273990e+00,2.227093088715201930e+01,1.802072321027705755e+02,4.039091336542477251e+01,1.256046889363622521e+00,1.831106155206796586e+02,9.408705115732852065e+00,3.777345884065503157e+01,9.224458515603623709e+01,1.172224854621954933e+02,2.759737549223127075e+02,2.758330632029334950e+01,7.417897017563466022e+01,2.971500964301558767e+01,4.037306010550658186e+01,6.032652421945392973e+01,3.557057765682780826e+01,1.078942561972911562e+02,6.530428006751199632e+01,5.517450158737599963e+01,1.925922873588339996e+02,1.392056188536882360e+02,1.045155950067781703e+02,1.125279991309934324e+01,4.779186043547433371e+01,2.079819243700647391e+01,8.783885232978475699e+01,4.387065288522810391e+01,6.865014669628445176e+01,6.500374749385123607e+00,8.611085527919594540e+01,1.003409113722784838e+02,1.119898275629375775e+02,2.936115952588176583e+02,1.755155409696280344e+02,1.947366423236306687e+01,4.852962957521719289e+01,1.769945938073368419e-01,2.483610716262413121e+01,1.062447449652460563e+01,2.316004130568179065e+01,4.803253571248142606e+01,4.146683346173426266e+00,2.752961694298229034e+01,4.082709616326638979e+01,1.179384117300662922e+02,9.704521753351187385e+01,1.441763649626095685e+02,1.488417773094619712e+01,1.685220058971641066e+01,2.901051792499083604e+01,2.357123345801239225e+02,8.568809851721978532e+01,1.207225796484878622e+01,4.707909041383260274e+01,1.105327329555382079e+02,3.153451439692510405e+01,4.217307550509722347e+01,1.071068378112491644e+02,4.057087864949573408e+00,3.921860397575984081e+01,4.229268761237963048e+01,3.156042156903420803e+01,8.159051249861265376e+01,8.294152968017898786e+01,1.734378929952822261e+02,9.185935759132048872e+01,5.778772086924300888e-01,7.625231512442957182e+01,7.554869448932702625e+00,2.429355269143663065e+01,1.204944473946943901e+02,3.812353940948160869e+01,9.427545967223318257e+01,1.039303880226988639e+02,6.907774022838401606e+01,2.254184788414765350e+01,7.130023015739146786e+01,1.263580118778811681e+02,1.363342198217950170e+02,1.073116285976503690e+02,9.811611801958123991e+00,3.609288729422030428e+01,5.116790607560700010e+01,3.564960450480057119e+01,2.655860742588917489e+01,9.304374433219139462e+01,1.824347159531282330e+02,8.380365564505510179e+01,2.727982135205269287e+01,2.521667826895695441e+01,2.373501511930759378e+01,2.973345475119465231e+00,2.781262659212479207e+02,2.069710095340670719e+01,1.889952153304682625e+01,2.849730299017763713e+01,5.746218053560104977e+01,3.249172333915377919e+01,2.930272387035731185e+01,2.620337625771712453e+01,9.332259256382469914e+01,2.306068976206263414e+02,2.644538658602869532e+02,2.691505401957001808e+01,6.887310943872702929e+00,1.778180507492452307e+02,2.255987084295824374e+01,5.908605288072570261e+01,1.279245708371603882e+02,1.416602090685515236e+01,4.275252297981190708e+01,5.665245215134383727e+01,2.308546643170888331e+02,2.626664780712149536e+02,2.108656449013203655e+02,4.584902313567570786e+01,3.069568040382729990e+01,8.676463285970642403e+01,5.374871391470208692e+01,1.271851261582215287e+01,2.992544060891743243e+02,2.529203949060524508e+02,5.374094280222593056e+01,3.091547730124137061e+01,3.311380559137320034e+01,4.584999118008594365e+01,8.243246152445989239e+00,1.357249393357983820e+02,2.586036255797734498e+02,5.500777880573358658e+01,2.601820410215037214e+02,2.133701353113079051e+02,7.662225770147630044e+01,3.007432922962252633e+02,4.202535646238447953e+01,1.474792582662066742e+01,6.204202795298549944e+01,1.866432886691511612e+02,2.413131628658260297e+02,1.433994843995526196e+02,1.299824968976947481e+01,1.788043014667715624e+02,1.105909869317972216e+01,3.954137745054537589e+01,2.012573059265273230e+02,1.177698095489230390e+01,2.121937437952280163e+02,5.415232200072597379e+01,8.357173881682859573e+00,4.496599813292525738e+01,1.994705894514650879e+01,2.372921212612513102e+02,1.812113526394874086e+01,5.370986440557415698e+00,3.817762388373189819e-01,4.361837805589305894e+00,3.588953799738737160e+01,2.305150387181520344e+01,4.316685930745634181e+01,3.181714793424315246e+01,1.462679495940279821e+02,3.634378980301277817e+00,2.173631022185983568e+02,6.560772034680590536e+01,2.166539805318650735e+01,2.970555727947582341e+02,5.049915195347922037e+01,1.890567724942202403e+02,3.085012028382891813e+01,3.062437679521319467e+01,1.830644149222549970e+02,1.665579536707789714e+02,2.257993380274672575e+02,2.095400258317696114e+02,3.911612069580913698e+01,3.520026830796339823e+01,2.424509404918432551e+02,1.232865727325507343e+01,6.773332348312054307e+01,7.283795976282424078e+01,4.650073192685724877e+01,1.070590419866363163e+01,1.023416387797090898e+01,2.660815670120536538e+02,3.451491031353477723e+01,1.524720595302898403e+02,4.195817596041695197e+01,2.652028414537349477e+02,8.622046790654592030e+01,2.160903735894726552e+01,4.583039963252880256e+01,2.876860016090221848e+02,9.565643266679587953e+01,1.568493202719519388e+02,4.733945241952533678e+01,1.409550216810262384e+02,2.156187364683444230e+02,1.649212705498697744e+02,3.422882436885274871e+01,6.571850570054321850e+01,7.229434056918903195e+01,1.833734669037812921e+02,5.702457217734612271e+01,1.428025564475045961e+01,6.362705327617356232e+01,5.388447603442809708e+00,2.273311114671064459e+01,1.306709238876640988e+01,3.489977901981654185e+01,7.113781374558178072e+01,6.921986952930987869e+00,1.924941003670835187e+02,1.156566258853471965e+02,3.301362331722856993e+02,1.246387081872489766e+01,1.313149865827490999e+02,1.066673025022135448e+02,5.446682079001703869e+01,3.013122210767566500e+01,9.558740218047630322e+01,6.401084416907872310e+01
3.210899704831454216e+01,2.750526385173790231e+02,3.003884989043811515e+01,9.629159481404686005e+01,4.677112610156641637e+01,1.596768931433920784e+02,5.751037190439284075e+00,9.147997052892124259e+01,3.234598932668642988e+02,1.021649488359808657e+02,1.162078589591244651e+02,6.639244447081857459e+01,2.006868482326799779e+02,1.388718897308021099e+02,1.873499202723465658e+02,6.554431996356827028e+01,1.078566837106281326e+02,6.157499477915662567e+01,1.087950726085016129e+02,1.021140874951025381e+02,2.685495182060432739e+02,3.037353785755095146e+02,1.663830976700442363e+02,2.682087972785495253e+02,3.345302435624662962e+01,9.057629924437149782e+01,1.613146215060340083e+01,7.543614615243933486e+01,9.198476273788481095e+00,3.164219172883541731e+01,3.098285409516292930e+02,2.825214850215641604e+02,1.859900760733728475e+02,8.348095986506852739e+01,7.899315389970630008e+01,3.653111395772538685e+02,4.151367805790278709e+01,1.257152113004731859e+02,2.710964870959223205e+01,2.691327626222270908e+01,2.789004179862811839e+01,2.716514237534837761e+01,3.479016858418657421e+01,4.216587805091415220e+01,3.476136875941066506e+01,1.832951852985187031e+02,1.079165950183428322e+02,2.389898198926248369e+02,3.560752665514848445e+02,1.321090403366671922e+02,8.603953257749073202e+01,3.202831339334579042e+01,8.783804657235397428e+01,3.297404107064445355e+01,3.587518618271048609e+01,6.923423065693049239e+01,1.238090427819890351e+02,7.564956269997394145e+01,8.418303028401739141e+01,2.070279085988823624e+02,1.747249328267611190e+02,4.043458935348441941e+01,1.453175545379025664e+02,1.218514156456726596e+02,1.803548807265099185e+02,9.547009635341241918e+00,1.595982650737925113e+01,1.378836379274261787e+02,2.518460996818416504e+02,2.223516282836482674e+02,4.030158086795099734e+02,2.687003389819228119e+02,1.649569513327352581e+02,1.384277656771569980e+02,2.061792654811517593e+02,4.033019591529058090e+00,1.546399370274159253e+02,9.153443059796016357e+00,3.121230509989447910e+02,2.448492754787548265e+01,1.215005579960307500e+02,1.315253321746252197e+02,1.817377906759836890e+02,3.991985744653275106e+02,2.826975284894689366e+02,1.003713698699644539e+02,2.833458605898665041e+02,1.302085252009777605e+02,1.054007324346560353e+02,6.976896106229611405e+01,2.108443568566942474e+02,8.468399605451334367e+01,1.915739421913812350e+02,6.216195114851882408e+01,9.405807594453251852e+01,1.753851051787557651e+02,1.037488664238262004e+02,3.522569756402933194e+01,5.373485269962224038e+02,1.485177608721866420e+02,1.700950814592669929e+02,1.117364525062025251e+02,1.642899030080436162e+01,1.276775852295209290e+02,5.319755249882724968e+00,2.686373750748757629e+02,6.410226151718326548e+01,2.558663491776984529e+02,1.808047156185853339e+02,3.463661917721116765e+02,1.007466151461048298e+02,4.211663447598533025e+02,1.122666466001467569e+02,7.843148779482413602e+01,2.974119957784969301e+02,1.159042336182736364e+02,1.719145800065893326e+01,4.107343490885759962e+01,1.011613028377837367e+02,1.973266734164842546e+02,7.264936097820169891e+01,3.903503196729980687e+02,7.657877877999035832e+01,2.240025444549031590e+02,1.816236489959848370e+02,3.067518898263639215e+01,6.647565416629647927e+01,1.872770934466786628e+02,1.879016239890806901e+02,3.282589191495412706e+02,8.728369851035070326e+01,2.315161736912361903e+02,7.467366537824004524e+01,3.589297597928000272e+01,1.707348627923680624e+02,9.221563067015124204e+01,7.710455845793190122e+01,1.189702976587936831e+02,6.490393697558873498e+01,7.429709120813190282e+01,1.182184786202699769e+02,3.213518698496543635e+01,4.915804174271585936e+01,1.115646001985939648e+02,7.881084644523336635e+01,6.735883380033448553e+00,6.055109137137186792e+01,4.279275242947624491e+01,2.427189279946885563e+02,1.739258763268179280e+02,1.458359622333189236e+02,2.038499736967651188e+02,1.104096980370698446e+02,7.548351159886087203e+01,2.937769472794561807e+02,1.942036564483742893e+02,1.822994235452287910e+02,4.623042019158629046e+01,4.213882521485019517e+00,1.220754400853365951e+02,1.138628524945055318e+02,8.684574783519674668e+01,1.364218042577461887e+01,1.510022170116164091e+02,2.685400694213078623e+02,2.769810814805646828e+02,2.379222670138190310e+01,1.054397191243893417e+02,2.269794762723546100e+01,2.627805360608556953e+02,1.654829734670062464e+02,6.986701816128041287e+01,7.088208652644632934e+01,2.084030570323850995e+01,2.711416890901846841e+02,3.831771668447382950e+01,1.068312888140953199e+01,6.314356439442975244e+01,1.598157931417015050e+02,1.188078622790196626e+01,5.099600823652473025e+01,9.350920677731041053e+01,2.320778753755607582e+01,1.101197165762590515e+02,3.495054323284135194e+02,4.332536390379368640e+02,3.911118347481050819e+02,5.411095708086051559e+01,3.183029099163764641e+01,1.613480306922643237e+01,1.683043239889814515e+02,5.618805360266448723e+00,9.767654838385054106e+00,8.679881833713169570e+00,9.990308063340995659e+01,1.965497810967213752e+02,4.480749899422297489e+01,2.569090800460165838e+02,1.013511988933437635e+02,1.440169617883975945e+02,3.326384526198942382e+01,1.105843410719202922e+02,1.612953346599380922e+01,2.309300608546550748e+01,1.824955064219772396e+02,3.325959541283833119e+02,2.992385153682947330e+00,2.312814533958384118e+02,1.526576337893478552e+01,2.434239607277595496e+02,2.148575144731590925e+01,1.107186018628719637e+01,1.006928356095983759e+02,1.642417609810837291e+02,1.783711491085799139e+02,7.536302262683136632e+00,2.030711745318685928e+02,3.505593981392324281e+02,1.872815756762366561e+02,1.905385065772622966e+02,1.824532242167533411e+02,1.200684953795834247e+02,2.068786701062942939e+02,2.028127757774357676e+01,4.061336148846794458e+01,6.352404810217018394e+01,6.946664372769019735e+01,1.794284648749409294e+00,1.564723999275812787e+02,5.731086798454392550e+01,1.064856446747561023e+02,1.301648282946898121e+02,1.773467326934670041e+02,9.341484493057346583e+01,1.432565325379976855e+02,2.419355355116331339e+02,8.652682112891595523e+01,5.136394223944120085e+01,4.703201190278990680e+02,3.772279340032832806e+02,2.010584191279754762e+01,1.391302952126185914e+02,5.240626960276585322e+01,1.936228828687890768e+02,2.246025975880906174e+02,4.950239257322411390e+01,1.360327296552473797e+02,1.719859992662349768e+01,1.927897576617627351e+02,8.315213134807906670e+01,2.177735996838670189e+02,8.784777712186433973e+01,2.958658596850452795e+02,8.398704787597834809e+01,3.342752618356129801e+01,1.262190571314757221e+02,3.713737153902845201e+00,8.216123048708785959e+00,1.284544682759414513e+02,1.466207156872445694e+02,8.824107921876831995e+01,4.772823588361375755e+02,1.858757757129769743e+02,2.225568840235214623e+02,2.742067735165232634e+01,1.318292916308720635e+02,5.488745518814864965e+01,1.308802759806196718e+02,1.171445560894686508e+02,1.835262228630690799e+02,1.354769282497241818e+02,5.795137227338527453e+01,1.676370668801219779e+02,3.455093366644877051e+01,1.229287103928563027e+02,4.682140983521437505e+01,8.377733791323559842e+01,7.994155439668163865e+01,1.189434728064240545e+02,1.272075759241806878e+02,1.327801167522115406e+02,1.349118787960040606e+02,2.009276768190960638e+02,2.717847741947113605e+01,2.970964186598306469e+02,3.355912303864344608e+02,5.605501375161714606e+01,1.609392499043417217e+02,3.457602343765635311e+01,4.295786238704430815e+01,1.976465262910091525e+01,1.401437172638702293e+02,2.513538350609301730e+01,1.106203450213101434e+02,2.881112374094414363e+01,3.588873896534146457e+00,1.424244135059973360e+02,1.992450219631455184e+02,1.938394138693396940e+02,1.014902866881479468e+02,3.406073539048764474e+02,1.979525253173021611e+02,6.657773283286816479e+01,2.662018228019561050e+01,2.808963605026636401e+01,1.607626128635693306e+02,1.176534653250257776e+02,2.323031892331784150e+02,1.934414526261444962e+02,2.226983890956526864e+02,1.486923899251223418e+02,7.712329634784795473e+01,1.332282802335119243e+02,3.568606088271489796e+01,3.859955206363790694e+02,6.265446739975750745e+01,3.407344888290894573e+02,1.163157146678855867e+02,2.402753899458877811e+02,4.364362698417621544e+01,1.602985842808920154e+02,1.530449827398582556e+02,4.737306389992274269e+00,1.320775547875926925e+01,6.742092128253636929e+01,2.010944255122680957e+01,1.179701136387818678e+02,9.717033581721567259e+01,2.961499685463774156e+01,1.172145947706644762e+02,3.067985338070253079e+02,1.102831932057635989e+01,6.685297277974525798e+01,3.115446423253765147e+02,1.589900008724358997e+02,3.520173658482594305e+02,1.102174181671300168e+01,1.231239004527111405e+02,1.285358156533371599e+01,3.886161332300509486e+01,1.906616609720307736e+02,1.589858824190744997e+02,1.500560079206654223e+02,2.408742415953535598e+01,2.762206660013885084e+01,9.083374908315131790e+01,1.792723277052361937e+02,8.817921954038384058e+01,1.860520580331027318e+01,1.061749360521156547e+02,2.571471529770693678e+02,1.095702738407913870e+02,2.502256296412032270e+02,1.310033796641750996e+02,1.258248497579519665e+02,3.167710851864207555e+01,2.004722437913598014e+02,7.387671493393446553e+01,8.305595535743550784e+01,5.892127003422859843e+01,6.440491626549514592e+01,4.684003857977265994e+01,3.485892539345961154e+02,6.353087813502372683e+01,3.338843828246606336e+02,3.103588637502384131e+02,1.254299888106197756e+02,4.701137904921395005e+01,3.716822291183036100e+02,3.038618378735137640e+02,2.060933666521276848e+02,1.117151660678943017e+02,1.235870346636565209e+01,2.879181681485713398e+02,1.255759486882972453e+01,1.086095828702233064e+02,1.481053522838230947e+02,2.939109440507014028e+02,3.273668854830525987e+01,1.826074908074846519e+02,1.692321643562412135e+02,5.114170409180305654e+01,1.703838986881347921e+02,2.335864629817406879e+01,4.174553743555924967e+01,1.562710672623156256e+02,6.792651670307611766e+01,1.515761046652354764e+02,9.050780743627406366e+00,1.495745092265663061e+02,3.364844490915958772e+02,5.634168479259252393e+01,1.410435108971315969e+02,7.866914346078063147e+01,2.547098357000283215e+02,2.147656491523266595e+02,1.082072455545249845e+01,2.246922974354275766e+02,1.660889783152034340e+02,1.518684019965051277e+02,5.055460398387551635e+01,4.575151814951424853e+02,1.695035976740084038e+02,2.798618931205209606e+02,1.698131449949375735e+02,7.415276299134104931e+01,4.101183945959959232e+01,3.701441873007578920e+01,1.142538407442277482e+01,1.268392777366506721e+02,2.215754754656501291e+02,2.528961750243169320e+02,1.146429055878735284e+02,1.926068442450510645e+02,2.859491504818527652e+00,1.190895829698271768e+02,1.314647461259745569e+02,3.274337438289035731e+02,1.103850488156098066e+02,2.340049427508515123e+02,2.351139617402203612e+02,8.264108989745501788e+00,1.461823175587572088e+01,2.076445881540824985e+02,2.726219999705012498e+01,1.577166298054260380e+02,6.750003681459047300e+01,5.429438432661122249e+01,1.175839470518247083e+02,4.522573171387505653e+01,2.590485081461387153e+02,3.791040685604600071e+02,1.605716957146648554e+02,2.514231127828287242e+02,5.000161834720327647e+01,2.111980057719643185e+02,2.428804758046568395e+02,1.686218984173262925e+02,1.437293014712450301e+01,1.497600735413561495e+02,4.726090535673170479e+01,4.618833743332634612e+01,9.080728048049600432e+00,4.532965160212675926e+01,2.264928863369727026e+02,2.431841123198907155e+02,1.961824335782035433e+01,1.231149453590372467e+01,6.880852547814585307e+01,1.267261315139776912e+02,9.237266018700567827e+01,1.067555578874256916e+01,2.991437756165982478e+02,3.677491246076027842e+00,3.126001863409130124e+02,1.602723854060453448e+02,1.887072362603997888e+01,2.332999231422681774e+01,2.554580676785849036e+01,3.677848162329144088e+01,2.845737589634311462e+02,6.439665462556810382e+01,8.299751466429408708e+01,3.742074774565639359e+02,1.791022864607742520e+02,1.680012730107113939e+01,2.800200962570374941e+02,9.573935423887708396e+01,3.609476440737923753e+01,1.101880642338804819e+02,1.801868960949850305e+02,1.951434350583093931e+02,2.882169149709868350e+01,8.052458839425304404e+01,5.610456953761313770e+01,2.233975569751877117e+02,9.254789110087121173e+01,3.698931025121702731e+01,1.261480250730654120e+02,3.361039160554466321e+01,3.166450421477196073e+02,3.218009680271569550e+02,2.448513743868679171e+02,1.490598902154520466e+01,3.545953567840776941e+02,8.701822418388877622e+01,2.840510124244462986e+02,5.459709371065616601e+00,1.975965405084899018e+01,6.148742503684093208e+01,1.469156774171278528e+02,2.040037503228028299e+02,2.309598637743082605e+01,9.591554957974805973e+01,3.933635703983511007e+02,5.262293309963439469e+01,9.385487387910809787e+01,1.543664060330355348e+01,3.029247566933740288e+01,2.624346244156644161e+02,1.394993798894206520e+02,4.763803907668329884e+01,4.475417997969816497e+02,1.358236276028634393e+02,2.005313226356243774e+02,2.760102758625696993e+02,4.535544854579237750e+01,2.140313521816403863e+02,1.755253128366123576e+02,2.609866711096753420e+02,3.108441028620408701e+02,5.231688396012678055e+01,9.482306502710516227e+00,4.524644800036663241e+02,5.066256515902863633e+00,1.060414781186070030e+02,2.195749569582220317e+01,6.735704322876478045e+01,2.209430161375232444e+02,7.506485529794701961e+01,8.916082734526001730e+01,1.932196166350440478e+02,3.765024496251473352e+01,1.108304813579559180e+02,9.054386522496004375e+01,1.530448826384839656e+01,1.227208148264513454e+02,3.178882766455732778e+01,1.459092578443302273e+02,3.580984459920486529e+01,1.161193706099589349e+02,1.386912380152178343e+02,4.612602146538304737e+01,9.961248210193856778e+01,1.002687667193076351e+02,1.483421159605885054e+00,1.122121790551859704e+02,9.216801023604503484e+01,1.635544735677083850e+02,2.026850312495227229e+02,6.040541632493536639e+01,1.699989487494136426e+02,2.186807760243729888e+02,9.256087974160783460e+01,1.997701377065438635e+02,7.570700403234559417e+01,1.179369786737297119e+02,1.677800219403258097e+02,2.366047418055371168e+02,2.648080832376131752e+02,1.879102008656634268e+02,3.123518243920799478e+02,7.025796383264575695e+01,4.071399162890400589e+02,6.023186422008955532e+01,1.521779198270863560e+02,2.069912933537884214e+02,3.051894606998502582e+02,1.505791178340588772e+02,1.060686591940745593e+01,2.361379396661849484e+01,3.481911240688439193e+02,4.676079373586231895e+02,2.665450260936312930e+02,9.224154687206309688e+01,9.268739824196889288e+01,9.392580424202883194e+00,2.584397500962949721e+02,4.474684471602622615e+00,3.329897457950342528e+02,6.161752771049762600e+01,1.539554218840432398e+01,3.025580010369902197e+02,1.306379328987907513e+02,4.964509245408927285e+01,2.253348214419238786e+02,2.794231048720338606e+01,1.018051075201009894e+02,5.029403776453569463e+01,4.020453674298568103e+01,1.570953872102654998e+02,1.405812678263290039e+01,2.303945428257535184e+02,3.090474170437183830e+02,1.053144468134730971e+02,2.032475589568264525e+02,6.950394536377393706e+01,1.144297759002704282e+02,1.662595428513838840e+02,1.058097883856411983e+02,3.777633841184266483e+00,1.639796851792556538e+02,1.556401037581337903e+02,1.427594475512719612e+02,8.086823038097301630e-01,2.583824928530131047e+02,8.910931385491797130e+01,9.845783993752304752e+01,6.642738689183607903e+01,9.083232505958898173e+01,6.847086895314781430e+00,6.915123520928547407e+01,8.826141428669167510e+00,4.322148791101651710e+01,9.209942225813067296e+01,1.908284823346912447e+02,1.459952388908054033e+01,5.812121465670799836e+01,1.433240101364800694e+02,3.491705014135487772e+01,3.570891234505087652e+01,3.182971393264973017e+02,6.939189356644149598e+01,1.170595983900088299e+02,1.938994194723633484e+02,3.688244104105351795e+01,1.878411647414224035e+02,5.444341428891834767e+01,1.547534168390175466e+02,3.449299041139038025e+01,1.192351130054992270e+00,2.753414191961994106e+02,1.757552584690045023e+02,7.115578005465329170e+01,6.812852838686546875e+01,1.711722407520719713e+01,1.305540565860793549e+02,2.080454851737699755e+02,1.495467443711364375e+01,5.529686929078052771e+01,2.531774274956901820e+02,7.420701396235442360e+01,2.989331014956428589e+02,3.482734409322777935e+01,1.756062695360991484e+02,2.357306954204112159e+01,2.903974557400837284e+02,4.445223146260168079e+01,9.488679772422203484e+01,1.486680184987997677e+02,2.602429464045389409e+02,9.590092086386148651e+01,5.094355630547612890e+01,1.527066754545971889e+02,2.325987462876085488e+02,1.001889017453423065e+02,1.726263944143633466e+01,6.055119291158568018e+01,1.324938046865969454e+02,1.002568974402260160e+01,1.607001832880711163e+02,3.943780264659605450e+01,7.205366061630002150e+01,2.800551041647273678e+02,1.626260984296494314e+02,8.361951771604822170e+01,1.406839433847106875e+02,3.331093754307770549e+00,1.433332793968990586e+02,3.724010925067346989e+01,4.477312476513333905e+01,7.632230443950439280e+01,3.459343816933419902e+01,1.926424990397780732e+02,1.689086904369773663e+02,1.332065894089097924e+02,3.988854303581484118e+01,2.812554189958291673e+01,1.640530720707814964e+02,1.571637130274208687e+02,2.057692706883647134e+02,2.367907835936283618e+02,9.017899882427938962e+01,1.980744628469734323e+02,3.548145235784104301e+01,3.101670378498866043e+01,7.997160046165630831e+01,2.450181441551262296e+01,2.851980955855294155e+02,7.539918911434160975e+01,9.700093807535716905e+01,1.741918166571590731e+01,1.326690523746125949e+00,2.535939457773725536e+01,3.502034166786609148e+02,2.097879391117102159e+02,8.569309256698166166e+01,2.764290900187401121e+02,6.699737026552904240e+01,2.162425149718194461e+02,2.780903767287085326e+00,5.876522968019597215e+01,1.739801695957658296e+02,6.057903584353471160e+02,3.294251796982966596e+01,1.626829169292657014e+02,1.148315782333524595e+02,2.475579887771963783e+01,1.283476630217728598e+02,6.333540848104618703e+01,2.613404570884216938e+01,3.400485858761703639e+02,1.876840860093728907e+02,1.594847455409558279e+02,6.180401321149964389e+01,2.528488201201397771e+02,1.468775621658135933e+01,9.497301338989107933e+01,1.652815324988917780e+02,2.493586342605860011e+02,1.106748257865766050e+02,1.166421970739142324e+02,1.197273515456705582e+02,4.354784841867490996e+01,1.027475832285297344e+02,4.726257921869709833e+01,1.491848400980222777e+02,1.741079293838538717e+02,6.191094674329636405e+01,3.027354068795212427e+01,3.972517307851696273e+02,1.070328329304628312e+02,1.123608845941873824e+02,1.180487082186259045e+02,6.672096078546987030e+01,7.774277899309885242e+01,2.011905697887492579e+02,2.635625239843066083e+02,2.859838345044595940e+02,7.282863416798251421e+01,6.339699295582654770e+01,1.306934864515273205e+02,6.840844598167963397e+01,1.001547984834619029e+02,1.796625962157434913e+02,2.016534302439982795e+01,2.556922948092159515e+02,1.206485229454385575e+02,2.895740281616237866e+01,2.422355564220647466e+02,1.683194688166422566e+02,1.029880528686305929e+01,1.052587184534282159e+02,9.481359155435102082e+01,4.104292855444754906e+01,2.601866821934606833e+02,2.573403146120285214e+02,1.499557230306050997e+02,2.822947786938225931e+02,9.782800558624117571e+01,1.525446838919547687e+01,3.711492378125318226e+01,2.528490855766131062e+02,1.490803642466530903e+02,1.412496802951251311e+02,5.316155186158702151e+01,2.439541739812746073e+02,5.055770498033104049e-02,4.189533632207485425e+01,8.967207815394421289e+01,9.644592025352181963e+01,5.031001225052875014e+01,1.448984276071513833e+01,8.289271391087864060e+01,8.803999602307997918e+01,2.799404195315226573e+01,9.043709037451458244e+01,4.131080887086387179e+02,3.915812620522100929e+01,1.636941476755922054e+02,2.219889903876429003e+02,5.055325565062126998e+02,1.241528304462827350e+02,1.950334167974588411e+02,1.368511577365866287e+02,5.642534683882945501e+01,2.282914842218599460e+02,1.610706383772571826e+02,2.172751969821908631e+02,1.072996387625738777e+02,2.170552157347623563e+02,1.808640599563522926e+02,8.307414513693844427e+00,3.292985855347665591e+01,5.650300447476607424e+00,5.310771995708227422e+01,1.397670839578896391e+02,2.359116111518601429e+02,2.473191107716277486e+02,4.605696108429081193e+01,3.469783146486558678e+01,3.313186190424111999e+01,4.789814680870966512e+00,2.655044653358726592e+01,2.772815808766955570e+02,3.320567241886953411e+02,3.222714107648374124e+02,2.505284143677300346e+00,3.677855354432658097e-01,1.530313530609572865e+02,2.825098126462563997e+01,2.278668563797529316e+02,1.668312462075864175e+02,2.971957935967572553e+02,2.418575912979739542e+02,1.687795197282579522e+02,3.411836997861029772e+02,1.826771846103590136e+01,3.148890252469479947e+02,1.478658717104194125e+02,1.729434662152185638e+02,1.111217001378094125e+02,2.083367037914217974e+02,1.870891830211044464e+02,2.754767594511849325e+02,3.304035789806509626e+01,5.733739879573186471e+01,2.154153253720938821e+01,1.982792460570173319e+02,1.526516676362541780e+01,1.521396766523699284e+02,7.509115909188003002e+01,1.541220236226753002e+02,2.377755287229274188e+02,1.428593514652208363e+01,2.925991744363614657e+02,1.153821603019330269e+02,2.996885350744116181e+02,8.207078270263149022e+01,2.650954092056212517e+02,3.484915230644960502e+02,7.121613453768418367e+01,5.446630945982179384e+01,5.968207519779129200e+01,1.273430251059728704e+02,2.879767070048307573e+02,1.577527569800662377e+01,1.508112131511888094e+02,6.824300050534945683e+01,2.873013358369359480e+02,2.581754958597787208e+02,3.298362056924261054e+01,4.840384474012801519e+01,1.680029503916980218e+02,2.264302115863435461e+01,1.956132641011522537e+02,1.399626596643792027e+02,1.453838857434778618e+02,1.263150608938421193e+01,3.712067789526406045e+02,1.704560822064169940e+02,5.294036813689991305e+01,6.701771628070714826e+01,1.501119358986427565e+00,1.089020526831008517e+01,1.518943312791057565e+02,3.094376076672601243e+02,6.115894822655061347e+00,2.897853020683032241e+02,2.849104989729607382e+02,1.963711313210661302e+01,1.790139151789968821e+02,1.238961769396790942e+02,1.361008601888590341e+01,2.019609397864130074e+02,2.709011602106553340e+01,3.616475351761950492e+02,2.318238093390584993e+02,2.217550991412491328e+02,1.629470289281409805e+02,3.670069674777747082e+01,2.151274323625704366e+00,3.245090251128875138e+02,3.934893246218581453e+02,5.244585711543061990e+01,1.724556853493070037e+02,2.550378654557149787e+02,1.529439587831625431e+02,1.131976538786470883e+02,1.355256596422054827e+01,5.397079041766944307e+00,4.126385000939966972e+02,2.573470100570849581e+02,1.455151454275187746e+02,2.821142447222317742e+02,1.142129207000476896e+02,1.543789932098223971e+02,2.906557159279689628e+01,1.377394404109939501e+02,2.197381042439778582e+02,2.335016984414714969e+01,1.798861346677563517e+02,1.312188317044656287e+02,1.707180806355036111e+02,8.137562569122029288e+01,1.068967759716510635e+01,8.694464010355285666e+01,1.537112348320825816e+01,1.126662749702220054e+02,1.302788975329973482e+02,7.080242811286653648e+01,9.847540815048459706e+01,6.400536762397435098e+01,1.670712432969968404e+02,1.602314842561355590e+02,2.263023847598521172e+02,5.990294589218692778e+01,1.539559848635871901e+02,5.814424208774635190e+02,1.018271378125885036e+02,1.717368563285052119e+02,6.219264099083695641e+01,6.800673813049969851e+01,9.272511721623985181e+01,2.775323500826301029e+02,5.153853253047166305e+01,1.399266823436223461e+01,2.459965050508014599e+02,1.116146239467816628e+02,3.526672951144119565e+02,5.892207488299396800e+01,2.452510229832836046e+02,2.662203907597981001e+01,5.833276306136426825e+01,1.270459187381358923e+01,6.809014010512521509e+01,3.498529661510407607e+01,1.263488095156035911e+02,6.647110545599010933e+00,1.100660404507969048e+01,1.097189936332368632e+02,1.789372080602462063e+02,2.283696781396060089e+02,2.815919780698050090e+02,1.095974748733425344e+02,7.065347551728613951e+01,1.127617563175638935e+02,5.957395737489401988e+00,2.023662995586540774e+02,1.989720970719456616e+01,2.044181653692471627e+02,8.235283276641733607e+01,3.238406459920889091e+01,1.066639330353081618e+02,1.290274822315227539e+02,8.538326828521633161e+01,1.504951342568579946e+02,8.462741069455488230e+01,2.242738852419458624e+02,1.723431444241025758e+02,2.559521628533481064e+01,2.908211353487718753e+01,6.668391104527364632e+01,4.709955133588268339e+00,1.846519957353475831e+02,7.033070621222483965e+01,3.889464024913016971e+01,7.428677874122827518e+01,9.053168271342035212e+01,2.122394013501377685e+02,6.418964596778145903e+01,4.528457926476359034e+02,6.635018286700909762e+00,1.172855524578999251e+02,3.904865596380146631e+00,2.504363425370766194e+01,1.021904215791603434e+02,4.596126243462385474e+01,1.886264712270210282e+02,3.470888057483420539e+02,3.190516152238313339e+02,4.433046316843896939e+00,8.517504745234319330e+01,3.602230461447666130e+02,1.730497782651958687e+02,1.685530961351815904e+02,7.596842137740873113e+01,2.084435197245211384e+02,1.126379220434571806e+02,1.702660070147302065e+02,8.435225994566864927e+01,3.948557706828376812e+00,2.214082261336004649e+02,2.548233960883109717e+01,9.014692685900213576e+01,4.330546003717481796e+01,9.679223225598960312e+01,3.164787859851934115e+01,1.031657515392314473e+01,6.089339654932367552e+01,4.986207588736306207e+01,1.013767421422636517e+02,8.506931141580309941e+00,1.637717492439559308e+01,6.073347422774834747e+00,2.715776396143426155e+02,1.727607894479394872e+02,1.213571849173354877e+01,5.990042146841290105e+01,1.487328580712451469e+02
