3.616185138053327819e+02,1.685567690855102398e+02,4.228124725683084648e+02,8.991187967589478092e+01,3.860370269825568812e+01,9.157147954844616322e+01,2.536401330047440084e+01,5.990183156759943017e+01,3.927238515374671692e+02,1.426813170838862561e+02,4.908298840602250124e+01,2.463450668989127905e+02,1.165170103905388856e+02,3.537764832979555649e+02,4.901456036155912521e+00,2.041558197074203633e+02,4.246668609963628427e+01,1.199364639300711701e+02,5.053373242546058464e+01,9.104516558277863680e+01,4.200399635957449505e+02,3.480177091565722662e+02,7.799203311313300446e+01,1.998682161819201042e+02,4.224841401894968271e+02,9.641038083189513941e+01,7.564865537846041832e+01,2.361794886177287651e+02,8.832391677813145492e+00,4.177018263206235247e+02,2.641503110578687483e+02,2.280947903759328881e+02,3.439394054962267546e+02,3.472056924897215708e+02,4.794977223111736748e+02,1.975316743580995933e+02,2.253574170616150241e+02,2.061174774939768639e+01,8.267960048883905699e+01,3.005466117238456150e+02,6.655693244910919759e+01,4.585971603708539988e+02,6.278131949616282270e+01,4.568531410131186021e+01,4.991554402238123203e+02,1.140733279499900732e+02,4.666252927066788203e+01,2.973884271881598238e+02,5.443557061196702307e+02,2.628310054615724880e+02,9.434475826970157186e+01,1.175073687688298385e+01,3.903914851848139165e+02,7.523268217434706528e+00,2.277699153058614456e+02,2.284390136371913513e+02,3.154666115261216532e+02,3.643731981985533821e+02,2.132918295249018286e+02,3.288998884115704300e+02,4.647977104066694096e+02,2.272504396232482122e+02,1.466351035505397533e+02,4.174974350306513315e+02,2.723314901683917100e+01,2.007609515331694183e+02,3.181888340637686383e+02,2.096540587742799744e+02,6.249059269901050762e+00,3.546482731440132738e+02,2.549914005369671770e+02,1.258416116084567022e+02,1.337545990113482901e+02,1.843238109545903853e+02,1.100788214041136825e+02,2.294241909173417753e+02,3.130328345280802296e+02,1.151888591224608973e+02,1.618553661469643714e+02,4.625600553815344256e+02,2.744392692094137942e+02,3.518022751317572694e-01,5.501478521827657460e+02,2.093821847734167534e+02,5.559999369985990825e+01,1.682615599321084972e+02,1.353444236987289457e+02,4.947017299311183791e+01,1.805728840800883290e+02,1.841443220287506790e+02,4.624950597064401450e+02,3.198930009681035358e+01,4.987592721516325014e+02,6.278447243308947634e+01,1.894573907841909204e+02,4.737270458519208773e+02,6.773322497688971566e+01,1.136045086923347647e+01,6.552218751650373463e+01,2.330714905826557626e+01
5.772635879282575821e+00,1.298132024631301817e+02,3.258831520202218002e+01,5.330630155663840952e+01,2.505221175108252964e+02,7.872194929897390336e-01,4.122770104170506755e+01,2.231030532403306097e+02,2.827760917786665686e+02,1.015725582366280690e+02,1.200039313617244261e+02,3.652867502286908916e+02,2.066204979714457295e+02,8.208670560163578500e+01,8.246292854028952490e+01,2.805416197220193339e+02,7.171835951906984974e+01,1.993507797380376312e+00,1.588835768906304509e+02,1.134038186627204823e+02,1.319812257928026895e+02,6.483893163203795496e+01,2.116451534231827836e+01,2.113020424311733620e+02,2.057752876928549668e+01,1.667833002512399432e+01,2.184263062181576913e+02,1.152524059193820136e+02,6.916956866536553150e+01,9.673436938445543376e+01,6.315912605362073329e+00,1.268441923228556334e+02,1.644150221195891675e+02,2.687334046401521448e+01,6.689521112473207154e+01,1.026082958832719783e+02,2.548345197446975590e+02,1.385530580860054783e+02,2.708507106395330410e+01,1.433703667098513108e+02,2.520419802947077415e+02,8.730652620930099772e+01,7.594415537670796823e+01,8.467543598791023385e+01,9.543643462629836449e+01,9.612043073245389868e-01,2.348243432882268280e+02,4.371965501627791184e+01,7.933291615748571246e+01,1.701137243123798442e+02,1.541187662925173925e+02,4.085320758199898705e+00,2.950068446020333681e+02,1.382799809363384895e+02,2.691336624600217533e+02,2.798670479469780616e+02,1.962445326379513517e+02,2.268572999467110378e+02,8.079132315062041414e+01,7.041114594043131092e+01,1.855681549495773242e+00,3.970647222908777962e+01,2.314162542836467296e+01,2.021721438334768379e+02,7.088446797274754374e+01,1.777574918255500904e+02,2.525191366674343385e+02,2.878647373123356701e+01,1.910868577258310950e+02,2.469992604100491462e+01,5.579936418391373536e+02,4.562704043792110298e+01,1.197269852961266245e+01,1.167460739124274767e+02,8.006320705847849695e+01,1.358695677928601242e+02,2.376989382324314306e+02,3.514681175661441159e+01,3.988875780637720680e+01,7.892137964196354716e+00,3.443373099237900874e+02,2.061373616473494224e+02,2.872299350029768448e+02,5.985789957375615700e+01,1.309021344921710579e+02,5.901382590411870410e+01,8.845637707294017105e+01,8.878603520575352093e+01,2.782358382304661291e+02,6.573655332738972845e+01,5.129687939732237822e+01,2.388374902173792407e+02,1.894127746351909636e+01,2.884085599129073074e+01,1.868297958866642432e+02,1.432557766538993178e+02,1.695409664556768803e+01,1.472014364390394974e+02,4.985811196833237346e+01,2.292534536225717829e+02
2.799449370983581389e+02,4.247341763121462321e+01,3.476013831379356702e+02,3.022194304162507592e+02,1.084389319957289786e+02,2.512827608774302064e+02,7.565139605240061371e+01,2.366749188748928816e+02,5.662969683986537461e+01,1.497591165457565694e+02,1.185804245561405992e+02,3.291310863816778465e+01,5.725768704718235114e+01,1.037436543358776362e+02,7.749384516340461460e+01,6.788541079596335237e+01,5.313146561873475804e+01,6.124295853051015115e+01,8.286892821310401303e+01,3.761741211341495017e+01,1.109717123442077025e+02,1.716238029957508786e+02,6.792325625855541560e+00,3.018963090822118147e+02,2.189304247509847983e+02,4.538991523819640150e+01,2.386309614004869672e+02,2.417734445806086683e+02,6.366354611587571988e+00,4.407079110612900763e+01,4.201933527395447499e+01,6.838679189569249672e+01,3.126201178668268312e+02,1.221975465569498631e+01,1.787183895477648150e+02,5.416992001564302655e+02,1.586411308938814386e+02,1.176977226721793244e+02,1.013659801619506595e+02,1.128267587708415363e+02,1.718445946474977859e+02,3.191066472363995388e+01,7.129256429784533111e+00,3.196298844178965624e+02,3.058585819294663466e+01,2.083774043961137750e+02,7.646907401325493936e+01,2.023594416130489719e+02,8.532906351699870129e+01,1.875473399236425678e+02,1.742986570461756557e+01,6.338281230607218504e+02,1.851100941372191144e+01,3.143433935809003543e+01,4.702652204376652207e+02,2.582384195884344535e+02,2.632693502921745310e+00,2.220212045186159955e+01,3.516535967004205645e+02,2.321445590640834382e+02,2.236401072369983467e+02,9.949708806899517199e+00,3.320431589562635111e+01,1.620867996630956398e+01,1.693350992600086045e+02,2.317927664301823754e+01,9.754146049687945208e+01,1.644131974537531278e+02,2.809278907386812421e+02,1.365214572392679031e+02,4.227649076739726297e+01,2.109412281722523801e+02,8.425461659010410642e+01,1.696512130100520466e+01,1.704769719124581684e+02,1.057210107411375049e+02,1.885476883451837864e+02,2.936684791555165219e+01,1.501405961241042348e+02,4.950117001745482526e+01,2.194539176487914744e+00,1.013028306524886091e+02,1.685048023095197323e+01,2.484554361279765828e+02,7.449567716485611868e+01,1.368769252690246958e+02,3.372400750737107700e+01,9.100078508142119915e+01,3.707775422359413486e+00,2.429627169998831349e+01,3.319557404721098237e+02,9.880644399380342335e+00,4.363266482027353277e+01,3.336879067068735480e+02,2.621453242456370845e+02,7.921630468030285499e+01,3.377476988613285158e+00,3.722168289762686300e+02,1.834760109929609939e+01,3.893115561704590988e+01
1.551325078957852099e+01,1.774033838907584197e+02,2.967286665928514253e+02,8.185824644744603518e+01,1.192671941400353717e+02,5.922392173401321713e+01,9.616441874253224853e+01,4.405496898520709124e+02,7.443864517317577167e+01,4.040895519574040122e+02,5.200450517383786746e+02,8.518426709589631685e+01,2.668815835082238550e+02,3.618703916189358694e+01,6.790148227910185597e+01,4.382082604012389027e+01,2.724057082017795892e+02,1.472310420516174823e+01,2.495730829979418175e+01,1.714118203594642154e+01,1.834354280906930512e+01,3.624755049015275858e+02,1.391068245853524132e+01,1.306376031500648764e+02,1.121626902464660986e+02,1.451524697307273186e+02,2.814092509385364238e+01,5.985085444836196977e+00,1.235455872655295195e+02,1.854794403733725972e+02,2.156115466489424648e+02,6.582691675848985824e+01,1.169122540717866627e+02,9.614532383466951160e+00,1.866150254728946933e+01,1.037698802348289604e+02,5.736731714287741823e+01,3.895645382338650364e+01,5.048764821820763160e+01,2.224507054300130164e+02,8.365312402583848339e+00,2.243155290808085738e+02,1.197979663178139731e+02,1.078219606477135386e+02,5.841971545645777297e+01,7.378206455962735788e+01,8.781735422760915810e+01,7.354638324847562103e+01,5.302242301737678076e+01,8.713137368476935762e+00,2.520912648798701525e+02,1.535839278420264691e+02,1.626930854052633180e+01,2.647487952813307643e+01,4.695936780910963080e+02,1.477651881217516383e+01,6.074371967456243482e+01,7.224230097511838977e+00,1.423765621608483514e+02,1.452314828892331811e+01,2.077722468341123658e+02,7.071521344206593618e+00,2.625724290504277691e-01,5.115587795594408504e+01,9.840021739651091082e+01,9.167586084982242767e+01,9.360885233950421025e+01,1.024866205115884412e+02,3.167629275053235460e+02,3.909948446177707382e+01,2.572833413272996381e+02,4.474273036133056536e+01,7.036701327023651231e+01,2.620746128279567344e+01,1.079186953135844185e+01,3.813720638164205070e+02,2.144962940928383262e+02,5.172377423284802944e+01,4.132179056670469208e+01,5.394819597097990993e+01,3.478142935453462883e+02,9.571238684991413948e+01,1.946768745349322955e+02,3.097257569784633802e+01,1.790205166013855731e+01,3.364920065521892489e+00,1.411376713549299495e+02,1.561336331001671169e+02,3.121212852558940085e+02,4.039045681339120364e+01,3.434552676610633171e+01,1.728507298891303208e+02,2.325775178787796733e+02,6.340004010080634345e+01,4.073374162630469897e+01,1.099899675820362006e+02,7.061533566043885912e+01,6.410209368779275962e+01,1.149679695357166196e+02,1.403570168358095032e+02
1.034359492109921206e+02,2.518578891495506866e+01,1.523699073711239578e+02,1.596486852298410319e+01,1.647670473843758430e+02,4.746130720195462338e+00,4.028936253981655824e+01,1.171060025954490271e+02,1.138174139610508462e+02,9.826600977938100812e+01,1.906011871042370487e+01,4.323720053555057348e+02,2.948461559848783864e+01,2.088676469953932724e+02,1.530400727653816944e+02,7.501927103243394868e+01,1.356798712264025824e+02,6.617463127729698158e+01,2.543928449367733791e+01,8.143536654753243909e+01,2.763473271719252722e+01,8.241648654116051631e+00,7.862002879073310169e+01,1.857857781153968446e+01,1.055159651950936137e+02,2.758272746404767304e+02,3.015773221110618465e+02,9.282759675042431269e+00,1.603266662724293212e+01,6.027321736324478252e+01,5.888240616411543442e+02,7.299504495054543440e+01,7.195111106809358148e+01,1.101766251158272638e+02,2.125588030631582726e+01,1.248043870524574217e+01,3.837456429147336756e+00,1.268746114926463378e+02,4.471300137005027864e+01,8.893348865133889092e+01,2.825189723280362273e+02,1.068632532211326414e+01,7.984616010168609224e-01,1.008938100072938795e+02,2.551155066916608050e+01,6.524922918011212403e+01,6.220961993632983678e+01,6.575598647876171299e+01,5.555007338717863519e+01,6.200285522042963748e+01,2.279494591150410372e+02,1.393629303426364459e+02,2.044174859575839491e+02,2.433232195673755882e+02,1.772524939529964456e+02,4.616487326861047791e+01,1.301606734427801655e+02,2.478314695186550676e+00,2.844887996221462458e+02,1.833986267528023291e+02,2.165623441738711108e+02,6.461669123342657883e+01,2.074082745805620505e+02,1.408652026878865549e+01,1.977702035356450594e+01,2.560369248288445831e+01,6.351415831818769675e+01,2.235308167102814707e+02,1.816127929022423189e+02,1.410653990670068936e+02,9.242768075035519360e+01,6.413447014256604461e+01,4.154400115705356455e+01,2.111248190807761560e+01,1.139439942186123886e+02,2.980402840318182598e+02,4.542379827148770488e+01,4.333174713194046745e+01,3.383565917321948291e+02,2.598640639955318932e+01,3.241489934056258448e+01,5.243664090268436695e+01,3.431831111832853054e+00,8.917883233662038833e+01,3.970646531259874212e+00,1.769038020413821926e+02,2.192944329930004344e+01,7.343948717144375848e+01,4.866419341337206106e+01,7.307391479150430769e+01,2.351093347285632831e+02,1.168502755206387320e+02,4.248767407482758607e+00,7.874133426095012567e+01,1.032164253112812169e+01,8.511619302732464121e+01,1.597099597423442496e+01,8.962582493752782042e-01,2.053769135090892650e+00,3.650322787379401551e-02
1.638013570131880385e+02,1.105925338463714809e+02,2.232580824965003501e+02,2.328339492522633236e+02,3.675501549536900256e+02,1.649195190689514163e+02,4.239562695414129934e+01,2.265606938169532043e+02,2.416010871787323993e+02,1.922350582432673605e+02,2.086499309990886104e+02,1.144541413008749942e+02,8.773237420486674409e+01,4.699984309347366320e+02,1.065900433634442521e+02,3.762901623524833639e+01,3.575970893059188693e+00,2.377926245213907919e+02,1.887452104147501331e+01,6.439682261556386322e+01,1.060385510768317516e+02,2.370836515713940571e+02,2.088114671545752898e+01,2.167315542288690366e+01,1.985832495690231880e+01,1.400411560571151597e+02,3.119065269601208570e+02,1.078681458698300233e+01,1.626673236175352315e+02,1.037225440362801834e+02,7.870400165609753174e+01,1.193338303868857793e+02,8.308623878466177359e+01,5.069837184909828487e+00,3.951440501621132739e+01,2.173737665474652943e+02,3.228701439106332032e+02,8.545196674129896053e+01,1.335802127329519635e+02,9.770740100030506881e+01,2.293896234423431224e+02,1.996187234714170984e+02,2.051013777723446196e+02,1.329218856244535800e+02,4.091345875454948811e+01,8.494678515938561247e+01,2.514134648234329745e+02,3.635988230909809715e+01,2.562926516032614543e+01,1.360343945414663525e+00,4.442346457235126778e+00,3.264687791907841188e+02,8.327358952747802334e+01,3.621751027634729070e+01,2.749983969488773141e+02,1.118420357049064080e+02,2.038329862301175979e+02,6.649516382962788441e+01,7.717679606943656268e+01,1.809743423415289669e+02,1.829220552826562596e+01,2.151727413572302439e+01,2.094490281788499075e+01,7.748138252742896270e+01,2.605652734536851156e+01,4.349532315912192360e+01,1.745232245020756068e+02,3.201634246980808598e+02,3.471981776683926313e+01,9.961491877175999932e+00,3.444903981446122430e+02,1.674057790998571349e+01,1.393813246986439651e+02,1.772347034073925442e+02,4.297827752337056495e+01,1.280188177421066769e+02,1.068348216918427056e+02,1.622081363212435434e+01,3.959070987381818441e+01,4.509192777249041484e+01,2.015115317035369742e+02,2.107256496005166753e+02,1.397028104662438319e-01,6.661740010862144956e+00,2.517571666480912711e+02,5.336193667145545660e+00,8.545295552293372054e+01,1.466350248374014882e+02,2.286236344339097215e+01,2.687478632787513675e+02,1.871841439272239427e+01,2.217582558791349712e+01,7.490856133225898716e+00,1.276691910422040621e+02,4.140702906403262773e+01,7.190051982621227467e+01,8.556939764784839042e+01,2.972289448339913633e+02,3.941498986960174875e+02,2.421742855490273314e+02
9.300281228034906178e+01,8.490511389479139837e+01,7.765443813644505155e+01,1.720690849919913319e+02,7.046745223419817705e+01,7.449246696847603744e+01,7.210876845709896088e+01,1.122017023439350965e+02,8.926256799240012185e+01,2.695199478029789475e+01,1.541441464118190119e+01,4.423510513616476914e+01,4.991775653127049850e+01,6.136467560210554950e+01,9.402218260717152987e+01,3.310992178688640593e+02,1.663822168643591581e+01,2.550501063841563791e+02,2.215302946814771019e+02,3.469753578898854585e+02,1.619407996674900403e+02,4.801372444906028392e+01,5.037145332450855761e+01,7.839401381155146342e-02,1.507873170024089120e+02,3.628856458165834198e+01,2.633735770712461886e+02,4.846457190041380159e+01,8.528166721820899454e+01,2.264226542167702974e+02,5.659333081928821230e+01,6.675995794720050469e+01,4.733794172490495811e+01,2.327213423365532563e+01,4.179988982470525372e+01,3.215959013616588891e+02,3.390640554101725712e+01,1.616338912980645830e+02,9.097136555293500848e+00,1.575594806847176983e+02,4.441120216764250017e+02,1.858307681572694321e+02,3.301208864183906400e+01,9.676985645200561237e+01,2.403222502952786144e+01,9.647655506235399514e+01,4.187926580164322132e+01,1.490031762782516296e+02,8.230708603997017292e+01,7.404776457523107069e+01,1.029850932262784013e+01,3.184774923683608563e+02,1.243581201329539567e+02,3.776162071531221045e+02,2.224399953784700017e+02,3.094710880655423679e+01,5.622489860191414124e+01,1.517801068427171458e+02,2.137686185552064444e+01,6.269215469368604232e+01,9.192223628081048048e+01,1.129344031447116805e+02,1.148721072217181813e+02,2.098253376986797321e+02,4.424183614149938215e+00,2.233855860630935108e+00,4.083527535565472277e+01,5.124455020093122215e+01,7.881982633836685181e+01,9.530664705713392948e+01,1.155792473512582887e+02,1.696542537734562117e+01,1.359717224220404219e+01,1.079008299324733713e+02,4.446581375096750577e+01,7.885272996902001807e+01,9.538855820969619970e+01,1.627725757209176720e+02,4.939025869782724243e+01,9.934997758423050129e+01,2.561299816666576703e+02,2.140498615377196074e+02,1.962059365834149105e+01,6.029643789605017190e+01,1.882427494411305418e+02,5.196885653031114316e+01,9.126570459030282079e-01,1.172865806298745071e+02,4.384272776455443221e+00,1.242374450329298128e+02,2.416474218945182528e+01,7.198188331564010412e+01,1.524117636535584381e+02,9.496032821303397498e+01,3.307360573012584268e+02,1.742351382369247688e+02,1.622031184363750071e+02,1.380936554929046451e+02,4.102823866981361220e+02,1.081014806695306021e+02
9.512986223766863869e-01,8.988344295015657792e+00,3.601687645505766966e+01,1.569000483561806547e+00,6.635942635721514193e+01,3.399751732969384488e+00,1.520933620580320422e+01,1.984756537959281388e+02,1.657323195734719645e+00,1.990866976837455615e+00,4.640513186527588929e-01,1.070795005769180541e+01,9.197011589682814181e-01,2.565190543699077708e+01,1.023231077326904028e+02,1.474690972453493316e+02,4.606118131022739703e+00,2.846361931399193357e-01,1.083084525788825125e+01,2.568245911775463597e+01,3.049382636278945213e+01,9.270666416563967971e+01,1.998014481339435988e-01,4.564108828356721048e+00,1.179319133545604537e+01,1.768642603543512735e+02,1.157640484467494346e+01,3.018925723307361508e+01,4.607955452222756065e+01,3.560987772061485312e+00,5.971448601186479976e+01,1.733018554703267355e+01,6.393619807531105259e+00,1.109294613859052525e+01,3.923027791588314983e+01,6.820233803879354184e+01,1.634896949656975096e+01,1.191098829318287144e+01,3.682856772815953406e+01,2.292674387511896006e-01,9.894261466281277251e+01,5.037042813230441674e+00,6.315938279333032312e+00,2.662539404422929135e+00,4.214663483455557724e+01,2.611937927774523516e+01,1.779942812310594036e+01,9.826837668319054586e+00,3.020581187871539086e+01,3.326425277043651363e+01,1.248860833838555884e+01,9.835780296474295525e+00,3.629472895430701840e+01,2.314448675708248526e+00,2.111621770374908635e+01,4.457896805758379877e+00,7.872863465587242615e+01,2.689042732787471746e+00,1.133075841911013804e+01,3.502681315748524327e+01,1.480411619533565748e+01,5.105343821676297189e+00,3.505189978946116014e+01,5.204327643620904276e+00,2.688071826425465360e+01,6.794460873255238198e+01,1.088646509988503830e+01,3.033152263821285644e+01,3.925408340450156519e+00,8.998992735189304426e+00,1.332748248788227663e+01,1.900383400734058315e+00,5.669301677214597390e+01,8.279783690125086082e+00,2.667597564944474531e+00,4.682472558746783164e+01,1.184147561623465776e+02,2.198151100114596446e+01,6.870630802502375900e+00,7.885070757814021647e+01,2.875984088444391773e+01,7.831686474094121309e+01,4.332417819166924033e+00,2.417062021507129899e+00,2.035422595900419740e+00,8.480784670562009353e-01,2.465001269850191434e+01,6.247027749086307580e+01,3.315291132606826352e+01,6.648606329611291699e+01,5.924402332382152281e+01,4.420471832316793304e+00,9.737628015534058878e-01,1.249414862779255841e+01,2.652462795447094379e+01,5.675306224851900794e+01,2.848258557120594059e+00,1.707049861380839673e+01,1.947676846981035936e+01,1.608232556146372971e+01
1.986648001404890351e+02,2.508214900727647318e+02,9.821776119568666275e+01,6.287559525015079771e+02,1.900245491255050183e+02,4.295065536962812871e+02,9.692874766117688523e+01,1.797407430730120126e+01,9.978044392809782437e+01,3.361240349875849347e+02,2.122840182367486079e+02,1.112324020839773766e+02,3.190161445593997769e+02,1.670153539719004527e+02,3.061618256182331947e+02,1.787916185368143829e+02,2.184950162847940192e+02,1.804645264991063698e+02,1.164666841489330018e+01,2.889221303277772677e+02,4.809351089302069795e+02,3.523257547325130759e+02,6.455119428192431030e+01,1.861600599615360352e+02,1.243197211770305586e+02,4.809324412178668950e+01,5.715335972368186646e+01,2.860543130370795097e+02,2.962236149575603008e+02,6.986356052319544574e+01,5.758409431216741581e+01,3.137801329776487478e+02,1.673776468273925389e+02,5.553433507619429292e+02,3.603403450026900146e+01,1.632779231083713967e+02,2.019296672994332198e+02,4.141971392134483381e+02,2.791465860982723370e+02,2.464171358530015254e+02,2.837958986684719687e+00,1.390040402683526395e+02,2.018188813872558285e+02,2.337177447151929925e+02,4.150343775042973107e+02,2.080965434360102790e+02,1.305915380529499430e+02,2.248954904596122333e+02,3.331021904665338695e+01,3.587595864823092597e+02,5.622183133385852898e+02,6.869068265021488173e+01,3.382192433446062410e+02,1.081773877751046484e+02,2.955004797257507789e+02,3.603639628644521622e+02,4.072444034060254694e+02,2.468464274704490435e+02,3.842400689871164445e+02,2.166909698825645307e+02,1.935344922913539634e+01,3.197022197576885816e+01,1.758211323598136389e+01,4.768144397580653617e+02,1.596511457370177141e+02,8.468778403264792587e+01,1.376033882854416674e+02,3.128921188707744818e+02,2.029027802141257268e+02,2.925291533330479155e+01,8.842988170862891195e+01,1.980233958062780459e+02,1.464386594746921162e+02,2.049842413839288326e+02,3.182540314378928201e+02,1.310980863050717815e+00,3.105190240386750702e+02,4.054622779949309574e+01,1.196548402185207607e+02,3.562497203434310791e+02,1.750519925435764890e+02,2.843748173710702645e+02,4.023753212301285771e+02,2.134182413880756428e+02,7.230210922120852501e+01,8.758421353281066501e+01,2.861040262899488198e+02,2.156968472803734755e+02,1.534716876226454190e+02,1.758579973929756761e+02,1.840244168175670154e+02,3.880602205193918621e+02,6.855468738151971309e+01,5.681554840143867580e+01,3.125910245623646944e+01,9.827157163120871530e+01,1.889982928100064541e+01,7.801291511238880538e+00,1.509885816903136231e+02,3.523090176864212886e+00
2.889873306377301674e+02,6.298221605555027054e+02,1.849640611639522447e+01,4.058530557201219722e+02,1.831898552274673477e+02,4.241121647810271043e+02,9.358443969673919582e+01,2.074816428292244836e+02,8.533064945878764718e+01,2.654191570719572155e+02,5.314009660293401112e+02,3.073243324515073596e+02,5.157125801569844725e+01,2.115644090840844171e+01,4.455941303474922961e+02,2.056861416497538357e+02,2.921909216351148189e+02,3.850262942521989658e+02,2.637411134623047246e+02,4.324918634026084305e+02,7.140222783916119624e+02,2.442455546366289525e+02,2.168617911275132926e+00,7.174981197801538428e+02,6.163540537322959381e+02,6.654697058285365756e+02,2.851877271921910406e+01,3.906172445557192532e+02,2.365244231805570791e+02,3.215290808878614257e+02,3.869492464357921335e+02,1.759471116595148885e+02,2.096279047230748915e+02,4.838378149121933234e+02,6.370062504379303618e+02,3.152193132177819166e+02,2.135710045404991035e+02,4.437975872920484477e+01,5.766099891413858103e+01,5.180581909362900888e+02,1.863789438432701502e+02,3.746204241576827485e+02,5.839644496336153452e+02,3.882474995245872265e+02,1.927542355014477664e+02,6.709692458250219715e+02,4.927308882672716663e+02,5.601056772000446244e+02,6.188360149141705051e+02,3.112965454202100659e+02,2.283630330049765007e+02,4.354763721697465826e+02,2.910569437149865166e+02,4.780912939818028917e+02,3.119582967419051442e+02,4.893699321276569094e+02,1.153572391616369117e+02,1.653849575367175646e+02,7.692448902852465835e+02,6.555832651242284328e+02,9.872786897245403281e+01,1.279167184351116902e+02,1.294483615948661814e+01,4.808168827627496853e+02,3.261224776778896626e+02,3.411020264620345301e+02,5.843165177331616178e+02,3.180562615459876383e+02,2.331238786489021493e+02,3.502287047335306056e+02,2.738508498576044303e+02,3.049989510634454248e+01,2.139463447849235251e+02,3.667212178907135467e+02,6.880602104962792964e+02,1.001178197588973262e+02,5.540556130804468467e+02,3.028531087421732195e+02,3.429754561333253946e+02,3.651135335056187046e+02,8.394388178596182115e+02,2.753073636844120529e+02,7.235248531462411847e+02,4.731830114159781715e+02,1.320116648610829486e+02,1.181272546693405161e+02,6.110810837931193191e+02,7.590420077932386675e+02,4.517969390678219952e+02,2.592055437071645585e+01,6.199637468771011299e+02,3.065554034031924289e+02,3.842886754202265820e+02,2.012349146833088298e+02,2.366777522728378642e+02,1.517114818350036103e+02,3.756425139924095333e+02,4.089861062527604076e+02,2.036016259650202471e+02,6.534656897501159278e+01
1.872192378497254310e+02,3.938114949480446114e+01,1.434641488332697463e+02,3.875266631939202000e+01,4.035924151067859356e+01,8.587677132352139608e+01,2.548177777046363168e+00,1.318905780036490683e+02,9.641323784266917585e+01,5.450016634423644746e+01,3.645168947542660476e+01,1.544792243835055672e+02,1.308749207720881280e+01,9.723316269684799806e+01,5.311082871455872834e+01,1.453233570845627867e+02,6.668349171083077920e+01,7.535272823655351004e+00,2.384361822153835320e+01,4.537553913665220762e+00,1.122815393949357770e+02,3.121297810671840125e+02,1.034503440067431228e+02,3.055633634463137938e+01,1.816319155141849251e+02,2.205640502888158210e+02,7.747974621186322963e+00,4.192890696529455674e+00,5.140342955944012004e+01,4.747153593274359906e+01,1.342561924786605516e+02,8.528420355707088163e+01,1.055095977681287565e+02,7.925367680850845886e+01,1.398507695440011673e+02,2.333990850920956636e-02,6.403911595702398429e+00,2.244477760889893148e+02,5.512403126509542517e+02,1.715481149130853282e+02,8.994893322173795980e+01,4.278694517309489243e+01,2.716775613400101008e+01,1.433209191137817413e+02,7.593637263875508836e+01,1.144064451020948603e+01,9.770996188210438049e+01,1.461379531381801877e+00,9.538128944834229017e+00,2.399752444425589815e+01,6.063551217763879286e+00,1.367639390503537982e+02,1.757611333784915431e+01,1.425457598286002003e+01,1.860419584532934039e+02,8.177936199952993945e+01,3.951673281275009799e+02,2.158002914001381889e+00,2.940053088426892813e+01,3.618881967807241296e+01,3.793990160790161781e+01,8.415945678695672783e+00,1.511888794672701941e+01,2.457704394586087560e+01,3.349986087771583811e+02,8.466481487536523076e+00,1.947050867247537553e+02,2.733341864548728495e+02,1.300359430554680955e+02,3.361149834434197601e+02,1.004814862066425718e+01,6.508040817657844457e+01,2.659980289525954777e+00,3.570599300396013032e+00,8.676048840228270365e+01,6.085752919228823288e+01,2.509011895593932451e+01,2.063338108729371356e+02,2.449437923274228623e+01,1.697878433592226486e+02,9.429466892164855096e+01,5.088011844817796714e+01,3.038496609307942720e+01,1.964110814219000289e+01,1.937724462454698582e+01,1.562795170062289074e+01,3.181577025598190289e+01,3.232474076800281981e+00,5.183133971148668451e+01,8.034046628832464876e+01,2.744398627462039997e+01,1.749890522057605224e+01,8.280893097446313078e+00,2.180604195571796993e+02,1.197579306049158454e+01,8.991342985617777117e+01,1.353487509367671748e+02,7.522422677356155418e+01,4.271568755358472913e+01,5.043973182126642740e+01
7.420127996168106677e+01,5.354040946688007807e+01,5.678946447604282639e+02,1.241706476355972200e+02,2.165651688253808231e+02,2.464550356670856672e+02,4.661413640150975368e+01,3.989506651339808627e+02,1.389178825136066848e+02,2.376274177251499680e+02,1.984402450031498972e+02,1.851788611870051682e+02,5.002707552014197745e+02,2.928358118031564459e+02,5.912491099381846027e+01,4.160441988460033826e+02,4.146124119949549822e+02,6.700886272788751796e+01,2.329539361751784270e+02,5.425451076053547013e+02,2.450883649059818197e+02,3.254039650185885080e+01,3.658342087778396490e+02,1.922240009880112837e+02,3.252165145107573494e+02,3.140151961299139884e+02,4.186789914016603689e+02,3.324726484128888728e+02,1.858550288144830063e+02,5.175741276187141011e+02,3.137835776547236151e+02,2.889445736642726956e+02,4.478241981503857119e+02,5.282824564435919683e+02,2.002800959652941231e+02,3.319907005984312605e+02,3.956509117306530356e+02,1.893806778088216092e+01,1.243527854139469184e+02,2.755764685178478999e+02,4.561741446123448895e+02,3.632644822065043400e+02,4.238701017130375703e+02,6.473225054039224347e+01,3.602633349943288863e+02,3.315200580705482594e+02,1.589728717022637738e+02,4.094524051524801393e+02,2.205603244762721999e+02,2.246228799870832518e+02,2.824653308819162021e+02,6.892280554819602685e+02,9.262855379795966826e+01,1.817076577488867883e+02,1.909752530601149374e+02,4.919366443142222920e+02,2.564066332134725599e+02,2.573534468776882136e+02,4.636147824334597090e+02,3.194594872858794474e+02,5.141452692213964610e+02,2.805416537487985238e+02,2.076659501872248370e+02,2.645001040031672801e+02,3.772240900630271909e+01,2.187493405307813248e+02,5.774948632546697809e+02,5.470786937027703516e+02,4.647661544616034917e+02,3.862288018842059500e+02,3.197448121299820514e+02,2.638208135911309569e+02,1.906606963043277290e+02,1.211017949386656909e+02,5.699669430292681227e+02,3.888920768691220360e+02,4.572969176979893291e+02,4.878489711176057995e+02,2.387401207432225476e+02,1.248384183482602623e+02,4.272206235288109042e+02,6.139979150734983477e+02,3.447766144988174233e+02,7.137038274085077738e+00,2.286206082555839032e+02,4.521301216588092302e+02,2.912034387468836485e+02,7.523068515398891520e+01,1.245106848211758006e+02,3.889495082141096987e+02,4.488447828005838005e+02,2.565954021869877977e+01,3.110319198277565977e+00,5.424170807529727689e+00,2.203561483072940348e+02,1.755089881285261981e+02,4.184154806833226417e+02,4.034995589818855137e+02,9.863809894817127599e+01,1.571438790909967338e+02
1.005659252938901318e+02,6.298124178601577228e+01,1.288968351458345580e+02,2.565179695261882742e+01,7.991094117082369053e+00,1.160179506314326936e+01,5.116656552169444439e+01,1.286837814440518990e+01,5.999601204168300939e+01,2.662809701504405169e+01,1.174934006675025273e+02,2.352243310712705338e+01,4.251074710120436251e+00,1.235548349253440392e+02,1.560657796630709129e+02,4.936554161086589687e+01,2.688973762853177050e+02,1.345935433273689625e+02,1.846822291199578103e+02,3.129439874389153164e+00,1.726134461021396005e+00,9.275899656784060809e+00,5.612123709591401877e+01,1.706674845607583890e+01,7.764744979980130779e+01,9.546563190840414848e+01,5.268936844128744745e+00,3.082469225734955298e+00,5.789837365789281876e+00,2.738057453089171478e+00,1.492582546700791113e+02,2.367734635917787855e+01,3.554937164039613862e+01,3.013490421014494700e+02,8.916469101943018671e+00,6.889215654782541165e+00,2.382690426840610698e+01,1.791130709975265916e+02,3.406913498689628739e+01,7.110956430467555656e+00,9.187588650131387169e+01,5.555752565935620879e+01,6.380276358878064258e+01,1.604221784041081662e+02,2.332018789729442076e+01,7.953354466967289760e+00,2.757830636997454690e+02,8.072949862558986922e+01,9.439171181578670655e+01,1.885196299657525643e+01,8.009846173976109185e+01,1.247145573264802607e+02,1.059178069308363064e+02,9.387776071399798639e+00,2.016057785102473474e+02,7.517761695394599153e-01,1.784071629144750304e+01,4.598293603886708780e+01,8.522877367221285283e+01,8.761252032899183462e+01,1.207415402874034953e+02,4.373846886784156851e+01,3.692864990223515065e+01,1.070673205444390277e+02,3.549055356690522700e+01,9.439465528810420381e+01,1.904851884677554779e+02,1.003429420993214762e+02,3.574203514013225202e+01,1.481566048728228395e+02,1.069954643748864775e+01,1.929767761456176123e+00,6.650577265132893956e+01,3.870330838503700477e+01,4.356216936105227688e+01,2.474850959866360389e-01,1.568927867569569230e+02,1.776537727872843391e+02,2.770079956964985257e+01,1.220312728114161338e+01,2.915277762024999575e+01,4.371369933007663855e-01,4.159240014172223887e+00,5.878903284750401070e+01,2.661746558497893878e-01,2.548089446039037043e+01,2.705289848396433072e+01,5.084307805023313875e+01,1.849572843374909326e+02,8.573864507590424466e+01,8.967948883819763850e+00,2.737578677838186536e+02,4.982091711599964157e+01,1.374421308953450875e+02,4.575285460974171770e+01,9.608107237092140096e+00,1.614737063472233842e+02,9.851545474679527103e+01,2.609672042369459266e+00,1.347351718533152898e+01
3.658453262172485410e+01,2.248622030304397512e+01,6.393884919699783609e+01,1.691252223281054512e+01,9.973904506723921770e+01,2.246362731365095726e+02,2.200311873366108006e+00,1.064135450053924501e+02,2.814325043194806586e+00,2.643599861521526009e+02,9.502710222448904176e+00,5.612966082073136675e+01,2.006777781113224890e+01,2.160233723535710126e+01,3.487550171887057360e+01,1.603293095908364592e+02,7.806186108280864566e+00,6.896950011713963136e+01,2.743373516202793994e+01,5.255524765097398188e+01,8.208522660223786716e+01,2.875476458290918345e+02,2.420173514849643492e+00,8.794124806711508313e+01,1.986578611010990514e+01,1.638599882683018620e+02,1.868392928619269000e+01,1.193048558603418172e+02,1.858499852199891578e+01,8.417454663900514333e+00,2.684285898253064317e+01,7.353074235553171434e+01,4.162368764817098388e+00,1.355199596914362647e+00,3.126194780518573690e+00,5.465071175190977293e+00,2.264860929563184300e+00,4.143275876375672517e+00,3.361945581986120857e+01,1.442358415690087092e+01,1.073929298149838907e+01,1.923958412065645218e+00,2.684149227714257080e+01,2.151069404688979247e+01,4.198527491161643610e+01,5.574468652655938428e+01,7.869263017451153530e+00,6.383845317124264618e+00,4.492957671285284960e+01,3.456975529210164666e+01,4.706017366830152149e+00,1.551711092022772398e+01,1.612306949046574971e+02,2.008058443928974839e+02,1.162349644942791471e+01,7.417275316257293127e+01,1.645913951144069998e+01,8.985894977620604607e+01,1.429659841159397615e+02,2.550614655646664275e+01,1.397816005457691091e+01,4.636262989000140777e+00,7.645227347150809294e+01,1.142312707161769758e+01,8.237600996053396907e-01,5.395494817396777876e+01,6.339753480486712789e+01,2.421533728771183007e+02,1.046029785957914697e+02,4.930202320665606663e+01,3.816947577828394600e+01,3.191788001327264723e+01,4.670868065943754921e+00,6.245093609274411506e+01,1.586126720445778062e+02,9.681903755265128808e+00,4.857886892581960865e+02,4.774045418328600476e+01,8.859686429533469720e+01,1.116000878488909898e+01,3.211030685423770592e+02,2.501263233844220224e+01,9.360356903551287644e+01,1.641127988594256593e+01,2.369894498877279787e+01,2.833837372962872436e+01,1.056090020248835657e+02,1.662950150173602708e+02,4.655445943529252162e+01,1.159961043016114246e+01,4.138073247361020890e+01,3.913109846598014485e+01,4.271448945501826522e+00,4.236518609228541976e+01,6.650406387754784987e+01,2.944435052590468160e+01,4.965791593618732946e+01,5.902942712280463411e+01,9.589730822012848321e+00,3.205567242571931530e+01
8.304350488024032018e+01,4.234898008497009982e+02,2.483854401267996082e+02,1.423183053452627007e+02,7.315672127749300557e+01,2.482976277556610682e+02,1.733792891735294859e+02,1.596623881306334454e+02,3.910200225213737326e+02,3.397589369244111026e+02,6.550655220827282221e+01,1.344968352023037994e+02,1.207779056146735002e+02,4.004716073638513194e+02,6.445454874472433175e+02,6.293102551427003988e+01,2.003290862359358471e+02,2.111131135684152298e+02,2.879044328124415983e+02,2.062943161601834845e+02,2.978351680275363265e+02,2.072038315227621297e+02,4.437301586651890375e+02,1.178162040300099420e+02,2.063231309488909915e+02,6.131026082175160496e+01,1.365181318547867022e+02,6.658707557879138506e+01,2.555187331697194395e+02,3.508840738507064430e+02,3.431715091853654798e+01,2.951828947510869625e+02,1.979854264767593008e+02,2.642448965717666098e+01,1.737068513796285458e+02,4.105776387848328000e+02,5.805571838315884037e+01,2.576862890108595252e+02,3.902855550162318821e+01,1.050291128157264211e+02,1.520852648190590912e+02,4.747786429336474612e+02,1.335522644617682602e+02,1.992970802738451255e+02,2.991773293678414234e+02,1.185502123452079246e+02,1.166119533152197931e+02,6.075560491666558249e+01,3.352945005542401873e+02,2.572278185639965500e+02,4.877999502834467194e+01,1.633016071999046233e+02,8.557451924649571140e+01,1.452216797673554183e+01,2.526325012613721981e+02,2.460143691633754202e+02,1.804048027904701996e+02,3.265103282748071365e+02,1.469381793738337478e+02,2.252825612692863189e+00,3.243390005666806815e+02,1.202569101722374967e+02,2.557359521626768810e+02,2.340157352866342251e+02,6.006679865360280246e+01,9.626447679601285756e+01,3.509268764371002476e+02,3.118226698096649443e+02,2.194484394692626665e+02,4.004273453733698602e+02,2.297335691041456300e+02,2.527957501252166423e+02,3.563627711438153369e+02,1.184517607826272325e+02,1.240828881894253932e+01,2.473438892554716233e+02,3.013531312710562702e+02,2.762135712326190173e+02,8.276196028981944153e+01,4.983782674477536290e+01,2.100859890338051912e+02,4.588036514216721571e+02,7.696755356120233671e+01,1.479573533207002640e+02,1.192248579511316393e+02,1.189697167669743862e+02,3.688180349464240066e+02,4.107754872345429362e+02,2.073082812850078369e+02,3.214463191217659528e+02,2.564061536670855901e+01,9.140734737754500827e+01,1.858494638975153350e+02,1.352631432435801173e+02,1.533465196657928971e+02,3.268912152173563186e+02,4.710140632566964882e+02,3.089010348904856187e+02,5.692603073284793709e+02,4.358032139833080123e+02
3.179888197137601082e+02,7.102679043903057732e+01,4.131890551822141902e+02,4.793191627759647986e+02,5.226349295037043703e+02,4.650383962408552065e+02,4.261137263546365830e+02,3.503772359054040066e+02,2.066951998595007183e+02,1.628725886869503654e+02,4.468457112128749031e+02,4.574183042784937356e+02,9.374784603204730615e+01,1.255224447732833823e+02,7.175546982126326157e+01,3.592848289012594165e+01,2.063912323873227024e+02,1.673690381313425348e+02,5.687613123785110929e+02,7.788899915888640635e+01,7.464305818280319045e+02,1.429382814415526752e+02,2.860501567704307391e+01,1.617798450976043796e+02,5.021511727828994367e+02,3.450321188497326261e+02,2.256908490767502826e+02,2.708769585299814366e+02,1.111768017966551412e+02,4.007448854377502556e+01,3.345546316597676082e+02,3.953358584036832326e+02,3.815642281044881656e+02,4.554134777699977121e+02,4.055539327784745183e+02,6.729182602460572298e+02,3.282940991344289614e+02,4.577027261685598205e+02,4.623534356721825702e+02,2.304019720180215813e+02,1.865289760266170731e+02,4.792511378789044443e+02,3.356517382585081464e+02,4.586843459468360606e+02,4.460100706696754287e+02,1.883309230095250086e+02,9.162654829867007322e+01,5.982501396436673531e+02,3.950504328811783594e+00,4.246896307147267180e+02,1.321739985448019468e+02,5.550239120598264435e+02,1.569582939016625005e+02,2.675050656217349001e+02,3.483535973755462578e+01,8.933379158790360464e+01,4.745948286178575017e+02,1.396464308583023239e+02,4.415487661775692914e+02,2.186064871940340311e+02,6.714228512518278649e+02,4.935901402723528690e+02,2.626544332121522416e+02,6.861509628386711483e+02,6.719743914806759904e+02,1.417665011033616906e+02,4.403395066538758584e+01,3.130663321473815017e+02,4.139501884690366182e+02,1.437158606295307379e+02,1.075376430173386844e+01,1.073674210596800549e+02,3.668780668524458974e+02,1.527613591702624092e+02,1.515929477292823435e+02,2.048620591180011559e+02,3.557108116344511473e+02,2.632007068346740084e+02,3.340900627063377328e+02,3.602087577169654082e+02,3.472628151739735927e+02,3.703452785226698438e+02,5.070297020131770296e+02,5.632132764363835804e+02,1.090308761528707890e+02,2.096963737540533756e+01,3.143773565854075969e+02,1.134928691849690097e+02,2.998171896749543563e+01,1.186436342815842160e+01,1.440041082115792221e+02,3.682569543784412076e+02,4.442565180542117673e+02,6.646568245680565497e+02,4.287595857595528628e+02,5.462064095103322643e+02,3.687113980417813650e+02,1.885225109356491373e+02,6.682796118815194859e+02,4.941820310444250026e+02
5.208005795611735600e+00,5.573776560236397337e+00,3.881320705618430900e+00,3.450979007471719484e+01,1.416612680405119136e+02,4.941342588062163799e+01,3.160722123931438787e+01,9.918632503115304644e+01,3.488250338795032945e+01,2.819191219073704957e+01,5.368643370241514390e+01,8.843681456946953290e+01,1.359951870135777767e+02,4.688391700150305041e+01,2.258730228244970206e+01,5.359896627682901737e+01,5.033629940554204296e+01,5.228257729673507548e+00,4.760154103024192285e-01,4.119321415676088094e+01,1.915961157495133094e+01,4.459005222475226127e+00,1.201269751181721412e+00,4.656931904520531162e+01,1.329471548946537212e+02,4.969982232195341254e+01,1.942514537148370835e+01,1.292760428101363779e+01,1.181516335845918242e+01,4.641427232003487546e+01,4.940242469857558660e+00,8.812759564028571191e+00,3.945597783247922052e+01,2.377401299518781386e+01,3.639127461070722092e+01,1.554474347343182750e+01,1.632449492629629262e+01,1.075951885188432442e+02,5.615302763782445084e+00,8.696529774703181559e+00,4.662728728279088841e+01,7.159482124940380743e+01,2.614288824433852909e+00,3.839734751944496427e+00,1.873620399355850097e+01,1.939044385854866492e+00,4.678848675512234934e+01,1.338251465367909248e+02,1.977954798305344397e+01,3.556303441335504090e+01,6.728235277791705471e+01,1.061172703904943972e+02,1.075165922117221271e+02,6.131856598580995410e+01,1.526551638805984012e+01,1.147594257959621622e+01,2.273421606548279073e+01,5.401957115177912216e-01,1.337717164838460704e+01,1.726186391503331095e+02,1.564563944927515138e+01,3.802333486738373836e+01,2.189121943061667519e+00,1.899461601615750839e+00,5.587439729418405676e+01,5.972568191555083672e+01,1.014007689455872985e+01,1.940976006140174093e+01,1.463689811639874705e+01,1.597597736695394666e+01,3.316325164678695359e+01,2.821287263208201423e+01,8.221410827281773948e+01,1.387359315704537410e+00,1.428758836657074660e+01,2.368067575481279263e+01,1.851975114832658775e+01,2.566588237349709445e+01,5.919085460053096881e+01,1.272302099175860235e+01,2.013287762970702843e+01,1.374665994330534424e+01,4.647610672270204901e+01,9.574002292681070614e+00,1.086313112069650941e+02,4.265940007102806675e+01,5.896204533492151967e+01,3.118756498061717064e+00,8.696693623642970294e+01,1.256948156589230159e+01,2.226998153071492581e+01,2.551441248757541658e+01,2.286385153366524037e+01,8.447800877169939215e-02,2.931996744536908750e+01,4.090261199251479241e+01,1.195827107409044565e+01,7.600239093579607141e-01,1.615636390667161137e+00,3.245638011873631101e-01
8.364614861007127899e+01,5.741955089916581301e+01,3.592360987578632603e+01,1.038554253801002716e+02,9.619172342865356029e+01,4.231050295128930117e+01,3.166453061405082394e+02,7.594038353580968703e+01,1.278873468930234480e+02,2.307193369520405497e+02,2.041773654082630856e+02,1.439226478863426166e+02,6.792955954052375489e+01,2.618498687797199764e+01,8.708169112911775755e+01,2.450071010829162788e+01,1.446851419774459373e+02,3.455905080414038366e+02,8.230245965171788214e+01,1.458894484035331800e+02,1.486339267989576456e+02,1.539233467840665526e+02,9.381461753019204153e+00,1.743479463690724458e+02,4.180438671310196241e+02,1.757747718936760961e+01,5.926317456425046970e+01,1.259926709255694099e+01,7.622862428124031453e+01,4.485569157539912766e+01,7.769535534333243731e+01,2.440751999264962180e+01,4.245639121285802986e+01,3.572981060486355886e+01,4.936293459871770750e+01,7.204551121975504202e+01,9.288946654083476062e+01,1.123538343887858701e+02,9.259663660281020725e+01,2.682085213318145520e+02,1.122146128237267071e+01,1.973713262346502688e+02,5.112073932939374998e+01,6.966178284709853585e+01,8.098407625084334427e+01,3.542444378766808768e+02,3.748354021390775159e+01,1.264842696642937092e+01,3.470518835433767890e+01,1.292484957689911518e+01,5.465697463309567894e+01,2.024632366698116925e+02,4.317977716835343216e+01,1.413744597869032589e+02,1.104357358456708127e+01,1.946222112679868417e+02,5.480002884201042690e+01,2.016869821019009805e+02,4.331118215664369018e+02,3.606991423422180674e+02,9.361119437780500618e+01,1.283631160480055655e+02,6.590594818851185721e+01,1.304291053655442738e+02,2.294012202139791441e+02,7.118733659346602849e+01,1.510179977519844670e+02,4.875519167552231892e+01,3.287212506278712709e+01,3.160978641749597529e+01,9.485320004505473435e+01,3.608058143546934105e+01,1.079257828746283252e+02,9.275091758091191707e+01,6.994092108878581371e+01,3.528324150563456101e+02,2.438070071405840267e+01,6.502607431144498662e+01,3.123893332596304617e+01,7.232273685050677159e+01,1.018910125763095067e+02,9.023143508573705063e+00,5.079471057894095765e+01,9.084042003216977079e+00,9.714119233865189074e+01,9.175572822953442653e+01,2.213841762295024580e+02,7.200038926406220696e+01,9.154447283093109888e+01,1.413836191891373595e+01,2.330674637049207547e+02,1.130658822712949387e+02,8.513804671203073937e+00,2.505515109258844859e+02,2.391449594660930345e+01,7.755975253520109902e+01,1.939353512319275978e+02,7.007973926771272488e+01,1.270572352188318916e+02,3.059717195348418386e+02
1.047496958855856093e+02,1.214880421333572258e+02,7.160821489898138736e+01,3.064017255871906542e+01,2.765595317332879688e+01,7.477311572695258235e+01,5.901279980707613504e+01,4.406008074688053711e+01,6.730640423621471768e+01,1.414067651262162144e+02,5.508969251730930949e+01,1.729043778678385763e+02,5.703256445719368628e+01,1.512116652200211604e+02,5.136227835080241277e+00,8.815010750051192190e+01,2.287699771679630700e+01,2.234697479469236896e+02,1.784362123188762439e+02,5.094063285154625476e+01,5.082701775446764714e+01,5.962377452548932411e+01,1.846148873727782131e+02,8.248609182717922295e+01,1.493452036755583094e+02,2.295974196312096467e+02,1.326311864869549879e+02,1.019415186307497834e+02,3.871064296575617192e+01,3.059465802058504664e+02,6.983450750557912556e+01,2.087808635460862661e+02,1.207500920061960272e+02,2.214522088217330520e+02,6.061896383640466013e+01,5.820353111838429783e+01,9.247772541988103612e+00,6.953150952620724468e+01,2.544732362801995862e+01,1.863881545825097064e+01,1.349770072655370541e+02,1.921575910811770171e+01,6.513205604380503644e+01,1.168353792476147817e+02,1.628028134970787733e+02,1.121321217244487123e+01,1.347663776442370853e+01,2.844546528629180102e+02,2.846509791213591143e+02,2.159665005083614915e+02,1.356387543341671176e+01,1.591758283441683091e+02,6.714957401587895447e+00,1.490732611351710375e+02,1.981883290803515649e+02,2.339282465588419768e+02,3.448394229015583079e+01,1.073132266359779550e+02,9.628089583290447706e+01,2.993703438557178629e+02,2.576977725218352475e+02,4.419553350873132445e+02,3.497142223095482283e+00,4.715109345786203789e+02,4.829559975534905902e+01,1.779496950057598497e+02,1.231557608286346124e+02,3.441826512464953680e+01,6.739011764692038753e+01,2.028650443430621237e+02,1.364328765548168576e+02,6.212850986778160944e+00,3.351317918727363576e+01,4.852605054747868074e+00,4.017610423840630318e+01,8.067626046403547946e+01,2.362860492434042570e+01,8.160188098829125991e+00,1.609323524332952786e+02,2.058107966639116881e+01,4.847183715107564694e+01,4.759998923172154406e+01,4.070361497230472025e+01,5.312432315892875749e+02,1.959655469125957694e+01,1.176056288219834443e+02,4.567064219073429143e+01,2.959963329595614709e+02,1.594351854203182484e+01,2.426076971056843661e+02,3.288369921480384050e+01,2.495453546050810090e+01,2.125223201771370896e+02,5.711538197368163594e+01,3.108350009471701583e+02,1.087253911192925813e+02,3.559238026135788004e+02,1.370050871217115152e+01,1.069481413993888594e+02,3.870354334481923502e+02
1.429394330852701671e+02,3.878067571821532766e+01,7.352321707758405012e+01,3.468445998274933686e+02,6.608886225328497233e+01,1.306491045799476325e+01,2.743093691600737571e+01,2.396675127016094393e+02,6.831183233638098784e+01,3.542657505269592377e+01,6.011503161150406527e+01,1.949423901936832806e+02,1.319142936036128049e+02,2.008695611423233984e+01,2.354678939038926089e+01,1.223429226803966401e+02,2.850666453154426563e+02,1.334136848262625108e+02,5.577656367738988763e+00,1.029799733569868607e+02,1.675654283076233639e+02,3.282165037566274464e+02,3.422840071169765963e+01,2.213392017649063064e+02,1.470518375040324770e+02,1.016766089094676317e+02,4.133680947750442414e+01,8.872700417054618072e+01,3.192166945206036743e+01,2.130963580312720751e+02,2.619693986486453241e+02,1.310300866572885603e+01,2.228562845603923961e+02,4.851411235928185874e+02,2.823788853168929691e+00,4.470609567329181573e+02,6.085318105468893179e+01,1.786628012206790288e+02,9.431881105750983707e+00,6.051082804073977428e+01,2.746111272210347352e+02,5.072916824674652503e+01,2.894965795173481524e+02,1.954950753367378979e+02,6.473373357546874729e+01,7.479679176715934830e+01,5.517858176141147624e+02,6.955190274602510714e-01,8.466655215579336868e+01,5.590485268754538311e+02,2.164184336778907891e+01,5.617860264214088062e+01,1.798381915860915399e+02,2.745948250711439300e+02,3.298119293043976086e+02,6.498184539284808636e+01,2.341311405309469151e+01,3.049998880139441439e+02,4.904837797468872509e+02,1.188807322905796582e+02,1.833756833987797563e+01,3.638189236405680305e+01,2.182381243171489587e+02,3.438352058702890304e+02,1.073945138521769138e+02,1.609598531016044660e+02,6.562334400546389190e+01,2.731567872075640935e+01,1.451957725839511397e+02,6.278135484735135385e+00,1.477849056282496143e+01,7.669482085109118330e+00,1.038968755586157044e+02,3.021212049459082891e+02,2.216510516702777807e+02,2.028746267507690160e+00,2.820119806077190674e+02,1.472618800483939765e+02,2.492109729733590768e+02,2.510835321593154390e+02,9.331088871558408471e+01,3.780935912906725207e+02,8.707141734714379311e+01,1.542811403968997297e+02,1.552123104502639173e+01,2.185412733498165210e+02,5.907523790189940627e+01,3.107038201775747552e+02,5.241581334054999530e+01,1.637699394873864094e+02,5.068196237676779958e+01,2.399757614499634713e+02,2.814337124735360476e+02,1.224754102354683560e+01,1.452048395759367168e+02,9.188444697960416363e+01,1.945407738330189034e+02,1.669344079466820858e+02,1.009427041817218651e+02,3.359396673880225421e+02
3.789186357095354083e+02,2.889706539572800637e+01,4.088161729060743710e+01,1.358113069733194607e+02,1.186867591385775569e+02,1.259864671579090754e+02,4.037226300111233712e+01,5.456457223799382916e+01,2.146727663314090933e+02,3.742897266589136507e+01,5.181830143435070823e+01,7.375183991072812262e+01,1.572972302674103560e+02,6.012248343450343668e+01,2.122865137546125709e+02,1.016721115884968043e+02,1.274875366870489124e+01,1.738212668716125791e+02,4.170980002300732394e+02,1.696892830565456123e+01,5.968345584663460102e+01,9.588279629791161085e+01,1.631309207146284379e+01,2.752274043582391414e+02,2.043789289161569229e+02,1.608716531719755949e+02,3.316416334558840049e+02,2.528869627637917006e+02,1.031013702293635816e+02,1.413072750286746100e+02,2.245373700447722740e+02,1.501058844634421234e+02,1.384296278811897274e+01,2.048002872045288143e+02,1.364670643813724666e+02,1.439383364831413985e+02,3.254755261107478148e-01,5.179541439857398899e+00,7.625976216918132877e+00,1.849536445188385869e+01,1.424815646317781273e+02,5.168755262384467386e+01,1.690566896334979390e+02,4.176261182030031449e+01,1.393483200741869439e+02,4.130359334840503038e+01,3.939381433479698558e+01,8.554665890186727495e+01,1.289106519991307493e+02,5.166357874642583425e+01,1.752074656430354196e+02,1.447512815783609312e+02,7.885658955084599597e+01,2.338417426925125753e+01,3.762324476977135532e+02,2.180968529170936563e+02,5.140180383503131907e+02,2.311278681910399939e+02,3.451512225837751089e+02,3.954842620013096735e+02,2.619539559917338920e+02,2.139635000697312535e+02,4.217879709061610782e+01,1.282789663882649904e+02,5.845622441970315109e+00,5.710831617160402374e+01,1.151144866995554423e+02,2.480158776667686880e+02,1.993455909119154512e+02,2.031315662673136728e+02,4.363806608685745800e+02,4.246041358708367142e+01,1.429926549663992148e+02,3.443321173672215423e+02,4.731820694026626306e+00,1.177595421628348618e+02,3.430765248152034275e+01,4.413565457928961422e+01,4.002212026141145174e+01,3.080298648516824755e+01,1.480420355673188908e+02,1.967816020072081074e+02,2.866585615728306493e+02,6.350183541124004449e+01,2.239687927358565389e+01,2.178744887047267298e+02,1.437340924818356029e+02,2.332708322718200407e+02,2.641153092378207745e+01,5.959219921329982839e+01,5.110797914458391489e+00,8.461243469850330712e+01,2.026184789915459703e+02,2.100971796486800258e+02,1.419806937897161276e+02,5.097068218941038964e+01,1.490608341646676820e+02,2.194951195792247134e+01,1.153476984084618948e+02,3.084970971819725492e+02
1.114562478034719391e+02,2.987977215026548379e+02,1.933305095573232109e+02,5.349850589349911978e+00,1.127299601635732813e+02,2.952996232308557296e+02,7.953186189110277837e+01,3.829135255315612341e+01,9.139023721366038444e+01,1.224174266663220720e+02,2.594025184366852841e+02,2.056949130748588743e+02,1.036702830248214013e+02,3.079929577357951871e+02,4.569684305483961140e+01,4.793443592585261648e+00,2.474297043686084692e+02,1.793361601707809427e+02,4.038650343144630561e+00,1.553268374422968350e+02,3.928701517840938209e+02,3.278405999232052750e+02,9.468949400278445694e+01,4.512265010884448202e+02,3.035178465275834583e+02,9.848694378690125006e+01,5.764076205517609708e+01,1.564719854371192866e+02,1.444342837907686601e+02,4.126766142616629054e+02,6.487940763272129630e+01,1.318221552800877987e+02,5.347319666910175329e+01,8.686792248141921391e+01,1.321712815427627845e+02,9.992531296407501884e+01,1.611331952185241079e+01,1.772572133863025101e+02,1.753186497042753256e-01,2.703710531437547502e+02,1.180891375364518723e+02,1.094735082107237503e+02,2.167807595941073942e+02,8.544522140141170041e+01,3.825082870558019721e+01,1.942835771781870164e+02,3.350152528858118899e+02,2.546526179512344186e+02,3.888506051452739598e+01,1.420096738676564314e+02,3.663608140483177777e+01,1.385821396326768991e+02,4.437946689490914309e+01,1.303615977092713081e+02,2.738965209281843727e+02,1.249587801000236880e+02,5.426576267935601550e+01,4.642651304856961758e+01,4.675979899313414876e+02,4.262217895806863055e+01,7.213490014972522602e+01,4.321954118332321571e+01,6.012765415794043378e+01,3.164235629250607928e+01,1.306952808217248503e+02,1.711504660419382162e+02,2.790909509739403802e+02,2.211152289305193221e+02,8.588362336692848942e+01,1.609817289238949911e+02,6.248957835311983189e+01,5.967684202538081450e+01,1.587877085371669921e+02,3.632024825133034938e+02,5.180675708497794858e+02,4.478658529465285483e+02,5.494957179339560298e+02,2.146511304202851704e+02,3.782191372479502434e+02,2.376645312119046594e+01,1.111008383039479668e+02,1.212988892123510851e+02,2.962220408297775407e+02,2.058466507276383766e+02,5.655844076495585959e+00,6.941520755202635655e+02,4.730072223775271567e+01,2.958189848819728596e+01,1.614181207632225323e+02,3.385406130891120569e+01,1.963430810545562792e+02,3.600924395851952227e+02,5.101651088086810226e+00,8.405617867222873940e+01,6.478653223037424880e+01,2.202644151289338836e+01,7.856206629559396504e+01,2.305741819415380007e+02,1.055149877206497848e+02,8.490961553054409805e+00
2.606543808617486491e+01,1.150731944577523933e+02,2.624861308718548969e+01,1.524450725022510085e+02,3.760938667975698877e+02,1.064471772016220719e+01,8.974549367504609165e+01,7.076218412242623401e+01,1.737353948463783411e+02,7.939397474008374900e+01,5.164958461327928241e+00,7.356683880328178304e+01,2.246520974960659700e+01,6.761255258490196240e+01,1.946303113743402946e+01,1.891971808778817206e+02,1.788562194352910950e+01,8.096212944026420644e+01,2.137060750411123706e+02,4.673580648966818529e+01,3.892948739948689649e+02,8.331962136678750142e+01,3.297509565060191505e+01,8.631382869336265173e+01,6.017627256005382463e+01,3.587054593978814410e+02,8.353192795506033974e+01,1.131979744405401789e+02,1.241933876933930350e+02,2.595461132903952972e+01,2.760863103523365680e+01,2.255211186900542586e+01,7.365153655500714081e+01,7.845725821896819241e+01,9.429265957279233135e+01,1.110758852254390376e+02,2.550213561003944562e+01,1.581577413738426969e+02,6.004747189184567446e+01,1.261318501735660078e+02,6.477392718263685367e+01,2.123664909985868405e+02,1.061263341411022481e+02,9.332656574120746029e+01,2.005628648607814739e+02,1.154093725481813095e+02,1.542712905141866315e+02,1.429766862870738180e+02,7.951779940719306827e-01,1.018248820824245904e+01,9.526788440107567624e+01,3.578233338768065863e+01,1.371270843108416670e+02,9.321906885311568658e+01,1.468774948274503878e+01,5.878813337516242576e+00,2.211549897981506163e+01,2.344410718422916489e+02,3.363982079295977314e+02,9.296214557564697500e+00,6.192420194871785100e+01,4.922855990137831128e+01,3.973139324632933267e+02,3.600842929744753462e+01,1.205800863366600879e+02,7.325570893051755661e+01,4.042744995528160956e+01,2.670820181727540330e+02,2.007516997649275936e+02,1.604814149168128168e+01,2.629110594662415110e+02,4.688580694490007517e+01,1.859639201519723599e+02,1.172854772274857282e+01,1.746272186861118598e+02,3.290274779395058857e+01,7.968181666919905126e+01,1.046039360721738944e+02,7.915489020988906077e+01,1.720003039211649991e+02,5.603925571911055670e+01,4.830273871354462045e+01,4.558723601238669154e+00,6.724465054700247890e+01,1.546013601215782103e+02,4.196979437327094331e+01,5.834614474471094354e+02,1.413802121481812151e+02,6.236468402763358654e+01,4.178610554375251951e+01,3.537923595549968923e+02,5.842737645932623991e+01,9.646832906748259973e+01,2.160341032206791212e+01,1.213779291532249545e+02,1.103565732218404776e+02,8.440187631338267238e+01,1.120970516449350498e+02,1.546565047174077989e+01,3.468288983754941341e+02
1.328705896221763112e+02,1.479491250677441201e+02,1.155878101346130080e+02,2.834085872034997919e+02,1.339748114722361265e+02,1.740225682181904787e+01,2.427374969732017576e+02,8.548994277986962231e+01,8.435840536015588498e+01,4.795061679619664119e+00,2.118845674027602755e+01,5.999796293711889916e+01,1.960524859187432583e+02,3.175650643627587897e+02,2.362613830734904923e+02,2.117720040470630067e+02,2.667042958188412172e+01,9.212078613541602579e+01,5.166545353246047512e+01,2.303512540205097636e+01,2.370819012216148280e+02,4.804654771759516052e+01,1.608311728458643302e+02,2.359818976325890389e+02,1.727888815291476732e+01,2.682320845437820367e+02,5.083082291951814113e+01,7.793256620696270431e+01,4.404639569127402297e+02,3.045655669386717932e+02,9.702375813013175332e+01,3.604157059760560173e+02,8.923013778605410096e+01,9.645123043585351752e+01,2.646276990987215640e+02,2.809378873584943790e+02,4.385394261661273418e+01,2.104683270667049655e+01,1.063221142964971335e+02,4.918775437788915497e+02,9.909836305660297739e+01,1.804445628251584424e+02,1.295370491182465571e+02,1.413083593825506341e+02,3.627115846545200384e+02,5.449546349997484640e+01,2.280725874984869961e+02,1.695665283342625855e+02,2.620635993613578574e+00,5.760599764966543468e+00,7.035720094319106011e+02,1.410687353493882483e+02,1.641194793650655015e+02,2.640228805286437819e+02,7.064459179964708824e+01,6.118608389490454869e+01,5.466431931315703707e+01,8.525009508389335622e+01,2.263297210868733771e+02,9.523959233375959954e+00,1.852203351662271587e+02,9.190180478249104112e+01,2.551858363421840465e+02,1.046217344130453313e+02,1.730900981336019413e+02,2.972010266970477801e+02,3.992667265166311950e+02,5.120059591367833463e+01,1.941017041688172924e+02,2.311099218049565991e+02,5.383041880429282600e+01,1.613805941102472445e+02,1.153733132226415421e+02,1.342752570572893989e+00,8.372760430795185727e+00,3.423709802011482850e+01,3.138304569461030837e+02,1.782927539855940893e+02,1.051362437753130479e+02,1.897240894278829160e+02,3.181141411126777641e+01,6.198392957822963467e+01,8.997541819411706854e+01,2.627596647264255569e+00,8.348312956553102993e+01,1.069810963327550581e+02,4.384081299135369250e+02,1.465708779846124621e+01,2.175987653302221077e+02,5.329989552907283823e+00,3.564892592415325794e+02,1.673554379013589255e+02,1.641291415176363273e+02,9.946473303394958521e+01,1.460301740816561562e+02,6.881178534150323856e+01,9.623317037408158114e+01,2.161286627913878249e+02,1.224546615705156682e+02,5.328237892156608524e+01
1.484097395436124316e+02,2.966384680002729013e+01,7.069016263422405189e+01,3.504743431206427999e+02,2.341378766479003204e+01,1.059428231309491366e+02,6.473515008330140574e+01,2.337202295860129198e+02,3.122546779025493038e+02,7.335269811805432028e+01,1.402025643138092619e+02,2.099671445446722089e+02,6.796465617616421184e+01,7.506029009918988493e+01,4.519380373036824494e+01,2.336404893593758061e+02,1.098157812472075676e+02,5.422245641782214420e+01,1.689725933768936841e+02,4.058903903629475707e+01,2.021694348726442740e+02,4.542896703722562535e+01,2.707904927437152196e+02,4.652645038799076360e+01,1.483121368343290953e+02,4.871818776293073228e+01,7.784061548496326566e+01,9.598892179452647611e+01,8.822900370222845368e+01,8.584627509903057785e+00,5.829659225736420325e+01,4.175453053683903448e+01,4.796435018962770300e+02,9.029052005033628348e+01,4.515107394290921405e+01,5.754531456906052256e+01,1.070078129698908356e+02,1.833933383433247002e+02,1.017734487739218707e+02,3.120900652793903163e+01,9.769620193739199010e+01,2.269933178606217439e+02,1.189794833500643279e+02,5.019400574258875025e+01,1.392115006557434072e+02,1.108403200756179956e+02,2.768008380594264040e+01,3.544481122138471960e+02,5.817804229211209304e+02,3.142580317078052943e+01,3.383694547049025658e+01,8.747497856573257025e+01,2.585082018613343848e+02,3.238034226932376782e+02,2.949736338179985182e+02,2.768289437958881081e+02,3.716221888653770833e+01,4.928889453818925404e+01,2.513034749398063994e+01,5.301996896120754599e+01,1.227035550116289500e+02,5.302680685945785655e+01,1.152945368562818516e+02,1.002156603114348883e+02,1.644700973988164776e+02,6.296802913417693048e+00,4.587832206681682123e+00,1.538374689971823557e+02,1.329471223185783231e+02,4.381210670657680595e+01,1.882012075746724244e+00,7.575709727647748082e+01,1.335441152864552521e+02,8.086077913500184877e+01,3.129010499210977159e+01,1.399736211545382787e+02,2.324466475140116586e+02,5.317482876761594213e+01,5.847841393724073811e+01,1.585026622246147383e+02,4.102773880674320139e+01,4.822129178872408772e+01,1.393523394743793915e+02,1.424155254438886686e+02,1.047010555580329907e+02,5.127767274429152700e+00,1.135326489393705032e+02,1.445842463606377066e+02,5.061671856441239292e+00,6.702672845717943062e+01,3.455203190824204853e+02,2.902356063220623241e+02,1.211852961128931554e+02,7.162331692418301543e+01,2.672108853780560480e+02,4.870371746354715725e+01,1.197320511800303819e+02,1.187996257956425872e+01,2.457074496325531925e+02,1.769538259730111633e+02
3.420912937500389148e+02,4.273186985603026642e+02,4.234622441729253062e+00,2.396415424202339466e+02,2.101745607146841905e+02,2.363461540542536810e+01,3.145324624804182463e+02,2.860500159904722750e+02,2.905237663678283297e+02,4.887159625727292678e+02,2.524141527269341623e+02,1.148440202713729406e+02,1.439854054523826505e+02,1.888861991507277196e+02,2.575248186188181307e+02,1.177884515418306108e+02,4.824786617016291075e+02,3.011447375075653667e+02,4.365081867038930454e+02,4.068646595433691715e+01,2.724291872807438040e+02,1.179361254702290296e+01,1.027271261802842020e+02,2.988248342030872209e+02,3.463505085089573186e+02,2.722379745297101294e+02,3.934713394802693074e+02,2.375378374916476503e+02,1.560739123680772593e+02,5.698074000034615665e+02,3.695474351390352581e+02,2.049640857743770823e+02,4.475428732859784873e+02,2.899105910488301561e+02,5.412329453313917327e+01,8.372291348156578294e+01,1.656417442828143010e+02,4.451526782381745306e+01,3.715172611383277399e+02,2.279906863238957726e+02,6.034921843062279549e+02,4.852317240684621993e+02,3.134957212421670079e+02,3.515470754946210263e+02,3.544892696720027629e+02,9.929565332142425405e+01,1.998113038279922478e+02,5.639544742964999386e+02,4.795913115947491292e+02,1.889905657001175712e+02,7.712275320583024723e+02,1.822357077479680072e+02,3.932326790745955805e+02,2.283610074705501063e+02,2.069950713887898246e+02,5.285283646994130891e+01,2.095746912835377600e+02,1.622878304098593674e+02,1.662475067510300448e+02,2.469986501634588478e+02,5.004000752977221964e+02,6.468173989652940463e+02,1.630695887258816583e+02,3.598564870534394231e+02,2.519408867832072474e+02,1.204271790850651236e+01,1.329145486898852653e+02,5.488204412249913133e+01,2.419148725913064197e+02,5.537556660075835424e+01,2.619200926823281748e+02,2.240907499757850303e+02,8.155842339989789025e+00,1.434050047561169094e+02,2.014137741280167120e+02,2.305303751674606190e+02,4.543886818628011071e+01,2.471707212124323689e+02,8.380370416181619930e+01,4.813697467202815119e+02,1.747853358019126233e+02,5.409419696146563865e+02,7.576327881844063938e+01,1.775628257948860380e+02,1.053430842726950800e+02,5.875723506675400358e+02,4.845942496618982887e+02,1.053865849599520175e+02,4.175999311777559910e+02,3.428228756432496738e+01,3.265710963715440585e+02,5.512516012959123373e+02,6.132475778076842516e+02,1.050301569850394259e+02,4.289858711470969297e+02,3.194139611326027648e+02,6.543799721238302425e+01,4.440623112720488166e+02,1.516074509449646541e+02,2.807970336815292853e+02
